| Run on Sun Jul 19 06:20:51 2026
| GB non-polar solvation energies calculated with gbsa=2
idecomp = 1: Per-residue decomp adding 1-4 interactions to Internal.
Energy Decomposition Analysis (All units kcal/mol): Generalized Born solvent
DELTAS:
Total Energy Decomposition:
Residue,Location,Internal,,,van der Waals,,,Electrostatic,,,Polar Solvation,,,Non-Polar Solv.,,,TOTAL,,
,,Avg.,Std. Dev.,Std. Err. of Mean,Avg.,Std. Dev.,Std. Err. of Mean,Avg.,Std. Dev.,Std. Err. of Mean,Avg.,Std. Dev.,Std. Err. of Mean,Avg.,Std. Dev.,Std. Err. of Mean
TYR 509,R TYR 509,0.0,0.0,0.0,-0.1602686567164179,0.052988194148235426,0.003737499043472209,0.2888955223880593,0.23031115450711176,0.01624489631149235,-0.23535820895522389,0.25530916005645476,0.018008119673436154,-0.0032798328358208946,0.005938377700630009,0.000418860867645184,-0.11001117611940332,0.061609050118463564,0.0043455673398270925
TRP 591,R TRP 591,0.0,0.0,0.0,-1.8222587064676616,0.47430448974404993,0.03345485924230151,-0.3646318407960204,0.3910987886311467,0.027585981592858792,1.1399601990049755,0.4858144194619731,0.034266707088839284,-0.3171729313432836,0.07724768802785996,0.005448631808566375,-1.3641032796019916,0.4761657015099576,0.03358613899822825
SER 592,R SER 592,0.0,0.0,0.0,-2.0691990049751245,0.6795578897865504,0.047932317828306384,-2.2596218905472636,1.2067020251210543,0.08511419830668278,2.8158258706467643,0.6052680788633394,0.042692318584541276,-0.40798914626865695,0.042384397042863474,0.002989564863499389,-1.920984171144279,0.9076118698569935,0.0640180053304855
TYR 593,R TYR 593,0.0,0.0,0.0,-1.9322437810945283,0.24206441162786788,0.01707390714971077,0.6387213930348252,0.2668276727689112,0.018820572917730417,-0.6267512437810944,0.28744831732899273,0.020275041041393615,-0.11647894925373126,0.0342779173823801,0.002417777874642504,-2.036752581094528,0.2936621974925406,0.020713334354476535
ASP 670,R ASP 670,0.0,0.0,0.0,-0.29688059701492536,0.037934686888061044,0.002675706508546251,10.26846766169154,1.6223112160711037,0.11442901038139841,-9.182059701492532,1.5946701608197706,0.1124793606674751,-0.006400620895522386,0.006388800919251749,0.0004506312718987604,0.783126742288558,0.27661338075493197,0.01951080354033164
HIE 702,R HIE 702,0.0,0.0,0.0,-0.8640796019900506,0.5517148604087626,0.03891496579933593,-5.008557213930347,3.164764405017202,0.22322526983042285,4.0840099502487535,1.813391775442998,0.12790679386427584,-0.17738697313432836,0.037281649541574376,0.0026296448056126204,-1.966013838805969,1.1119119751945623,0.0784282236924159
HIE 729,L HIE   1,0.0,0.0,0.0,-6.370681592039808,1.2085673184779115,0.08524576595583772,-177.8741144278607,5.278980249958716,0.37235055755125074,188.86786069651743,5.021313434494209,0.3541761416872371,-1.5677126686567162,0.04448955772125727,0.0031380514490176865,3.0553520079602032,2.3029867646294906,0.16244016178117887
ALA 730,L ALA   2,0.0,0.0,0.0,-2.6087711442786055,0.7065657095089745,0.0498373025518175,-7.260716417910448,1.2735475364278301,0.08982911714068885,5.312313432835817,1.0512330340175136,0.07414826117899859,-0.5236256238805969,0.050953824304717274,0.003594005658456162,-5.080799753233829,0.7988868359486763,0.0563491327303546
GLU 731,L GLU   3,0.0,0.0,0.0,-3.8185124378109463,1.1435278359256609,0.08065823456824353,110.11078606965178,6.812612312204982,0.48052462269580926,-109.13312935323383,5.836208077132687,0.4116543780444081,-0.8955669134328357,0.060699986283679834,0.0042814469207870616,-3.7364226348258716,1.6785587540408489,0.1183964058123784
GLY 732,L GLY   4,0.0,0.0,0.0,-3.0728258706467653,0.6238801825004404,0.04400511515477478,-1.8809154228855722,0.9088632273235849,0.06410626928077873,1.377502487562189,0.7740123292394683,0.054594620304956085,-0.4697369552238804,0.022896054413087973,0.0016149631600731512,-4.04597576119403,0.7817564896747359,0.05514085126610825
THR 733,L THR   5,0.0,0.0,0.0,-5.2506069651741285,0.8821681734905458,0.062223345362154375,-7.737815920398014,1.7776932481512602,0.12538881389249226,9.974064676616916,1.4192880146234588,0.10010885787553107,-0.5600832358208956,0.03793668865523257,0.002675847702316092,-3.57444144477612,1.0888876639997234,0.07680421399647153
PHE 734,L PHE   6,0.0,0.0,0.0,-9.681597014925373,0.6526272368204407,0.0460327760281209,-3.5539601990049756,1.0783209992949014,0.07605889893409214,7.713139303482581,0.7059757232994229,0.049795688133185086,-1.4536798567164173,0.040075733724991916,0.002826724308523962,-6.976097767164175,0.9547220223947638,0.06734089928598011
THR 735,L THR   7,0.0,0.0,0.0,-5.908139303482585,0.42980147042287875,0.030315858285235652,-2.554537313432836,0.6636851961980818,0.046812744344857056,6.298825870646766,0.7216214705740063,0.05089925405788098,-0.5507729194029849,0.028707889738363232,0.0020248984167506546,-2.7146236656716427,0.6537911512009853,0.04611487221867609
SER 736,L SER   8,0.0,0.0,0.0,-3.2157064676616924,0.6261197637951401,0.04416308303953232,-4.595308457711447,1.3479128750717337,0.09507444369912059,7.629577114427867,1.251062440139545,0.0882431407317788,-0.6144732895522392,0.03447978415416697,0.002432016458889244,-0.7959111004975123,0.8628493452614899,0.06086070028266539
ASP 737,L ASP   9,0.0,0.0,0.0,-4.879940298507462,1.0136579277279416,0.07149791753032154,58.77031840796018,5.165216051032472,0.36432624965582155,-52.35181592039798,4.554554221891531,0.3212534852601461,-0.765940513432836,0.04341329303513126,0.0030621375912314452,0.7726216756218914,1.4774191955705644,0.10420911523810346
VAL 738,L VAL  10,0.0,0.0,0.0,-3.993094527363182,0.5314006705458943,0.03748211332338659,-1.0351542288557218,0.5784937390017336,0.0408038022606521,2.689930348258707,0.5599709526265166,0.039497305644327636,-0.5683450029850744,0.05415865149675693,0.003820056739405121,-2.906663410945272,0.5829558199905519,0.041118533186958996
SER 739,L SER  11,0.0,0.0,0.0,-2.570258706467663,0.5922591478779238,0.041774739340784274,-2.1651343283582087,1.575350977829677,0.11111669056507185,3.6535223880597023,0.644696867135086,0.04547341087915061,-0.2593080716417911,0.02836480576900962,0.0020006991393851613,-1.3411787184079582,1.1332429945236224,0.07993279778897065
SER 740,L SER  12,0.0,0.0,0.0,-1.6676119402985083,0.3600220400338866,0.025393996755037066,-0.30166666666666614,1.4037416926326431,0.09901230486963629,2.052477611940299,0.7712828950684311,0.05440210086232451,-0.14037585671641786,0.03320690683974726,0.0023422346155640627,-0.05717685174129313,0.8926808540842696,0.06296485267892486
TYR 741,L TYR  13,0.0,0.0,0.0,-6.597388059701493,1.1134953387015911,0.07853990554321523,-7.828298507462687,1.722708618867434,0.12151049717199655,8.8682039800995,0.994672261923962,0.0701587719164222,-0.998002137313433,0.09077321502859077,0.006402648925780632,-6.5554847243781085,1.6686752714372122,0.1176992786999894
LEU 742,L LEU  14,0.0,0.0,0.0,-7.60716417910448,0.7245185795065415,0.051103600366303834,1.1902487562189048,1.0280370455270889,0.07251214230027583,1.7680398009950242,0.8274752575747921,0.058365604516184395,-1.1433186626865675,0.03751368887440127,0.0026460115982242407,-5.792194284577118,0.8287466717531344,0.05845528315784782
GLU 743,L GLU  15,0.0,0.0,0.0,-6.197567164179103,0.7555858237363074,0.05329491481773121,90.8463830845771,12.732438690700722,0.8980769809674145,-79.12701492537309,10.934584287347162,0.7712661088316636,-1.0681932895522388,0.062130609766484476,0.004382355320941124,4.453607705472637,1.8393258629384082,0.12973604335589392
GLY 744,L GLY  16,0.0,0.0,0.0,-2.226527363184079,0.3507052602963342,0.024736841780856784,0.017945273631840723,0.7537161744528837,0.053163039925205595,2.5339850746268655,0.6804537444122815,0.047995506541576985,-0.2625109970149253,0.051313296986776565,0.003619360906487307,0.06289198805970125,0.5604019737488541,0.039527707530225956
GLN 745,L GLN  17,0.0,0.0,0.0,-3.660199004975125,0.692807454746436,0.04886687008395529,-2.654562189054728,2.3256622888874934,0.16403956994344662,5.6727810945273625,2.0946923263644575,0.1477482048973818,-0.6785923343283582,0.13576895320875457,0.00957640359155062,-1.3205724338308478,0.8632951730889312,0.06089214655301674
ALA 746,L ALA  18,0.0,0.0,0.0,-2.502437810945274,0.43127918877431803,0.0304200885013018,-2.223412935323384,0.5308284557038281,0.037441752400368525,3.2124825870646765,0.6965412853051842,0.049130234185452475,-0.2049594985074628,0.046317369135779836,0.0032669753258026657,-1.7183276577114412,0.4998364101033021,0.03525574205128645
ALA 747,L ALA  19,0.0,0.0,0.0,-2.160572139303483,0.3885164998639904,0.02740384098677933,-3.041925373134328,0.5617065498658297,0.039619725234692205,3.3031940298507436,0.49236878663653255,0.03472901650396958,-0.37628955223880606,0.03516662302462963,0.002480462337497455,-2.2755930348258686,0.4326481485325498,0.030516647477677364
LYS 748,L LYS  20,0.0,0.0,0.0,-1.3040746268656718,0.4057885381752569,0.028622116636758687,-74.41736815920393,7.570198756815884,0.5339606504298294,76.2777064676617,7.641981817429238,0.5390238371394837,-0.1957170985074627,0.08288100781682356,0.005845975550153871,0.3605465830845775,0.7459581466062017,0.05261583083226899
GLU 749,L GLU  21,0.0,0.0,0.0,-1.985164179104477,0.9606132876803807,0.0677564371000871,45.87384577114426,15.903768976966802,1.1217653723531518,-44.64824378109452,15.054872260876788,1.0618888146520666,-0.4597159522388061,0.2052334314343751,0.014476050108985271,-1.2192781412935307,1.8058052634133945,0.1273716825643019
PHE 750,L PHE  22,0.0,0.0,0.0,241.20867164179108,8.18726300323917,0.577485006521605,-4.061417910447761,0.7163556709075471,0.05052783318700832,4.985248756218907,0.7471577239703081,0.05270044249573455,-0.9736728358208956,0.045769351247718595,0.0032283211243270575,241.15882965174123,8.182526560231581,0.5771509235905883
ILE 751,L ILE  23,0.0,0.0,0.0,-0.4855174129353232,0.14662990588137192,0.010342476126718458,-2.1394626865671653,0.3695876414696618,0.02606870225861454,2.201034825870646,0.3464207658987374,0.024434636846905222,-0.051797802985074616,0.04942385592289572,0.0034860900094041514,-0.4757430766169167,0.19884433093906323,0.014025397706620448
ALA 752,L ALA  24,0.0,0.0,0.0,-0.12099004975124385,0.061585760295232175,0.004343924602356055,-0.5835024875621885,0.4920802539850294,0.034708664979892605,0.7176119402985076,0.44678698014666157,0.03151392376691503,-0.006115343283582088,0.022351539264656245,0.0015765560228016599,0.007004059701492708,0.05797588884725085,0.0040893039023913785
TRP 753,L TRP  25,0.0,0.0,0.0,-1.802218905472637,0.3372057727485138,0.0237846613450375,-2.2183880597014927,1.6224014197548646,0.11443537285868592,2.169432835820893,1.2435731845731792,0.08771488937380074,-0.22578479999999979,0.040903238270521114,0.00288509197885317,-2.0769589293532342,0.6256544436639978,0.04413026188808512
LEU 754,L LEU  26,0.0,0.0,0.0,-0.2646616915422886,0.13224846574409094,0.009328087551662055,-1.3097213930348266,0.28625231883750135,0.02019068181213892,1.357074626865672,0.28422394891581115,0.02004761162897856,-0.0019223283582089571,0.006055024960220836,0.000427088530960615,-0.21923078606965146,0.1339162312844333,0.00944572266287811
VAL 755,L VAL  27,0.0,0.0,0.0,-0.03374129353233828,0.005039420356623824,0.00035545330550131884,-0.7327412935323391,0.24191814893142063,0.0170635905745405,0.7866815920398008,0.23773338490410476,0.016768420078533495,0.0,0.0,0.0,0.02019900497512409,0.010895258862302984,0.0007684923072169949
LYS 756,L LYS  28,0.0,0.0,0.0,-0.05676119402985077,0.03719429537609955,0.002623483317848155,-43.57694527363182,5.023367564052391,0.354321028815064,43.894542288557226,4.879613850786699,0.34418142367352905,-0.004718328358208954,0.022446893429064144,0.001583281786983557,0.2561174925373124,0.2870662581963515,0.020248092667972895
GLY 757,L GLY  29,0.0,0.0,0.0,-0.010716417910447758,0.004323277168664102,0.0003049404597058798,-0.44318407960198997,0.17541521727891463,0.012372835446256586,0.4710547263681592,0.1765840658961269,0.012455279671031893,0.0,0.0,0.0,0.017154228855721213,0.008936542150034546,0.0006303350826462439
ARG 758,L ARG  30,0.0,0.0,0.0,-0.020800995024875674,0.011982582675164031,0.0008451862156590144,-46.98499004975126,4.0066030660965115,0.2826039907156792,47.06654726368156,3.999041222034604,0.28207061935999195,0.0,0.0,0.0,0.06075621890547117,0.04264343981010012,0.0030078363315184133
GLY 759,L GLY  31,0.0,0.0,0.0,-0.003253731343283581,0.0014248325405533048,0.0001004999385811942,40.80476616915422,2.482858633727476,0.17512734520963444,-40.77281592039801,2.4670065049506453,0.17400922225615809,0.0,0.0,0.0,0.028696517412935114,0.019548445696912237,0.0013788410469166928

Sidechain Energy Decomposition:
Residue,Location,Internal,,,van der Waals,,,Electrostatic,,,Polar Solvation,,,Non-Polar Solv.,,,TOTAL,,
,,Avg.,Std. Dev.,Std. Err. of Mean,Avg.,Std. Dev.,Std. Err. of Mean,Avg.,Std. Dev.,Std. Err. of Mean,Avg.,Std. Dev.,Std. Err. of Mean,Avg.,Std. Dev.,Std. Err. of Mean
TYR 509,R TYR 509,0.0,0.0,0.0,-0.1383283582089552,0.05023974009058155,0.003543638041476715,-0.26461691542288557,0.20564783575492457,0.014505279936054513,0.21636318407960184,0.24310745824949165,0.017147477985880615,-0.003279725373134328,0.005938396683244156,0.00041886220657555065,-0.18986181492537307,0.0705711607473101,0.004977705883916757
TRP 591,R TRP 591,0.0,0.0,0.0,-1.6326119402985055,0.4663312070656522,0.032892467244180594,-0.8065124378109453,0.34271394319494314,0.024173177732616583,0.6499701492537311,0.3910555165438546,0.02758292941515274,-0.3166781731343284,0.07715230022918439,0.0054419036720061535,-2.105832401990051,0.5045747168282868,0.03558995643879258
SER 592,R SER 592,0.0,0.0,0.0,-0.7937960199004981,0.640946426447794,0.0452088751895187,-3.8078407960199017,0.9450339458102484,0.06665755505148108,2.8873731343283593,0.3573299895996504,0.025204114157891193,-0.15733758805970155,0.03808167792552868,0.0026860744569310816,-1.871601269651741,0.5066609950880212,0.03573711116118906
TYR 593,R TYR 593,0.0,0.0,0.0,-1.4409402985074633,0.19674249255315618,0.013877145457546163,-0.10964179104477614,0.1483944958976328,0.010466940709894203,0.246676616915423,0.14504406570253006,0.010230619584958606,-0.08504772537313439,0.031122246978558983,0.0021951940461995083,-1.3889531980099499,0.2361323074863069,0.016655488784804103
ASP 670,R ASP 670,0.0,0.0,0.0,-0.2623980099502487,0.035261366623250016,0.0024871450356892103,8.817208955223878,1.5397082059022862,0.10860264327346855,-7.624930348258711,1.5180356038812386,0.10707397579148914,-0.006400907462686567,0.0063888942940146945,0.0004506378580467279,0.9234796895522386,0.30352055763894314,0.021408689465358552
HIE 702,R HIE 702,0.0,0.0,0.0,-0.744616915422885,0.5071069023984369,0.03576856303783716,-4.573199004975127,3.098722638483114,0.21856704278158526,3.4331592039800984,1.7999878591429643,0.1269613545045194,-0.17242717611940292,0.0396692025636722,0.0027980498112892853,-2.057083892537312,1.1140657004496197,0.07858013575905777
HIE 729,L HIE   1,0.0,0.0,0.0,-6.471815920398013,0.5370651784612688,0.03788165690579716,-11.74300995024876,1.666205818843128,0.1175250969439086,17.282970149253718,1.3675024549461552,0.09645618612721409,-1.0205151044776117,0.028514656987126116,0.0020112688293581153,-1.9523708258706465,0.9415454802939687,0.0664114976656829
ALA 730,L ALA   2,0.0,0.0,0.0,-1.5928457711442787,0.19064147041845517,0.0134468125360494,-3.813014925373134,0.19740411054943144,0.013923812392850753,3.8321492537313424,0.18971111217200418,0.01338119012501819,-0.35008244776119396,0.04236967635766485,0.0029885265464226606,-1.9237938905472625,0.21907153878269936,0.015452114943977387
GLU 731,L GLU   3,0.0,0.0,0.0,-1.9364328358208946,1.0855989917377922,0.07657224894027663,88.99822388059698,6.554062841929106,0.462287949161644,-90.79202487562188,5.520018809397272,0.3893521066665365,-0.7470077731343278,0.056858489744336674,0.004010488646550895,-4.477241603980103,1.67348166825386,0.11803829579225933
GLY 732,L GLY   4,0.0,0.0,0.0,-0.9242636815920394,0.13052059986619632,0.009206213289485593,2.6687064676616914,0.11636654392579945,0.008207863159067965,-2.903402985074627,0.11329739754115141,0.007991382264383987,-0.018338686567164156,0.0067839401936276,0.00047850224738221574,-1.1772988855721396,0.13792177781871684,0.009728252131585558
THR 733,L THR   5,0.0,0.0,0.0,-2.9688009950248757,0.8583618554111546,0.06054417715345099,-5.6546766169154195,1.7157166786197737,0.1210173237319933,6.398527363184085,1.1071750707593009,0.07809410821480062,-0.4689120716417907,0.036846081797304774,0.002598922225729622,-2.693862320398009,1.1018204953459163,0.07771642558553911
PHE 734,L PHE   6,0.0,0.0,0.0,-7.433865671641788,0.6015150414910817,0.04242759973887373,-1.1556268656716422,0.37577582111672064,0.026505182797034378,3.6540945273631826,0.3268421135410587,0.023053665186414395,-1.2572261731343275,0.03208962847546296,0.0022634278759699035,-6.192624183084577,0.716452512901069,0.050534663894564485
THR 735,L THR   7,0.0,0.0,0.0,-4.030825870646765,0.3882370339813087,0.027384128983266174,-2.6444577114427865,0.530403431786106,0.0374117735246685,4.632850746268654,0.4531376270699984,0.03196186386343918,-0.5189085134328357,0.026490087417924486,0.001868466702394405,-2.5613413492537314,0.4869967655667121,0.0343501033529798
SER 736,L SER   8,0.0,0.0,0.0,-2.073462686567163,0.526443289600054,0.03713244663175765,-4.74490049751244,1.2142944351243146,0.08564972561764284,7.420109452736315,1.0854333467372443,0.07656056524278411,-0.5392781014925371,0.032817863850035565,0.0023147936388466963,0.062468167164178946,0.6103114549304046,0.04304805090434434
ASP 737,L ASP   9,0.0,0.0,0.0,-3.562348258706468,0.9547182534090856,0.06734063344222767,44.77613432835822,4.689326832940147,0.33075961229424183,-38.528616915422894,3.9796169491800244,0.28070053679007,-0.7113443462686562,0.03675350133536747,0.0025923921034354583,1.973824807960199,1.3480050162953532,0.09508094283993257
VAL 738,L VAL  10,0.0,0.0,0.0,-2.9272686567164206,0.4849878774324063,0.0342084073091515,-1.4856666666666676,0.14920133425213222,0.010523850699499477,1.668756218905472,0.11781520766795484,0.008310044021006225,-0.5548803940298509,0.05551488527352439,0.003915718094257349,-3.2990594985074617,0.49702491446478037,0.03505743443902276
SER 739,L SER  11,0.0,0.0,0.0,-1.5489800995024874,0.5748089101484599,0.040543894472967516,-4.318368159203975,1.569755500745431,0.11072201604207083,5.112925373134328,0.42076776473937777,0.02967866981535422,-0.25182419104477627,0.02499466136271639,0.0017629874812062302,-1.0062470766169154,1.1817645641362433,0.08335524542905465
SER 740,L SER  12,0.0,0.0,0.0,-0.989179104477612,0.3569472524840528,0.02517711796323988,-2.6834129353233838,1.2233173573719924,0.0862861534826061,3.5476318407960226,0.5492101282353462,0.038738295613594,-0.13861497313432827,0.03232325003455428,0.002279906270217415,-0.2635751721393035,0.8422800986832599,0.05940985749311849
TYR 741,L TYR  13,0.0,0.0,0.0,-4.948830845771142,1.065622071490432,0.0751631856287934,-5.5802935323383025,1.165410122933053,0.08220169208880589,5.7482736318407985,0.658630978562045,0.046456247319739685,-0.8803648835820899,0.09229133602279051,0.006509728924540801,-5.661215629850742,1.2115124410082903,0.08545349888233462
LEU 742,L LEU  14,0.0,0.0,0.0,-5.7313283582089545,0.6048229226829999,0.04266091968852379,-1.856761194029852,0.1596299598015108,0.011259429230567991,2.0128507462686565,0.16001289628356538,0.011286439487444943,-0.8815409910447763,0.04106139875604063,0.002896247759359496,-6.45677979701493,0.6409683830351658,0.04521042388778289
GLU 743,L GLU  15,0.0,0.0,0.0,-4.80286567164179,0.6573314564566747,0.04636458609776626,78.42534328358208,12.350942334244914,0.8711683027182012,-68.25642288557215,10.554518508229949,0.7444583357278427,-0.9607210029850743,0.043101248127727705,0.003040127640492635,4.4053337233830865,1.778595115316961,0.12545242669763365
GLY 744,L GLY  16,0.0,0.0,0.0,-0.527039800995025,0.08824664896015318,0.006224438695825677,2.125258706467661,0.10913560297691204,0.007697831909384949,-2.2528606965174136,0.11073787119555654,0.007810847195729996,-0.005939605970149255,0.006367700637039195,0.00044914297274355994,-0.6605813970149251,0.10039275995448434,0.007081159309784018
GLN 745,L GLN  17,0.0,0.0,0.0,-2.778865671641791,0.6280284533162466,0.04429771161810709,-4.065477611940299,2.256974054201681,0.1591946754237762,6.382756218905472,1.9859507078985215,0.14007816251275018,-0.6238704,0.14390434498002003,0.01015022988346604,-1.0854574646766177,0.8378180522779846,0.05909512900614663
ALA 746,L ALA  18,0.0,0.0,0.0,-1.283726368159204,0.3369130713743981,0.02376401578193867,-2.2714477611940294,0.18408520228137024,0.012984369037360773,2.3180597014925373,0.19288866279988487,0.013605317265472629,-0.1447113313432836,0.030033604565504194,0.002118407130870916,-1.38182575920398,0.34824287493798883,0.024563158509150456
ALA 747,L ALA  19,0.0,0.0,0.0,-1.291825870646766,0.3152963930179242,0.02223929285112224,-2.746159203980098,0.16522252303117044,0.011653898226113235,2.745184079601988,0.16631933244084227,0.011731261196967683,-0.2990773970149253,0.03271568495353765,0.002307586495178889,-1.5918783920398005,0.30962127006653767,0.021839000541800338
LYS 748,L LYS  20,0.0,0.0,0.0,-0.9826119402985072,0.3356654468302304,0.023676015131692044,-58.062184079602,6.998991510931772,0.4936707977667272,59.184169154228904,7.14488527781059,0.5039613506516343,-0.193327128358209,0.08315812827663732,0.005865522120293306,-0.05395399402985111,0.694834906482489,0.049009875503294276
GLU 749,L GLU  21,0.0,0.0,0.0,-1.557666666666667,0.8607046594386698,0.06070942580841336,39.17253233830843,15.057340668265448,1.062062922685041,-38.1839253731343,14.261257140702522,1.0059115200826652,-0.4484361313432835,0.19964948627961243,0.0140821889855746,-1.0174958328358203,1.6131178976880496,0.11378056369973047
PHE 750,L PHE  22,0.0,0.0,0.0,241.78849751243786,8.195043380676285,0.5780337920331043,-2.8559154228855728,0.47816118331041724,0.033726889432176235,3.369213930348257,0.47188888881605506,0.033284475889879,-0.9458878208955229,0.04160797867086826,0.0029348005340234995,241.355908199005,8.194635978429682,0.5780050560942511
ILE 751,L ILE  23,0.0,0.0,0.0,-0.3545970149253734,0.1365131225483656,0.009628893249665722,-2.0186716417910437,0.14234189672747202,0.010040023280971975,2.022398009950249,0.1422126877365577,0.010030909581444883,-0.05179780298507462,0.04942398796757596,0.0034860993231177815,-0.40266844975124394,0.18026257921455166,0.01271474199523473
ALA 752,L ALA  24,0.0,0.0,0.0,-0.061845771144278604,0.04781276807061576,0.0033724526340672798,-1.6427014925373133,0.2276721708091626,0.016058756753325278,1.6449452736318417,0.21856695637253593,0.015416524444892573,-0.0061154149253731345,0.02235175020815011,0.001576570901608519,-0.06571740497512439,0.056527482586585145,0.003987141201797109
TRP 753,L TRP  25,0.0,0.0,0.0,-1.702930348258707,0.3343029952918021,0.023579915209747022,-2.0154975124378094,1.4684155339487786,0.10357404591294336,1.803641791044777,1.0712142043897375,0.07555762427117577,-0.2257847283582088,0.04090305866762884,0.002885079310641904,-2.14057079800995,0.6534657279730951,0.046091918633967
LEU 754,L LEU  26,0.0,0.0,0.0,-0.21339800995024888,0.1201995471718518,0.008478222362585445,-1.364233830845772,0.1400634896896059,0.00987931683944195,1.4057114427860702,0.13439625941847552,0.009479581236861656,-0.001922041791044781,0.006054764820164967,0.0004270701820958234,-0.17384243980099504,0.09948934393520076,0.007017437256934208
VAL 755,L VAL  27,0.0,0.0,0.0,-0.020452736318407962,0.003303699866977836,0.00023302502172854508,-0.9778656716417913,0.07532719254022344,0.0053131705013183105,0.982074626865672,0.07346146248633598,0.005181572049929796,0.0,0.0,0.0,-0.01624378109452742,0.003799093061690509,0.00026796736353022196
LYS 756,L LYS  28,0.0,0.0,0.0,-0.04670646766169154,0.03634177739241713,0.0025633513356250544,-33.8935870646766,4.4515510431962975,0.3139882012089278,34.14755721393035,4.312325843100724,0.30416801275848293,-0.004718507462686572,0.022447472126598627,0.0015833226051604427,0.20254517412935322,0.28264554704595535,0.01993627974508198
GLY 757,L GLY  29,0.0,0.0,0.0,-0.002905472636815919,0.0013180793733026397,9.297015073126657e-05,1.0537512437810947,0.0628231966771923,0.004431206635048005,-1.0558507462686564,0.06246987422758533,0.0044062851909665345,0.0,0.0,0.0,-0.0050049751243780635,0.001991268283655048,0.00014045323538743637
ARG 758,L ARG  30,0.0,0.0,0.0,-0.017228855721393006,0.011489877144690349,0.0008104334470761247,-37.21211940298506,3.706165493115619,0.2614127582215522,37.273487562189025,3.7016344381271016,0.2610931622444157,0.0,0.0,0.0,0.044139303482588835,0.040003239887600905,0.0028216109874859103
GLY 759,L GLY  31,0.0,0.0,0.0,-0.0006467661691542287,0.0005082424990695365,3.5848661851171524e-05,10.218492537313434,0.5610712933424344,0.039574917694319964,-10.217333333333334,0.5589341165113251,0.03942417286350621,0.0,0.0,0.0,0.0005124378109453342,0.0029066906054796534,0.0002050221475232448

Backbone Energy Decomposition:
Residue,Location,Internal,,,van der Waals,,,Electrostatic,,,Polar Solvation,,,Non-Polar Solv.,,,TOTAL,,
,,Avg.,Std. Dev.,Std. Err. of Mean,Avg.,Std. Dev.,Std. Err. of Mean,Avg.,Std. Dev.,Std. Err. of Mean,Avg.,Std. Dev.,Std. Err. of Mean,Avg.,Std. Dev.,Std. Err. of Mean
TYR 509,R TYR 509,0.0,0.0,0.0,-0.021975124378109466,0.003995566960118242,0.00028182556381888685,0.5535522388059706,0.19949433216169174,0.014071245257888823,-0.45170149253731356,0.1846180148057251,0.013021950735173598,0.0,0.0,0.0,0.07987562189054717,0.030172463686477156,0.0021282014980909423
TRP 591,R TRP 591,0.0,0.0,0.0,-0.18957213930348257,0.024177330360972218,0.0017053373973276735,0.44196019900497535,0.1739712860391896,0.012270988389302455,0.48998009950248744,0.16435385197401572,0.011592626893934501,-0.0004944716417910449,0.0017489091674702502,0.0001233585413810052,0.7418736875621899,0.19165595656376103,0.013518368871543477
SER 592,R SER 592,0.0,0.0,0.0,-1.2753830845771144,0.26708771643616,0.018838914983792997,1.5481691542288551,0.7386670469248778,0.052101556312768006,-0.07164179104477626,0.4782499721541537,0.0337331521143429,-0.25065252537313415,0.027112628523318805,0.00191237736633257,-0.04950824676616924,0.6429296062258468,0.0453487579057096
TYR 593,R TYR 593,0.0,0.0,0.0,-0.49125373134328354,0.14565662032084567,0.01027382585640889,0.7484029850746264,0.17803477158012332,0.012557604560442696,-0.8734527363184084,0.20902447904676388,0.014743449990276235,-0.03143147462686567,0.009592367045672777,0.0006765934041371788,-0.6477349572139308,0.16033274888037363,0.011309000150132913
ASP 670,R ASP 670,0.0,0.0,0.0,-0.03440298507462687,0.004015119564742828,0.0002832046982139437,1.4512288557213937,0.1626727856380573,0.011474053616930926,-1.5571194029850743,0.16416872061237905,0.011579568734505667,0.0,0.0,0.0,-0.14029353233830802,0.042906335659916396,0.0030263795750279467
HIE 702,R HIE 702,0.0,0.0,0.0,-0.11949751243781095,0.08442006577970569,0.005954532328820989,-0.43531343283582086,0.22157950914803787,0.015629013534166868,0.6508507462686568,0.2034344849420123,0.01434916220683004,-0.004960011940298506,0.008772557895284935,0.0006187685251304961,0.09107978905472681,0.058980391258760374,0.0041601560395991425
HIE 729,L HIE   1,0.0,0.0,0.0,0.10122388059701488,1.0672524610180667,0.07527818443933929,-166.13099502487572,5.04775771459187,0.3560413773903793,171.58487562189057,4.600817237532543,0.32451662678602466,-0.547196991044776,0.03220083897617348,0.0022712720598812635,5.007907486567169,1.8668027871386212,0.13167411615808386
ALA 730,L ALA   2,0.0,0.0,0.0,-1.0158905472636814,0.676621573842612,0.04772520607052312,-3.447736318407959,1.1976328788746489,0.08447451005223452,1.480149253731343,0.9744515986039699,0.06873251629417128,-0.17354349850746276,0.03270591786526377,0.0023068975778895206,-3.1570211104477637,0.7300266764868922,0.051492111571985265
GLU 731,L GLU   3,0.0,0.0,0.0,-1.8820447761194044,0.18554065943493966,0.013087029069594795,21.112517412935333,1.150171984087568,0.08112687664595515,-18.341154228855707,1.1540986796126602,0.08140384439329869,-0.14855917611940292,0.01764926643754088,0.001244883270483976,0.7407592318407958,0.4292007648041173,0.03027348777777415
GLY 732,L GLY   4,0.0,0.0,0.0,-2.148582089552239,0.5760224605882133,0.04062949172119784,-4.549597014925372,0.9413521141300736,0.06639785866808702,4.280885572139303,0.8086258362958542,0.05703606885012733,-0.45139801791044776,0.023108534867864787,0.001629950375796398,-2.868691550248755,0.7394796109562194,0.05215887016047912
THR 733,L THR   5,0.0,0.0,0.0,-2.2817363184079613,0.21836972874510893,0.015402613080659391,-2.0830597014925365,0.5872344632629262,0.04142032541435821,3.575552238805967,0.6384011032761108,0.04502934193550969,-0.09117145074626865,0.02099194294550361,0.00148065749249648,-0.8804152318407955,0.5023560763428115,0.03543346560483294
PHE 734,L PHE   6,0.0,0.0,0.0,-2.2477412935323398,0.2410177275871124,0.017000079749777165,-2.3982835820895514,0.9726255865036146,0.06860371933122224,4.059034825870647,0.658711272922898,0.04646191084728027,-0.19645393432835817,0.028040705224389062,0.0019778388495606115,-0.7834439840796019,0.6400703711485967,0.045147083013064845
THR 735,L THR   7,0.0,0.0,0.0,-1.8773781094527364,0.13523550977052307,0.009538777392504107,0.08987562189054739,0.4336192582750468,0.030585144277616147,1.665975124378108,0.4805736667072501,0.033897052890905006,-0.031864549253731354,0.01727287332708557,0.0012183345474540727,-0.15339191243781078,0.3778086823074705,0.026648569769888827
SER 736,L SER   8,0.0,0.0,0.0,-1.1422686567164184,0.3466661368098023,0.024451943976543107,0.14954228855721396,0.5566093152326127,0.03926019402453799,0.20948258706467657,0.5843698148797222,0.04121826869655127,-0.07519504477611937,0.015261307932596065,0.0010764496642524683,-0.858438825870647,0.49510116662871845,0.03492174372880439
ASP 737,L ASP   9,0.0,0.0,0.0,-1.3176517412935316,0.23352048949585222,0.01647126534790532,13.994189054726359,0.937841744852437,0.06615025631008445,-13.823184079601988,1.0317905852865292,0.07277689658160305,-0.054596346268656726,0.02047885898650966,0.0014444673403921045,-1.2012431124378118,0.42523762805049037,0.029993949664352267
VAL 738,L VAL  10,0.0,0.0,0.0,-1.0658009950248766,0.14003322348856911,0.00987718202622095,0.4504577114427863,0.578857288672681,0.04082944507730706,1.0211293532338312,0.5656955417486577,0.03990108702831703,-0.013464823880597006,0.013884197184129452,0.0009793157613542005,0.392321245771145,0.2534252271500048,0.01787523729182253
SER 739,L SER  11,0.0,0.0,0.0,-1.0212686567164173,0.11716611273240858,0.008264260394299868,2.153194029850747,0.3367857833177544,0.023755037574668188,-1.459412935323383,0.39329111878007567,0.02774061663876496,-0.007484417910447766,0.008029556905433173,0.0005663612760534422,-0.33497198009950224,0.28043187311839074,0.01978013922510716
SER 740,L SER  12,0.0,0.0,0.0,-0.6783631840796022,0.0671545513644878,0.0047367168389892515,2.3817860696517417,0.42068682175105127,0.02967296053715916,-1.4951044776119393,0.4615460866256548,0.03255495087180984,-0.0017610985074626862,0.003878736106405294,0.00027358495077254235,0.2065573094527367,0.21231095892780766,0.014975260407846405
TYR 741,L TYR  13,0.0,0.0,0.0,-1.6485572139303482,0.2654996003223788,0.018726897909959996,-2.2479502487562186,1.281137262002779,0.09036445510667485,3.119915422885572,0.8107327487289747,0.057184678994897285,-0.11763728955223883,0.019941390530634016,0.001406557238490687,-0.8942293293532331,0.7462240052152781,0.05263458305270401
LEU 742,L LEU  14,0.0,0.0,0.0,-1.8759452736318407,0.3900264718532825,0.02751034619905098,3.0470646766169143,0.973880549233397,0.06869223757717403,-0.24478109452736327,0.806904990394272,0.05691468973890241,-0.2617778507462685,0.021605123408834092,0.00152390790765051,0.6645604577114419,0.5288901641788253,0.037305035857426866
GLU 743,L GLU  15,0.0,0.0,0.0,-1.3947064676616916,0.23987262044212554,0.016919310119336683,12.421104477611944,0.7040214365444047,0.04965784337370682,-10.870572139303485,0.7305417781154253,0.051528444039526014,-0.10747228656716419,0.04015669320623857,0.002832434750039913,0.048353584079602344,0.47646604420876765,0.033607323538814335
GLY 744,L GLY  16,0.0,0.0,0.0,-1.699582089552239,0.2974321520151289,0.02097924644392593,-2.1073681592039804,0.7871393346291942,0.055520527875055625,4.786850746268658,0.7189329901944848,0.050709623272979246,-0.25657078208955225,0.04738083999479317,0.003341986776602509,0.7233297154228855,0.5346504647995598,0.03771133613631313
GLN 745,L GLN  17,0.0,0.0,0.0,-0.8813731343283586,0.17424359649647309,0.01229019568802219,1.4108606965174133,0.48047963235911734,0.03389042021938545,-0.7098855721393041,0.47170068281691585,0.03327120086224188,-0.05472154029850748,0.02989582834910949,0.0021086891458505573,-0.23511955024875486,0.2548565688027572,0.017976196347779
ALA 746,L ALA  18,0.0,0.0,0.0,-1.2186915422885574,0.21654570916396063,0.01527395665917907,0.04804477611940325,0.6025461589098293,0.042500329153948635,0.8944328358208946,0.7820664658018278,0.05516271529633476,-0.060248167164179085,0.03299142938532196,0.002327036007784537,-0.33646209751243783,0.36259582824508924,0.025575537778129098
ALA 747,L ALA  19,0.0,0.0,0.0,-0.8687810945273633,0.18356468037557935,0.012947654252939976,-0.29580099502487556,0.5445520960134504,0.038409743352969775,0.5580099502487561,0.47534083074529754,0.03352795710047796,-0.07721186865671635,0.019148859021777053,0.001350656375970481,-0.6837840079601984,0.26742544851644096,0.018862736768009092
LYS 748,L LYS  20,0.0,0.0,0.0,-0.32146268656716415,0.12237589855852442,0.008631730353501175,-16.35518407960199,1.0584470558769972,0.07465709904812808,17.093512437810944,1.0226355284141888,0.07213114865881891,-0.0023906507462686574,0.005850622842755381,0.0004126711172179677,0.41447502089552174,0.16927783904750632,0.011939938163417601
GLU 749,L GLU  21,0.0,0.0,0.0,-0.4275074626865673,0.19718703698835896,0.013908501204388624,6.701318407960201,1.312535114189158,0.09257908884537872,-6.464283582089552,1.2407626302624746,0.08751664815768194,-0.011280429850746274,0.012702887552577846,0.0008959926043955543,-0.201753066666666,0.3212035441557234,0.022655951166848317
PHE 750,L PHE  22,0.0,0.0,0.0,-0.5797761194029852,0.12908709168875881,0.009105101418660293,-1.2055323383084575,0.4888226592925254,0.034478891966432404,1.6161293532338308,0.5560485081957742,0.03922063774606032,-0.0277854447761194,0.015611266560713051,0.0011011338426598887,-0.19696454925373197,0.16349949899636496,0.01153236548121633
ILE 751,L ILE  23,0.0,0.0,0.0,-0.13098507462686554,0.02369173452273913,0.0016710861077699844,-0.12082089552238807,0.2939069940566521,0.020730600972803867,0.1785273631840796,0.27152381953456534,0.019151813570988687,0.0,0.0,0.0,-0.07327860696517391,0.06824153759101471,0.004813386935927195
ALA 752,L ALA  24,0.0,0.0,0.0,-0.05917910447761195,0.017500469395098642,0.0012343879363300402,1.0591492537313438,0.3136068737379027,0.022120123349415065,-0.927402985074627,0.28533400484247806,0.020125908937101793,0.0,0.0,0.0,0.07256716417910448,0.05330179462146196,0.0037596187153643604
TRP 753,L TRP  25,0.0,0.0,0.0,-0.0992338308457712,0.023945835432875213,0.0016890090040650012,-0.20291044776119443,0.4010070680141594,0.028284857735209806,0.365776119402985,0.3995740451270202,0.02818378009412294,0.0,0.0,0.0,0.06363184079602001,0.07829624684329263,0.005522591444909907
LEU 754,L LEU  26,0.0,0.0,0.0,-0.05132338308457713,0.015739480432216717,0.0011101773518756256,0.054601990049751636,0.21731953866734324,0.015328538383942368,-0.048631840796019864,0.21612927719029762,0.015244583812486417,0.0,0.0,0.0,-0.0453532338308446,0.049335077305367084,0.00347982804853857
VAL 755,L VAL  27,0.0,0.0,0.0,-0.013243781094527356,0.002163761611243074,0.0001526199766253439,0.24515422885572102,0.19638438573300349,0.013851886549985787,-0.1953781094527363,0.19325181756827225,0.013630932227848648,0.0,0.0,0.0,0.03653233830845782,0.009989556686410644,0.0007046090013130694
LYS 756,L LYS  28,0.0,0.0,0.0,-0.010089552238805942,0.0018983995088053388,0.0001339027770683962,-9.683417910447758,0.7446342682888994,0.052522451655565044,9.746990049751243,0.7379947551354549,0.05205413650614328,0.0,0.0,0.0,0.05348258706467656,0.01454349952321377,0.0010258193627940447
GLY 757,L GLY  29,0.0,0.0,0.0,-0.007895522388059701,0.00305244862979845,0.00021530312586619222,-1.4969402985074627,0.2175440400724782,0.015344373492128973,1.5268457711442787,0.2183310077606476,0.015399881912996237,0.0,0.0,0.0,0.022009950248756478,0.01066401866218242,0.0007521818810804644
ARG 758,L ARG  30,0.0,0.0,0.0,-0.0035273631840796018,0.0010929432226780178,7.709027104983076e-05,-9.772845771144283,0.5614274372152944,0.03960003814625364,9.793069651741293,0.5596327021518954,0.03947344729539402,0.0,0.0,0.0,0.016696517412935385,0.007342538623917425,0.000517902742765258
GLY 759,L GLY  31,0.0,0.0,0.0,-0.002661691542288557,0.0011351354377640436,8.006628044325988e-05,30.58630348258706,1.985065574674925,0.14001573002887874,-30.555437810945264,1.9711985538424233,0.13903762579395623,0.0,0.0,0.0,0.02820398009950233,0.018909661751122422,0.0013337847013523225

idecomp = 1: Per-residue decomp adding 1-4 interactions to Internal.
Energy Decomposition Analysis (All units kcal/mol): Poisson Boltzmann solvent
DELTAS:
Total Energy Decomposition:
Residue,Location,Internal,,,van der Waals,,,Electrostatic,,,Polar Solvation,,,Non-Polar Solv.,,,TOTAL,,
,,Avg.,Std. Dev.,Std. Err. of Mean,Avg.,Std. Dev.,Std. Err. of Mean,Avg.,Std. Dev.,Std. Err. of Mean,Avg.,Std. Dev.,Std. Err. of Mean,Avg.,Std. Dev.,Std. Err. of Mean
TYR 509,R TYR 509,0.0,0.0,0.0,-0.1602686567164179,0.052988194148235426,0.003737499043472209,0.2888955223880593,0.23031115450711176,0.01624489631149235,-0.2562985074626865,0.22812214247705015,0.016090495307645784,0.0,0.0,0.0,-0.12767164179104512,0.0697306234202602,0.004918418952056742
TRP 591,R TRP 591,0.0,0.0,0.0,-1.8222587064676616,0.47430448974404993,0.03345485924230151,-0.3646318407960204,0.3910987886311467,0.027585981592858792,1.291363184079602,0.47151587073610923,0.03325816522314642,0.0,0.0,0.0,-0.8955273631840808,0.4308493526444495,0.030389770198327764
SER 592,R SER 592,0.0,0.0,0.0,-2.0691990049751245,0.6795578897865504,0.047932317828306384,-2.2596218905472636,1.2067020251210543,0.08511419830668278,4.501208955223881,0.7611849404393309,0.05368984605964703,0.0,0.0,0.0,0.17238805970149274,0.9512169313067826,0.06709366922277085
TYR 593,R TYR 593,0.0,0.0,0.0,-1.9322437810945283,0.24206441162786788,0.01707390714971077,0.6387213930348252,0.2668276727689112,0.018820572917730417,-0.2079701492537313,0.2579271737712594,0.018192780123035664,0.0,0.0,0.0,-1.501492537313433,0.289064903786371,0.02038906625843043
ASP 670,R ASP 670,0.0,0.0,0.0,-0.29688059701492536,0.037934686888061044,0.002675706508546251,10.26846766169154,1.6223112160711037,0.11442901038139841,0.017621890547264114,3.7232854782511167,0.2626203088674409,0.0,0.0,0.0,9.989208955223885,3.4420242086387436,0.2427816685242499
HIE 702,R HIE 702,0.0,0.0,0.0,-0.8640796019900506,0.5517148604087626,0.03891496579933593,-5.008557213930347,3.164764405017202,0.22322526983042285,3.37758208955224,1.7712507244411881,0.12493439330709581,0.0,0.0,0.0,-2.495054726368159,1.4684079753527775,0.10357351277068821
HIE 729,L HIE   1,0.0,0.0,0.0,-6.370681592039808,1.2085673184779115,0.08524576595583772,-177.8741144278607,5.278980249958716,0.37235055755125074,174.80273134328348,5.00922331270291,0.3533233702471682,0.0,0.0,0.0,-9.442064676616914,2.980271988455116,0.2102121781123003
ALA 730,L ALA   2,0.0,0.0,0.0,-2.6087711442786055,0.7065657095089745,0.0498373025518175,-7.260716417910448,1.2735475364278301,0.08982911714068885,5.095094527363184,1.0807103090833923,0.07622742785251614,0.0,0.0,0.0,-4.774393034825869,0.8620511001413907,0.06080439641308114
GLU 731,L GLU   3,0.0,0.0,0.0,-3.8185124378109463,1.1435278359256609,0.08065823456824353,110.11078606965178,6.812612312204982,0.48052462269580926,-100.70753731343282,5.482501489915427,0.386705838985008,0.0,0.0,0.0,5.584736318407959,3.496553113673624,0.24662784093464216
GLY 732,L GLY   4,0.0,0.0,0.0,-3.0728258706467653,0.6238801825004404,0.04400511515477478,-1.8809154228855722,0.9088632273235849,0.06410626928077873,2.2201641791044766,0.5899581298158159,0.04161243804057235,0.0,0.0,0.0,-2.7335771144278627,0.7970315294759249,0.056218269501691676
THR 733,L THR   5,0.0,0.0,0.0,-5.2506069651741285,0.8821681734905458,0.062223345362154375,-7.737815920398014,1.7776932481512602,0.12538881389249226,11.01757711442786,1.1586106430387948,0.08172209375545253,0.0,0.0,0.0,-1.9708457711442782,1.2544984929248715,0.08848550120857769
PHE 734,L PHE   6,0.0,0.0,0.0,-9.681597014925373,0.6526272368204407,0.0460327760281209,-3.5539601990049756,1.0783209992949014,0.07605889893409214,8.100313432835822,0.8651035173837509,0.06101969732504813,0.0,0.0,0.0,-5.135243781094529,1.3265488367160296,0.0935675406199975
THR 735,L THR   7,0.0,0.0,0.0,-5.908139303482585,0.42980147042287875,0.030315858285235652,-2.554537313432836,0.6636851961980818,0.046812744344857056,6.216000000000003,0.8334717536779918,0.0587885647398749,0.0,0.0,0.0,-2.2466766169154226,0.7617907221662724,0.05373257460817357
SER 736,L SER   8,0.0,0.0,0.0,-3.2157064676616924,0.6261197637951401,0.04416308303953232,-4.595308457711447,1.3479128750717337,0.09507444369912059,6.079054726368158,1.2856012055422283,0.09067931740717394,0.0,0.0,0.0,-1.7319601990049742,0.9273337420058912,0.06540907893616038
ASP 737,L ASP   9,0.0,0.0,0.0,-4.879940298507462,1.0136579277279416,0.07149791753032154,58.77031840796018,5.165216051032472,0.36432624965582155,-47.73877611940303,5.033689440925453,0.3550490778750487,0.0,0.0,0.0,6.151601990049751,3.206407470435358,0.22616254519278375
VAL 738,L VAL  10,0.0,0.0,0.0,-3.993094527363182,0.5314006705458943,0.03748211332338659,-1.0351542288557218,0.5784937390017336,0.0408038022606521,1.6459452736318407,0.6307372705554282,0.04448877685448898,0.0,0.0,0.0,-3.382303482587066,0.7257182905587679,0.05118822145940233
SER 739,L SER  11,0.0,0.0,0.0,-2.570258706467663,0.5922591478779238,0.041774739340784274,-2.1651343283582087,1.575350977829677,0.11111669056507185,4.358746268656715,0.6211281825859306,0.04381100404732051,0.0,0.0,0.0,-0.37664676616915327,1.152013042181039,0.08125673487143223
SER 740,L SER  12,0.0,0.0,0.0,-1.6676119402985083,0.3600220400338866,0.025393996755037066,-0.30166666666666614,1.4037416926326431,0.09901230486963629,0.7226915422885565,0.789686816426563,0.055700213386780995,0.0,0.0,0.0,-1.2465870646766168,1.006059360301166,0.07096195590819333
TYR 741,L TYR  13,0.0,0.0,0.0,-6.597388059701493,1.1134953387015911,0.07853990554321523,-7.828298507462687,1.722708618867434,0.12151049717199655,9.483517412935319,1.0249164610759307,0.07229203324412174,0.0,0.0,0.0,-4.942169154228858,1.6152004084467508,0.11392745268309329
LEU 742,L LEU  14,0.0,0.0,0.0,-7.60716417910448,0.7245185795065415,0.051103600366303834,1.1902487562189048,1.0280370455270889,0.07251214230027583,2.027641791044776,0.7501619599884464,0.052912344966174384,0.0,0.0,0.0,-4.389273631840793,1.1657006817165778,0.08222218652521675
GLU 743,L GLU  15,0.0,0.0,0.0,-6.197567164179103,0.7555858237363074,0.05329491481773121,90.8463830845771,12.732438690700722,0.8980769809674145,-69.97306965174133,9.577354248596293,0.6755344830772115,0.0,0.0,0.0,14.675746268656722,7.6075254997372515,0.5365934758772162
GLY 744,L GLY  16,0.0,0.0,0.0,-2.226527363184079,0.3507052602963342,0.024736841780856784,0.017945273631840723,0.7537161744528837,0.053163039925205595,2.815751243781095,0.8449455443673335,0.05959786353587554,0.0,0.0,0.0,0.6071691542288552,0.622941027406009,0.043938872261927935
GLN 745,L GLN  17,0.0,0.0,0.0,-3.660199004975125,0.692807454746436,0.04886687008395529,-2.654562189054728,2.3256622888874934,0.16403956994344662,4.18660696517413,1.905188532150047,0.13438163785361137,0.0,0.0,0.0,-2.1281542288557227,1.0211468779576776,0.07202614735151429
ALA 746,L ALA  18,0.0,0.0,0.0,-2.502437810945274,0.43127918877431803,0.0304200885013018,-2.223412935323384,0.5308284557038281,0.037441752400368525,3.076417910447761,0.640065073244648,0.04514670932773251,0.0,0.0,0.0,-1.6494328358208947,0.563251829644988,0.039728720866442635
ALA 747,L ALA  19,0.0,0.0,0.0,-2.160572139303483,0.3885164998639904,0.02740384098677933,-3.041925373134328,0.5617065498658297,0.039619725234692205,3.096731343283584,0.5370426736267695,0.03788006953716219,0.0,0.0,0.0,-2.1057661691542293,0.4922880381314516,0.034723320943564985
LYS 748,L LYS  20,0.0,0.0,0.0,-1.3040746268656718,0.4057885381752569,0.028622116636758687,-74.41736815920393,7.570198756815884,0.5339606504298294,74.49069651741294,7.797359952017956,0.5499833657427275,0.0,0.0,0.0,-1.2307462686567168,0.8695189899759873,0.06133114074853591
GLU 749,L GLU  21,0.0,0.0,0.0,-1.985164179104477,0.9606132876803807,0.0677564371000871,45.87384577114426,15.903768976966802,1.1217653723531518,-44.84518407960201,15.043598482888697,1.0610936236642603,0.0,0.0,0.0,-0.956502487562189,1.8979719056064623,0.13387261626423075
PHE 750,L PHE  22,0.0,0.0,0.0,241.20867164179108,8.18726300323917,0.577485006521605,-4.061417910447761,0.7163556709075471,0.05052783318700832,5.155995024875623,0.5808605513156648,0.040970744329571256,0.0,0.0,0.0,242.30324875621895,8.177683881722905,0.5768093473850775
ILE 751,L ILE  23,0.0,0.0,0.0,-0.4855174129353232,0.14662990588137192,0.010342476126718458,-2.1394626865671653,0.3695876414696618,0.02606870225861454,2.0741144278606933,0.35841587873608044,0.025280706872060132,0.0,0.0,0.0,-0.5508656716417922,0.14422014289822255,0.010172504551176183
ALA 752,L ALA  24,0.0,0.0,0.0,-0.12099004975124385,0.061585760295232175,0.004343924602356055,-0.5835024875621885,0.4920802539850294,0.034708664979892605,0.6120298507462689,0.4581681556049317,0.03231668998819586,0.0,0.0,0.0,-0.09246268656716398,0.05835207816023476,0.004115838250655985
TRP 753,L TRP  25,0.0,0.0,0.0,-1.802218905472637,0.3372057727485138,0.0237846613450375,-2.2183880597014927,1.6224014197548646,0.11443537285868592,2.3425074626865685,1.3294150066456114,0.09376970465941113,0.0,0.0,0.0,-1.6780995024875636,0.5746539776938427,0.04053296638020567
LEU 754,L LEU  26,0.0,0.0,0.0,-0.2646616915422886,0.13224846574409094,0.009328087551662055,-1.3097213930348266,0.28625231883750135,0.02019068181213892,1.290353233830846,0.27667131135942097,0.01951488965012168,0.0,0.0,0.0,-0.2840298507462685,0.13822308417728366,0.0097495046434901
VAL 755,L VAL  27,0.0,0.0,0.0,-0.03374129353233828,0.005039420356623824,0.00035545330550131884,-0.7327412935323391,0.24191814893142063,0.0170635905745405,0.7303134328358206,0.23514436397479604,0.01658580462234809,0.0,0.0,0.0,-0.036169154228856,0.011002543522354413,0.0007760595836786105
LYS 756,L LYS  28,0.0,0.0,0.0,-0.05676119402985077,0.03719429537609955,0.002623483317848155,-43.57694527363182,5.023367564052391,0.354321028815064,43.06364676616917,4.8613107520974115,0.3428904226318174,0.0,0.0,0.0,-0.5700597014925388,0.2790120745223467,0.019679994353594975
GLY 757,L GLY  29,0.0,0.0,0.0,-0.010716417910447758,0.004323277168664102,0.0003049404597058798,-0.44318407960198997,0.17541521727891463,0.012372835446256586,0.43750248756218924,0.17203528865054285,0.012134433662262887,0.0,0.0,0.0,-0.01639800995024892,0.006381783466932733,0.0004501362989759889
ARG 758,L ARG  30,0.0,0.0,0.0,-0.020800995024875674,0.011982582675164031,0.0008451862156590144,-46.98499004975126,4.0066030660965115,0.2826039907156792,46.2750447761194,3.9303243245948383,0.27722370312553757,0.0,0.0,0.0,-0.7307462686567165,0.10538175235712359,0.007433055701659363
GLY 759,L GLY  31,0.0,0.0,0.0,-0.003253731343283581,0.0014248325405533048,0.0001004999385811942,40.80476616915422,2.482858633727476,0.17512734520963444,-40.227422885572146,2.453139183982897,0.1730310968513276,0.0,0.0,0.0,0.5740895522388062,0.0654804056392843,0.004618631704231181

Sidechain Energy Decomposition:
Residue,Location,Internal,,,van der Waals,,,Electrostatic,,,Polar Solvation,,,Non-Polar Solv.,,,TOTAL,,
,,Avg.,Std. Dev.,Std. Err. of Mean,Avg.,Std. Dev.,Std. Err. of Mean,Avg.,Std. Dev.,Std. Err. of Mean,Avg.,Std. Dev.,Std. Err. of Mean,Avg.,Std. Dev.,Std. Err. of Mean
TYR 509,R TYR 509,0.0,0.0,0.0,-0.1383283582089552,0.05023974009058155,0.003543638041476715,-0.26461691542288557,0.20564783575492457,0.014505279936054513,0.3096417910447762,0.24246198049354412,0.01710194949535143,0.0,0.0,0.0,-0.09330348258706461,0.06084105740763021,0.004291397310667327
TRP 591,R TRP 591,0.0,0.0,0.0,-1.6326119402985055,0.4663312070656522,0.032892467244180594,-0.8065124378109453,0.34271394319494314,0.024173177732616583,1.234492537313433,0.38528376980823004,0.027175821789570842,0.0,0.0,0.0,-1.2046318407960193,0.4309565592969785,0.030397331972562985
SER 592,R SER 592,0.0,0.0,0.0,-0.7937960199004981,0.640946426447794,0.0452088751895187,-3.8078407960199017,0.9450339458102484,0.06665755505148108,3.130845771144277,0.38455457349323974,0.027124388247182978,0.0,0.0,0.0,-1.47079104477612,0.6227134860358705,0.04392282273114257
TYR 593,R TYR 593,0.0,0.0,0.0,-1.4409402985074633,0.19674249255315618,0.013877145457546163,-0.10964179104477614,0.1483944958976328,0.010466940709894203,0.43398009950248756,0.16227530075711186,0.011446017195116433,0.0,0.0,0.0,-1.1166019900497524,0.25334732377449587,0.017869742411384948
ASP 670,R ASP 670,0.0,0.0,0.0,-0.2623980099502487,0.035261366623250016,0.0024871450356892103,8.817208955223878,1.5397082059022862,0.10860264327346855,1.6631691542288558,3.775563766178684,0.26630773498687127,0.0,0.0,0.0,10.217980099502487,3.542191001926827,0.2498468893742863
HIE 702,R HIE 702,0.0,0.0,0.0,-0.744616915422885,0.5071069023984369,0.03576856303783716,-4.573199004975127,3.098722638483114,0.21856704278158526,3.257174129353234,1.7530127512363896,0.12364798586288069,0.0,0.0,0.0,-2.0606417910447767,1.5843849917348378,0.11175390077523292
HIE 729,L HIE   1,0.0,0.0,0.0,-6.471815920398013,0.5370651784612688,0.03788165690579716,-11.74300995024876,1.666205818843128,0.1175250969439086,18.071099502487566,1.6244095751106054,0.11457701721629938,0.0,0.0,0.0,-0.14372636815920414,1.302694757644045,0.09188500361062064
ALA 730,L ALA   2,0.0,0.0,0.0,-1.5928457711442787,0.19064147041845517,0.0134468125360494,-3.813014925373134,0.19740411054943144,0.013923812392850753,3.7483134328358196,0.1844868808954998,0.013012701262306818,0.0,0.0,0.0,-1.6575472636815916,0.19323508999390546,0.01362975235572429
GLU 731,L GLU   3,0.0,0.0,0.0,-1.9364328358208946,1.0855989917377922,0.07657224894027663,88.99822388059698,6.554062841929106,0.462287949161644,-85.72712935323382,4.937211149375346,0.3482440238780091,0.0,0.0,0.0,1.3346616915422878,2.80168192287957,0.1976154061333392
GLY 732,L GLY   4,0.0,0.0,0.0,-0.9242636815920394,0.13052059986619632,0.009206213289485593,2.6687064676616914,0.11636654392579945,0.008207863159067965,-2.581298507462686,0.10452122756983649,0.007372358963054302,0.0,0.0,0.0,-0.836855721393035,0.14562889549668312,0.01027187029809154
THR 733,L THR   5,0.0,0.0,0.0,-2.9688009950248757,0.8583618554111546,0.06054417715345099,-5.6546766169154195,1.7157166786197737,0.1210173237319933,5.664746268656715,0.7649946706142325,0.053958563707294134,0.0,0.0,0.0,-2.958731343283584,1.2512343547116278,0.0882552666507509
PHE 734,L PHE   6,0.0,0.0,0.0,-7.433865671641788,0.6015150414910817,0.04242759973887373,-1.1556268656716422,0.37577582111672064,0.026505182797034378,3.4650646766169153,0.3963533661290335,0.02795661091299116,0.0,0.0,0.0,-5.124427860696518,0.7338417929868967,0.05176120914171206
THR 735,L THR   7,0.0,0.0,0.0,-4.030825870646765,0.3882370339813087,0.027384128983266174,-2.6444577114427865,0.530403431786106,0.0374117735246685,4.9812686567164155,0.6514754150240814,0.04595153278268965,0.0,0.0,0.0,-1.694014925373133,0.6048998393929641,0.04266634497493974
SER 736,L SER   8,0.0,0.0,0.0,-2.073462686567163,0.526443289600054,0.03713244663175765,-4.74490049751244,1.2142944351243146,0.08564972561764284,6.626641791044778,1.1505563486797594,0.0811539876339545,0.0,0.0,0.0,-0.19172139303482594,0.6935634008761388,0.0489201904127964
ASP 737,L ASP   9,0.0,0.0,0.0,-3.562348258706468,0.9547182534090856,0.06734063344222767,44.77613432835822,4.689326832940147,0.33075961229424183,-35.37717412935321,4.644878823832652,0.3276244914584804,0.0,0.0,0.0,5.836611940298511,3.2782001870424375,0.231226412983722
VAL 738,L VAL  10,0.0,0.0,0.0,-2.9272686567164206,0.4849878774324063,0.0342084073091515,-1.4856666666666676,0.14920133425213222,0.010523850699499477,1.5560348258706485,0.11627003130725123,0.008201055683831162,0.0,0.0,0.0,-2.8569004975124384,0.4732884640457158,0.03338319431510954
SER 739,L SER  11,0.0,0.0,0.0,-1.5489800995024874,0.5748089101484599,0.040543894472967516,-4.318368159203975,1.569755500745431,0.11072201604207083,6.02458208955224,0.3981222523778357,0.028081378529045683,0.0,0.0,0.0,0.15723383084577133,1.1649075722093998,0.08216624489383836
SER 740,L SER  12,0.0,0.0,0.0,-0.989179104477612,0.3569472524840528,0.02517711796323988,-2.6834129353233838,1.2233173573719924,0.0862861534826061,3.3120447761194054,0.6615628661403127,0.04666304672469183,0.0,0.0,0.0,-0.360547263681592,0.9431531264357065,0.06652489228147558
TYR 741,L TYR  13,0.0,0.0,0.0,-4.948830845771142,1.065622071490432,0.0751631856287934,-5.5802935323383025,1.165410122933053,0.08220169208880589,6.780437810945278,0.9298866337382737,0.06558914603528015,0.0,0.0,0.0,-3.748686567164179,0.9192150319126581,0.06483642927909149
LEU 742,L LEU  14,0.0,0.0,0.0,-5.7313283582089545,0.6048229226829999,0.04266091968852379,-1.856761194029852,0.1596299598015108,0.011259429230567991,1.9946368159203982,0.1408987584655188,0.009938232156357325,0.0,0.0,0.0,-5.593452736318407,0.6283890870957785,0.04432314876363942
GLU 743,L GLU  15,0.0,0.0,0.0,-4.80286567164179,0.6573314564566747,0.04636458609776626,78.42534328358208,12.350942334244914,0.8711683027182012,-59.716039800995055,8.954406197323955,0.6315951153899514,0.0,0.0,0.0,13.906437810945281,7.531577444556102,0.5312365131017152
GLY 744,L GLY  16,0.0,0.0,0.0,-0.527039800995025,0.08824664896015318,0.006224438695825677,2.125258706467661,0.10913560297691204,0.007697831909384949,-2.117507462686567,0.10896615565685337,0.007685880016952713,0.0,0.0,0.0,-0.5192885572139304,0.10440457243188449,0.0073641307440421196
GLN 745,L GLN  17,0.0,0.0,0.0,-2.778865671641791,0.6280284533162466,0.04429771161810709,-4.065477611940299,2.256974054201681,0.1591946754237762,5.374835820895524,1.8558855680515214,0.13090407489603847,0.0,0.0,0.0,-1.4695074626865683,0.93184681614001,0.06572740664161493
ALA 746,L ALA  18,0.0,0.0,0.0,-1.283726368159204,0.3369130713743981,0.02376401578193867,-2.2714477611940294,0.18408520228137024,0.012984369037360773,2.3273134328358207,0.14818475851240165,0.01045214697537876,0.0,0.0,0.0,-1.227860696517413,0.3426818150495919,0.024170911587969666
ALA 747,L ALA  19,0.0,0.0,0.0,-1.291825870646766,0.3152963930179242,0.02223929285112224,-2.746159203980098,0.16522252303117044,0.011653898226113235,2.687154228855723,0.16422969927483017,0.011583869837727747,0.0,0.0,0.0,-1.3508308457711449,0.31430169181281603,0.02216913203771101
LYS 748,L LYS  20,0.0,0.0,0.0,-0.9826119402985072,0.3356654468302304,0.023676015131692044,-58.062184079602,6.998991510931772,0.4936707977667272,58.185019900497515,7.241437121296729,0.5107715926022356,0.0,0.0,0.0,-0.8597761194029856,0.816986779353664,0.05762580430315429
GLU 749,L GLU  21,0.0,0.0,0.0,-1.557666666666667,0.8607046594386698,0.06070942580841336,39.17253233830843,15.057340668265448,1.062062922685041,-38.28836318407962,14.248856785858873,1.0050368664902594,0.0,0.0,0.0,-0.6734975124378106,1.7217371221111264,0.1214419730742083
PHE 750,L PHE  22,0.0,0.0,0.0,241.78849751243786,8.195043380676285,0.5780337920331043,-2.8559154228855728,0.47816118331041724,0.033726889432176235,3.8306865671641797,0.3320773246113692,0.023422928504068186,0.0,0.0,0.0,242.76326865671643,8.183836572305768,0.5772433247179132
ILE 751,L ILE  23,0.0,0.0,0.0,-0.3545970149253734,0.1365131225483656,0.009628893249665722,-2.0186716417910437,0.14234189672747202,0.010040023280971975,1.9812288557213933,0.13934144099045978,0.009828387451004039,0.0,0.0,0.0,-0.392039800995025,0.13599425071239596,0.009592294852196355
ALA 752,L ALA  24,0.0,0.0,0.0,-0.061845771144278604,0.04781276807061576,0.0033724526340672798,-1.6427014925373133,0.2276721708091626,0.016058756753325278,1.624243781094527,0.2150163832092604,0.015166086323442414,0.0,0.0,0.0,-0.0803034825870647,0.03787124610313114,0.0026712317405945575
TRP 753,L TRP  25,0.0,0.0,0.0,-1.702930348258707,0.3343029952918021,0.023579915209747022,-2.0154975124378094,1.4684155339487786,0.10357404591294336,2.0051243781094525,1.1983748362727247,0.08452684369202318,0.0,0.0,0.0,-1.7133034825870657,0.5669274808957792,0.0399879813159597
LEU 754,L LEU  26,0.0,0.0,0.0,-0.21339800995024888,0.1201995471718518,0.008478222362585445,-1.364233830845772,0.1400634896896059,0.00987931683944195,1.3386517412935328,0.13538185578236206,0.00954909984428901,0.0,0.0,0.0,-0.2389800995024873,0.11768936091942198,0.008301167475771453
VAL 755,L VAL  27,0.0,0.0,0.0,-0.020452736318407962,0.003303699866977836,0.00023302502172854508,-0.9778656716417913,0.07532719254022344,0.0053131705013183105,0.9637213930348257,0.0738644178810455,0.00520999433203429,0.0,0.0,0.0,-0.03459701492537324,0.0037907705467473355,0.0002673803385874135
LYS 756,L LYS  28,0.0,0.0,0.0,-0.04670646766169154,0.03634177739241713,0.0025633513356250544,-33.8935870646766,4.4515510431962975,0.3139882012089278,33.50640796019901,4.295582537451163,0.3029870310349931,0.0,0.0,0.0,-0.43388557213930384,0.2723081036696759,0.019207132708617458
GLY 757,L GLY  29,0.0,0.0,0.0,-0.002905472636815919,0.0013180793733026397,9.297015073126657e-05,1.0537512437810947,0.0628231966771923,0.004431206635048005,-1.0388656716417908,0.06224775458534878,0.004390618079381772,0.0,0.0,0.0,0.011980099502487613,0.0022169859845680004,0.0001563741344634997
ARG 758,L ARG  30,0.0,0.0,0.0,-0.017228855721393006,0.011489877144690349,0.0008104334470761247,-37.21211940298506,3.706165493115619,0.2614127582215522,36.64351243781097,3.6327912724168248,0.2562373397328586,0.0,0.0,0.0,-0.5858358208955204,0.09386985756700494,0.0066210692496158005
GLY 759,L GLY  31,0.0,0.0,0.0,-0.0006467661691542287,0.0005082424990695365,3.5848661851171524e-05,10.218492537313434,0.5610712933424344,0.039574917694319964,-10.073751243781087,0.5551052410738636,0.039154104813158,0.0,0.0,0.0,0.14409452736318437,0.015754207205603464,0.001111216098380034

Backbone Energy Decomposition:
Residue,Location,Internal,,,van der Waals,,,Electrostatic,,,Polar Solvation,,,Non-Polar Solv.,,,TOTAL,,
,,Avg.,Std. Dev.,Std. Err. of Mean,Avg.,Std. Dev.,Std. Err. of Mean,Avg.,Std. Dev.,Std. Err. of Mean,Avg.,Std. Dev.,Std. Err. of Mean,Avg.,Std. Dev.,Std. Err. of Mean
TYR 509,R TYR 509,0.0,0.0,0.0,-0.021975124378109466,0.003995566960118242,0.00028182556381888685,0.5535522388059706,0.19949433216169174,0.014071245257888823,-0.5659203980099502,0.15445086043913459,0.01089412372763318,0.0,0.0,0.0,-0.03434328358208963,0.05928694508806162,0.004181778679551372
TRP 591,R TRP 591,0.0,0.0,0.0,-0.18957213930348257,0.024177330360972218,0.0017053373973276735,0.44196019900497535,0.1739712860391896,0.012270988389302455,0.05689552238805973,0.18198975978476964,0.01283656791953467,0.0,0.0,0.0,0.3092835820895533,0.18226514003709235,0.012855991744901657
SER 592,R SER 592,0.0,0.0,0.0,-1.2753830845771144,0.26708771643616,0.018838914983792997,1.5481691542288551,0.7386670469248778,0.052101556312768006,1.3703432835820897,0.6619833057424901,0.04669270224770474,0.0,0.0,0.0,1.643129353233831,0.6510544475813838,0.04592184002867706
TYR 593,R TYR 593,0.0,0.0,0.0,-0.49125373134328354,0.14565662032084567,0.01027382585640889,0.7484029850746264,0.17803477158012332,0.012557604560442696,-0.6420398009950251,0.16719925375336364,0.011793326060976432,0.0,0.0,0.0,-0.3848905472636821,0.17265281056276663,0.012177990299611252
ASP 670,R ASP 670,0.0,0.0,0.0,-0.03440298507462687,0.004015119564742828,0.0002832046982139437,1.4512288557213937,0.1626727856380573,0.011474053616930926,-1.6454975124378122,0.18657889170436512,0.013160260327543012,0.0,0.0,0.0,-0.2286716417910444,0.13737384675740266,0.009689604054396488
HIE 702,R HIE 702,0.0,0.0,0.0,-0.11949751243781095,0.08442006577970569,0.005954532328820989,-0.43531343283582086,0.22157950914803787,0.015629013534166868,0.1204427860696517,0.2987737092075386,0.021073872592334907,0.0,0.0,0.0,-0.43436815920397936,0.2669849974004344,0.018831669741641566
HIE 729,L HIE   1,0.0,0.0,0.0,0.10122388059701488,1.0672524610180667,0.07527818443933929,-166.13099502487572,5.04775771459187,0.3560413773903793,156.7316417910447,4.950970284428184,0.34921451843676166,0.0,0.0,0.0,-9.298129353233833,3.170678713722931,0.2236424330020649
ALA 730,L ALA   2,0.0,0.0,0.0,-1.0158905472636814,0.676621573842612,0.04772520607052312,-3.447736318407959,1.1976328788746489,0.08447451005223452,1.3467462686567173,1.0119457836039116,0.07137715219516129,0.0,0.0,0.0,-3.1168805970149247,0.824512402672542,0.05815662084461167
GLU 731,L GLU   3,0.0,0.0,0.0,-1.8820447761194044,0.18554065943493966,0.013087029069594795,21.112517412935333,1.150171984087568,0.08112687664595515,-14.98040796019901,1.385115309507788,0.09769850110199436,0.0,0.0,0.0,4.250064676616916,1.1695242859891468,0.08249188277626021
GLY 732,L GLY   4,0.0,0.0,0.0,-2.148582089552239,0.5760224605882133,0.04062949172119784,-4.549597014925372,0.9413521141300736,0.06639785866808702,4.801482587064676,0.6163036427322409,0.043470707243887,0.0,0.0,0.0,-1.8966965174129367,0.7727460965859763,0.05450530713987633
THR 733,L THR   5,0.0,0.0,0.0,-2.2817363184079613,0.21836972874510893,0.015402613080659391,-2.0830597014925365,0.5872344632629262,0.04142032541435821,5.352940298507463,0.7012254138384061,0.0494606271379551,0.0,0.0,0.0,0.9881442786069654,0.6957619282310027,0.04907526257590624
PHE 734,L PHE   6,0.0,0.0,0.0,-2.2477412935323398,0.2410177275871124,0.017000079749777165,-2.3982835820895514,0.9726255865036146,0.06860371933122224,4.635223880597018,0.7281498360284621,0.05135972945308329,0.0,0.0,0.0,-0.010800995024875849,1.0594706554925237,0.0747292981982487
THR 735,L THR   7,0.0,0.0,0.0,-1.8773781094527364,0.13523550977052307,0.009538777392504107,0.08987562189054739,0.4336192582750468,0.030585144277616147,1.234721393034826,0.5149696817526521,0.03632316073243307,0.0,0.0,0.0,-0.5527810945273631,0.44464922934265977,0.03136313845117494
SER 736,L SER   8,0.0,0.0,0.0,-1.1422686567164184,0.3466661368098023,0.024451943976543107,0.14954228855721396,0.5566093152326127,0.03926019402453799,-0.547592039800995,0.4837753711051016,0.03412288370693498,0.0,0.0,0.0,-1.5403184079601997,0.4844265811727472,0.03416881652355666
ASP 737,L ASP   9,0.0,0.0,0.0,-1.3176517412935316,0.23352048949585222,0.01647126534790532,13.994189054726359,0.937841744852437,0.06615025631008445,-12.361587064676623,1.069527567453914,0.07543865807435295,0.0,0.0,0.0,0.31495024875621824,0.6228718015024463,0.04393398944316975
VAL 738,L VAL  10,0.0,0.0,0.0,-1.0658009950248766,0.14003322348856911,0.00987718202622095,0.4504577114427863,0.578857288672681,0.04082944507730706,0.08988557213930352,0.625211766584266,0.04409903785434213,0.0,0.0,0.0,-0.5254577114427855,0.4888567325179177,0.03448129530644727
SER 739,L SER  11,0.0,0.0,0.0,-1.0212686567164173,0.11716611273240858,0.008264260394299868,2.153194029850747,0.3367857833177544,0.023755037574668188,-1.665845771144278,0.4215494766787031,0.029733807524280963,0.0,0.0,0.0,-0.5339203980099497,0.37393896811174615,0.02637562117563083
SER 740,L SER  12,0.0,0.0,0.0,-0.6783631840796022,0.0671545513644878,0.0047367168389892515,2.3817860696517417,0.42068682175105127,0.02967296053715916,-2.5893134328358207,0.4090690392516751,0.028853505341965787,0.0,0.0,0.0,-0.885890547263682,0.2667790894119341,0.01881714611194567
TYR 741,L TYR  13,0.0,0.0,0.0,-1.6485572139303482,0.2654996003223788,0.018726897909959996,-2.2479502487562186,1.281137262002779,0.09036445510667485,2.702985074626866,0.5026950004314936,0.03545737146683902,0.0,0.0,0.0,-1.1935223880597021,1.0860433050500549,0.07660358838496384
LEU 742,L LEU  14,0.0,0.0,0.0,-1.8759452736318407,0.3900264718532825,0.02751034619905098,3.0470646766169143,0.973880549233397,0.06869223757717403,0.03305472636815916,0.747892722499831,0.0527522852947807,0.0,0.0,0.0,1.2041741293532324,0.9140702176057345,0.06447354205751198
GLU 743,L GLU  15,0.0,0.0,0.0,-1.3947064676616916,0.23987262044212554,0.016919310119336683,12.421104477611944,0.7040214365444047,0.04965784337370682,-10.257049751243787,1.0136827776203547,0.07149967030658837,0.0,0.0,0.0,0.7693482587064678,0.8485435271816318,0.05985164567627553
GLY 744,L GLY  16,0.0,0.0,0.0,-1.699582089552239,0.2974321520151289,0.02097924644392593,-2.1073681592039804,0.7871393346291942,0.055520527875055625,4.9332238805970166,0.8882539665441559,0.06265260410709304,0.0,0.0,0.0,1.1262736318407962,0.6152346797729039,0.04339530841019864
GLN 745,L GLN  17,0.0,0.0,0.0,-0.8813731343283586,0.17424359649647309,0.01229019568802219,1.4108606965174133,0.48047963235911734,0.03389042021938545,-1.1882636815920393,0.5065266222314821,0.03572763323066403,0.0,0.0,0.0,-0.6587761194029836,0.3064110084451669,0.02161256614576104
ALA 746,L ALA  18,0.0,0.0,0.0,-1.2186915422885574,0.21654570916396063,0.01527395665917907,0.04804477611940325,0.6025461589098293,0.042500329153948635,0.749154228855721,0.6761575599408784,0.0476924770533946,0.0,0.0,0.0,-0.42149253731343306,0.4460384397619829,0.03146112579905241
ALA 747,L ALA  19,0.0,0.0,0.0,-0.8687810945273633,0.18356468037557935,0.012947654252939976,-0.29580099502487556,0.5445520960134504,0.038409743352969775,0.4096019900497515,0.5183300402666291,0.03656018214698775,0.0,0.0,0.0,-0.7549800995024871,0.3231813710734966,0.022795456321386163
LYS 748,L LYS  20,0.0,0.0,0.0,-0.32146268656716415,0.12237589855852442,0.008631730353501175,-16.35518407960199,1.0584470558769972,0.07465709904812808,16.305686567164184,1.0654466310661534,0.07515081101538247,0.0,0.0,0.0,-0.3709601990049756,0.273032989474264,0.019258262211043892
GLU 749,L GLU  21,0.0,0.0,0.0,-0.4275074626865673,0.19718703698835896,0.013908501204388624,6.701318407960201,1.312535114189158,0.09257908884537872,-6.556870646766166,1.2366355146942576,0.08722554387046358,0.0,0.0,0.0,-0.28305970149253645,0.33643582019807117,0.023730353079450112
PHE 750,L PHE  22,0.0,0.0,0.0,-0.5797761194029852,0.12908709168875881,0.009105101418660293,-1.2055323383084575,0.4888226592925254,0.034478891966432404,1.3253582089552238,0.49779101195867587,0.03511147078988671,0.0,0.0,0.0,-0.4599502487562195,0.21834066110320155,0.015400562807281118
ILE 751,L ILE  23,0.0,0.0,0.0,-0.13098507462686554,0.02369173452273913,0.0016710861077699844,-0.12082089552238807,0.2939069940566521,0.020730600972803867,0.09289552238805959,0.28442992479564194,0.020062140047359685,0.0,0.0,0.0,-0.15891044776119387,0.04952994913174836,0.003493573247377809
ALA 752,L ALA  24,0.0,0.0,0.0,-0.05917910447761195,0.017500469395098642,0.0012343879363300402,1.0591492537313438,0.3136068737379027,0.022120123349415065,-1.0122736318407959,0.28951862561561176,0.020421069328737863,0.0,0.0,0.0,-0.012303482587064684,0.03608589032307305,0.0025453024533733794
TRP 753,L TRP  25,0.0,0.0,0.0,-0.0992338308457712,0.023945835432875213,0.0016890090040650012,-0.20291044776119443,0.4010070680141594,0.028284857735209806,0.33742786069651753,0.35479621509911463,0.02502539548433847,0.0,0.0,0.0,0.03528358208955229,0.09790102718300343,0.006905406031158493
LEU 754,L LEU  26,0.0,0.0,0.0,-0.05132338308457713,0.015739480432216717,0.0011101773518756256,0.054601990049751636,0.21731953866734324,0.015328538383942368,-0.048273631840796014,0.20603363911992323,0.014532492407263044,0.0,0.0,0.0,-0.044995024875620765,0.031629619205249204,0.002230981323769945
VAL 755,L VAL  27,0.0,0.0,0.0,-0.013243781094527356,0.002163761611243074,0.0001526199766253439,0.24515422885572102,0.19638438573300349,0.013851886549985787,-0.23337313432835824,0.190282442790854,0.01342148867973934,0.0,0.0,0.0,-0.001462686567164086,0.009471079348530753,0.0006680384295935076
LYS 756,L LYS  28,0.0,0.0,0.0,-0.010089552238805942,0.0018983995088053388,0.0001339027770683962,-9.683417910447758,0.7446342682888994,0.052522451655565044,9.557293532338305,0.7348676453126857,0.05183356718576342,0.0,0.0,0.0,-0.13621393034825877,0.01995938674854956,0.0014078265938315636
GLY 757,L GLY  29,0.0,0.0,0.0,-0.007895522388059701,0.00305244862979845,0.00021530312586619222,-1.4969402985074627,0.2175440400724782,0.015344373492128973,1.47636815920398,0.21411751964749773,0.01510268537618798,0.0,0.0,0.0,-0.02846766169154202,0.006675133852235303,0.00047082763979434874
ARG 758,L ARG  30,0.0,0.0,0.0,-0.0035273631840796018,0.0010929432226780178,7.709027104983076e-05,-9.772845771144283,0.5614274372152944,0.03960003814625364,9.631507462686562,0.5544777751886859,0.039109846782036904,0.0,0.0,0.0,-0.14486567164179098,0.016692920585781527,0.0011774278351056745
GLY 759,L GLY  31,0.0,0.0,0.0,-0.002661691542288557,0.0011351354377640436,8.006628044325988e-05,30.58630348258706,1.985065574674925,0.14001573002887874,-30.153656716417903,1.9600909732588612,0.13825415746721506,0.0,0.0,0.0,0.42998507462686625,0.050542084096279825,0.0035649637433667557

