#Frame     e_ab[bond]  e_ab[angle]    e_ab[dih]  e_ab[vdw14] e_ab[elec14]    e_ab[vdw]   e_ab[elec]  e_ab[total]    e_a[bond]   e_a[angle]     e_a[dih]   e_a[vdw14]  e_a[elec14]     e_a[vdw]    e_a[elec]   e_a[total]    e_b[bond]   e_b[angle]     e_b[dih]   e_b[vdw14]  e_b[elec14]     e_b[vdw]    e_b[elec]   e_b[total]
       1       7.6984      19.0675       9.2218       3.2954    -529.6198       0.6983     152.2122    -337.4261       0.3836       2.6610       0.0000       0.0000       0.0000       0.0000       0.0000       3.0447       7.3148      16.4064       9.2218       3.2954    -529.6198      -3.0789     374.1430    -122.3173
       2      10.4355      24.5465      10.8960       5.2920    -546.4046       7.6044     151.1223    -336.5079       0.3751       2.8191       0.0000       0.0000       0.0000       0.0000       0.0000       3.1941      10.0605      21.7274      10.8960       5.2920    -546.4046      -3.1650     386.5125    -115.0812
       3       8.9375      26.7213      13.4224       3.6038    -540.3997       2.3148     150.2726    -335.1272       0.2639       1.9189       0.0000       0.0000       0.0000       0.0000       0.0000       2.1829       8.6736      24.8024      13.4224       3.6038    -540.3997      -3.3254     375.5880    -117.6349
       4      18.6945      26.3857       9.1608       3.6162    -555.8421       1.5334     163.0369    -333.4146       0.0382       1.5636       0.0000       0.0000       0.0000       0.0000       0.0000       1.6018      18.6563      24.8220       9.1608       3.6162    -555.8421      -4.0934     385.1828    -118.4973
       5       7.8937      24.3049      11.2525       3.7263    -545.1469       1.1332     155.2049    -341.6314       0.9712       2.9702       0.0000       0.0000       0.0000       0.0000       0.0000       3.9414       6.9225      21.3347      11.2525       3.7263    -545.1469      -3.9076     382.8483    -122.9702
       6      10.5921      22.2394       8.9785       3.4454    -538.4633       2.6210     159.2047    -331.3824       0.0068       0.8647       0.0000       0.0000       0.0000       0.0000       0.0000       0.8715      10.5852      21.3748       8.9785       3.4454    -538.4633      -1.0609     380.1225    -115.0179
       7      12.5054      21.0764       9.9292       4.8326    -544.0848       6.2672     152.4663    -337.0077       1.5733       0.2672       0.0000       0.0000       0.0000       0.0000       0.0000       1.8405      10.9321      20.8092       9.9292       4.8326    -544.0848      -0.8337     379.0071    -119.4083
       8      18.4998      21.9455      13.4615       4.6427    -552.8423       9.0266     158.8316    -326.4345       1.1706       2.6779       0.0000       0.0000       0.0000       0.0000       0.0000       3.8484      17.3292      19.2677      13.4615       4.6427    -552.8423      -2.9688     394.0689    -107.0409
       9       7.6353      26.3343      14.4833       4.6795    -546.3688       0.5505     159.8177    -332.8681       0.1419       2.6960       0.0000       0.0000       0.0000       0.0000       0.0000       2.8378       7.4935      23.6384      14.4833       4.6795    -546.3688      -2.9055     381.5201    -117.4596
      10       6.7449      27.5096      11.3569       4.1088    -535.4316       4.4154     144.5865    -336.7095       0.9373       2.0846       0.0000       0.0000       0.0000       0.0000       0.0000       3.0219       5.8076      25.4250      11.3569       4.1088    -535.4316      -3.7267     373.1032    -119.3568
      11      10.7678      27.2329      11.9030       4.1056    -539.2355       3.2830     156.5110    -325.4322       0.3690       1.4948       0.0000       0.0000       0.0000       0.0000       0.0000       1.8638      10.3988      25.7381      11.9030       4.1056    -539.2355       0.2769     372.8970    -113.9162
      12       9.3364      24.6420      12.6887       3.6598    -536.8588       1.0332     153.9478    -331.5509       0.2327       1.0862       0.0000       0.0000       0.0000       0.0000       0.0000       1.3189       9.1037      23.5558      12.6887       3.6598    -536.8588      -2.9490     375.7819    -115.0180
      13      12.0147      25.1357      12.8713       4.2354    -539.8603       2.2325     152.6896    -330.6811       0.5725       1.7656       0.0000       0.0000       0.0000       0.0000       0.0000       2.3381      11.4423      23.3701      12.8713       4.2354    -539.8603      -4.2549     376.9299    -115.2664
      14      13.4311      26.9460       8.6840       3.2481    -544.4959      -0.5597     158.3446    -334.4018       0.4228       1.7678       0.0000       0.0000       0.0000       0.0000       0.0000       2.1906      13.0083      25.1783       8.6840       3.2481    -544.4959      -4.8117     379.9823    -119.2066
      15      18.6043      28.8734      15.8371       2.6953    -550.5966       5.4833     158.8162    -320.2869       3.2055       3.9703       0.0000       0.0000       0.0000       0.0000       0.0000       7.1757      15.3988      24.9031      15.8371       2.6953    -550.5966      -3.7762     390.8379    -104.7005
      16      12.6077      31.0629       9.1188       4.1468    -535.9879       3.8482     151.1371    -324.0665       0.6476       0.1804       0.0000       0.0000       0.0000       0.0000       0.0000       0.8280      11.9601      30.8825       9.1188       4.1468    -535.9879      -4.0434     367.7444    -116.1788
      17      12.5319      25.3621       9.7391       2.9548    -545.7078      -1.2512     164.1008    -332.2704       1.7038       1.7453       0.0000       0.0000       0.0000       0.0000       0.0000       3.4491      10.8281      23.6168       9.7391       2.9548    -545.7078      -4.7464     384.4551    -118.8603
      18      13.2707      22.1710      10.3892       4.3493    -545.8154       5.0955     155.6667    -334.8730       0.1212       3.2958       0.0000       0.0000       0.0000       0.0000       0.0000       3.4170      13.1495      18.8752      10.3892       4.3493    -545.8154      -2.3514     382.1995    -119.2040
      19      11.2017      26.3207      10.2087       3.6551    -548.3270       1.1892     159.3249    -336.4266       2.0640       1.8968       0.0000       0.0000       0.0000       0.0000       0.0000       3.9608       9.1377      24.4239      10.2087       3.6551    -548.3270      -3.5414     380.0627    -124.3802
      20      13.5512      20.1441      11.4840       4.8787    -548.4336      -0.9794     170.1322    -329.2229       1.6952       1.2159       0.0000       0.0000       0.0000       0.0000       0.0000       2.9111      11.8559      18.9282      11.4840       4.8787    -548.4336      -3.4972     385.5384    -119.2457
      21      10.6124      25.6247       9.4057       3.4653    -545.7328       1.1959     158.8668    -336.5620       0.1582       2.9206       0.0000       0.0000       0.0000       0.0000       0.0000       3.0788      10.4542      22.7041       9.4057       3.4653    -545.7328      -2.8450     382.6995    -119.8490
      22       7.8202      30.5919       9.2974       4.1817    -535.8094       0.5027     152.7439    -330.6715       0.5449       3.6829       0.0000       0.0000       0.0000       0.0000       0.0000       4.2277       7.2754      26.9091       9.2974       4.1817    -535.8094      -3.4264     375.1678    -116.4043
      23      12.1710      23.9188      11.5406       5.1068    -542.6065       6.5490     150.1149    -333.2055       0.6020       2.7806       0.0000       0.0000       0.0000       0.0000       0.0000       3.3825      11.5690      21.1382      11.5406       5.1068    -542.6065      -2.5239     378.8522    -116.9236
      24       8.2973      20.7536      10.4410       6.8370    -537.8719       2.9627     158.9751    -329.6053       0.4767       2.0155       0.0000       0.0000       0.0000       0.0000       0.0000       2.4922       7.8206      18.7381      10.4410       6.8370    -537.8719      -1.6901     380.8922    -114.8332
      25       7.9799      30.1405      12.8817       3.1394    -546.2635       0.4050     154.7886    -336.9284       0.1445       2.2384       0.0000       0.0000       0.0000       0.0000       0.0000       2.3829       7.8354      27.9021      12.8817       3.1394    -546.2635      -3.1061     376.1510    -121.4600
      26      12.8362      23.4014      10.2937       4.4102    -539.6124      -0.3264     160.6587    -328.3385       0.2217       3.1907       0.0000       0.0000       0.0000       0.0000       0.0000       3.4125      12.6145      20.2107      10.2937       4.4102    -539.6124      -2.0004     379.5102    -114.5735
      27      14.6680      29.9597       9.5095       6.0781    -547.8520       2.8021     153.2443    -331.5903       1.0831       2.6369       0.0000       0.0000       0.0000       0.0000       0.0000       3.7201      13.5848      27.3227       9.5095       6.0781    -547.8520      -3.8351     383.0112    -112.1807
      28      13.1018      31.7395      10.1387       3.9208    -538.6419       8.0757     147.6482    -324.0171       0.7977       1.6303       0.0000       0.0000       0.0000       0.0000       0.0000       2.4280      12.3041      30.1092      10.1387       3.9208    -538.6419      -4.2550     382.3272    -104.0968
      29      14.1434      19.6237      13.1552       4.6710    -541.0576       2.6621     152.0800    -334.7224       0.4173       1.8403       0.0000       0.0000       0.0000       0.0000       0.0000       2.2576      13.7261      17.7834      13.1552       4.6710    -541.0576      -1.6842     377.3599    -116.0463
      30      14.8679      19.1514       9.3607       5.3458    -545.3409       3.6946     157.4923    -335.4282       0.0285       2.0632       0.0000       0.0000       0.0000       0.0000       0.0000       2.0916      14.8394      17.0882       9.3607       5.3458    -545.3409      -2.1399     380.6365    -120.2102
      31       7.5537      28.9526      10.4106       3.2599    -539.9994      -0.0240     154.4375    -335.4090       0.7692       0.8639       0.0000       0.0000       0.0000       0.0000       0.0000       1.6332       6.7845      28.0887      10.4106       3.2599    -539.9994      -4.4110     378.2702    -117.5966
      32       4.5842      25.8166       9.4998       3.8911    -537.8347       9.6030     148.5257    -335.9144       0.0663       1.5217       0.0000       0.0000       0.0000       0.0000       0.0000       1.5880       4.5179      24.2949       9.4998       3.8911    -537.8347      -3.2318     375.3041    -123.5587
      33       9.1751      30.5102      13.9105       5.2463    -545.2895       4.2888     155.5145    -326.6441       0.2888       3.3699       0.0000       0.0000       0.0000       0.0000       0.0000       3.6587       8.8863      27.1403      13.9105       5.2463    -545.2895      -3.3479     378.8539    -114.6000
      34      13.1131      16.6748      10.6424       2.8270    -537.2586       3.8110     152.8107    -337.3795       0.1652       1.0107       0.0000       0.0000       0.0000       0.0000       0.0000       1.1759      12.9479      15.6641      10.6424       2.8270    -537.2586      -1.9416     374.5158    -122.6030
      35      15.9528      23.6724       9.8870       3.5992    -549.0568      -2.3312     163.9409    -334.3357       0.6638       1.2855       0.0000       0.0000       0.0000       0.0000       0.0000       1.9493      15.2890      22.3869       9.8870       3.5992    -549.0568      -4.8186     384.7846    -117.9287
      36       8.9742      32.9532      13.4490       3.4682    -540.8076       2.3635     156.3297    -323.2699       0.2482       2.1495       0.0000       0.0000       0.0000       0.0000       0.0000       2.3977       8.7260      30.8036      13.4490       3.4682    -540.8076      -4.0649     385.5092    -102.9166
      37       8.6881      22.7477      11.6472       4.5184    -538.0367       9.7704     148.0402    -332.6247       0.3800       3.3574       0.0000       0.0000       0.0000       0.0000       0.0000       3.7374       8.3081      19.3903      11.6472       4.5184    -538.0367       0.0727     380.5272    -113.5728
      38      11.2720      21.5523       9.7025       4.4243    -547.3538       0.9831     153.9558    -345.4637       0.3461       0.7078       0.0000       0.0000       0.0000       0.0000       0.0000       1.0539      10.9259      20.8445       9.7025       4.4243    -547.3538      -4.4044     384.2376    -121.6233
      39      14.6736      29.9559      13.6956       3.1480    -552.6197       1.8065     162.4602    -326.8799       0.1651       2.2721       0.0000       0.0000       0.0000       0.0000       0.0000       2.4372      14.5085      27.6838      13.6956       3.1480    -552.6197      -3.6876     384.1428    -113.1287
      40       9.6903      23.7130      10.6393       3.9950    -538.8026       6.6898     161.1224    -322.9527       0.2884       1.6098       0.0000       0.0000       0.0000       0.0000       0.0000       1.8982       9.4019      22.1032      10.6393       3.9950    -538.8026      -2.8582     381.1665    -114.3549
      41      13.7486      28.7556       7.1504       4.2502    -549.8413      -0.8773     163.5379    -333.2760       0.4064       3.1015       0.0000       0.0000       0.0000       0.0000       0.0000       3.5080      13.3421      25.6541       7.1504       4.2502    -549.8413      -3.6888     384.8996    -118.2337
      42      12.5483      25.8013       9.3720       3.7608    -548.2020       1.8764     156.1166    -338.7266       0.0791       0.8964       0.0000       0.0000       0.0000       0.0000       0.0000       0.9754      12.4693      24.9050       9.3720       3.7608    -548.2020      -4.6267     385.3626    -116.9592
      43       7.8807      26.1722       9.7688       4.5071    -546.3542      -0.7411     167.6492    -331.1173       0.5480       3.8530       0.0000       0.0000       0.0000       0.0000       0.0000       4.4010       7.3327      22.3192       9.7688       4.5071    -546.3542      -2.8911     386.4474    -118.8701
      44      12.8138      23.8201       8.3012       3.8127    -551.4845       6.1048     162.5276    -334.1044       0.2917       2.1630       0.0000       0.0000       0.0000       0.0000       0.0000       2.4547      12.5221      21.6570       8.3012       3.8127    -551.4845      -4.0976     393.7546    -115.5346
      45      14.3499      33.1248       9.8534       2.2774    -543.0277       4.2259     153.8698    -325.3265       1.6069       5.9402       0.0000       0.0000       0.0000       0.0000       0.0000       7.5471      12.7430      27.1845       9.8534       2.2774    -543.0277      -4.1175     389.9330    -105.1540
      46      15.1985      24.7844       8.3240       4.0111    -551.2596       3.5496     163.0912    -332.3009       0.2089       0.7423       0.0000       0.0000       0.0000       0.0000       0.0000       0.9512      14.9896      24.0421       8.3240       4.0111    -551.2596      -3.6654     386.2406    -117.3176
      47      10.1161      29.8497      13.4593       3.6786    -545.8656       2.4923     154.9984    -331.2712       0.2885       1.6162       0.0000       0.0000       0.0000       0.0000       0.0000       1.9047       9.8276      28.2335      13.4593       3.6786    -545.8656      -3.1943     381.0949    -112.7660
      48      13.1593      25.6248      12.9155       3.7518    -538.7795       4.3619     143.6473    -335.3189       0.0710       2.5641       0.0000       0.0000       0.0000       0.0000       0.0000       2.6351      13.0884      23.0607      12.9155       3.7518    -538.7795      -4.0817     372.3498    -117.6950
      49      12.3445      26.9540       8.4526       4.1408    -551.7240       0.3097     159.1857    -340.3367       1.0368       1.9645       0.0000       0.0000       0.0000       0.0000       0.0000       3.0012      11.3078      24.9895       8.4526       4.1408    -551.7240      -3.6614     384.0373    -122.4574
      50      13.9470      28.0048       9.8597       4.4583    -547.5937      11.8956     154.2406    -325.1878       0.2040       1.3209       0.0000       0.0000       0.0000       0.0000       0.0000       1.5249      13.7430      26.6838       9.8597       4.4583    -547.5937      -2.0344     390.4497    -104.4335
      51      11.1469      25.4134      12.5676       3.9274    -545.6290       5.2359     157.4000    -329.9377       0.1561       2.1932       0.0000       0.0000       0.0000       0.0000       0.0000       2.3493      10.9909      23.2202      12.5676       3.9274    -545.6290      -2.5634     390.6197    -106.8666
      52      15.9043      26.3961      10.6185       3.1726    -559.7429       3.9635     160.6238    -339.0641       0.0100       1.2369       0.0000       0.0000       0.0000       0.0000       0.0000       1.2468      15.8943      25.1592      10.6185       3.1726    -559.7429      -3.5005     390.3388    -118.0599
      53      10.1754      33.6012      11.3427       3.8180    -543.8933      -0.1171     156.1149    -328.9581       0.0097       6.0035       0.0000       0.0000       0.0000       0.0000       0.0000       6.0132      10.1658      27.5977      11.3427       3.8180    -543.8933      -4.7134     382.6442    -113.0382
      54      10.1297      26.4579      10.2720       5.4040    -544.3491       1.5397     159.2267    -331.3190       0.2569       2.8417       0.0000       0.0000       0.0000       0.0000       0.0000       3.0985       9.8728      23.6163      10.2720       5.4040    -544.3491      -3.7745     386.4349    -112.5236
      55      14.0092      27.7636      10.3577       5.1056    -538.0202       2.8111     150.5635    -327.4095       2.2394       2.2890       0.0000       0.0000       0.0000       0.0000       0.0000       4.5284      11.7698      25.4746      10.3577       5.1056    -538.0202      -2.6023     374.5030    -113.4118
      56      12.1101      19.6831       9.7685       4.4446    -544.2354       4.7802     157.2233    -336.2257       1.0054       0.3351       0.0000       0.0000       0.0000       0.0000       0.0000       1.3405      11.1047      19.3480       9.7685       4.4446    -544.2354      -2.9612     382.8441    -119.6867
      57      10.7096      23.3130      11.2643       5.8790    -539.4646       4.9365     157.0584    -326.3038       0.4644       2.5064       0.0000       0.0000       0.0000       0.0000       0.0000       2.9707      10.2452      20.8066      11.2643       5.8790    -539.4646       0.4966     376.2752    -114.4976
      58      11.0515      29.9567      11.6716       4.1078    -544.0128       0.1141     164.3526    -322.7586       4.5785       2.1977       0.0000       0.0000       0.0000       0.0000       0.0000       6.7762       6.4730      27.7590      11.6716       4.1078    -544.0128      -4.8641     385.4440    -113.4215
      59       7.8981      23.8820      10.0450       4.3611    -541.3560       3.2321     158.6556    -333.2821       0.3843       2.3284       0.0000       0.0000       0.0000       0.0000       0.0000       2.7128       7.5137      21.5536      10.0450       4.3611    -541.3560      -1.5356     381.4063    -118.0119
      60      12.2369      27.1547       9.5302       4.7050    -534.4977      -1.0763     148.8751    -333.0721       1.9926       1.9052       0.0000       0.0000       0.0000       0.0000       0.0000       3.8978      10.2443      25.2495       9.5302       4.7050    -534.4977      -3.7217     380.2144    -108.2761
      61       8.9367      18.0526       8.3659       5.3941    -537.2116      -1.4905     157.5134    -340.4394       0.6978       0.8644       0.0000       0.0000       0.0000       0.0000       0.0000       1.5622       8.2389      17.1882       8.3659       5.3941    -537.2116      -3.5911     380.8979    -120.7178
      62      11.3699      24.1202       9.2873       4.4871    -539.6488       2.2531     155.7160    -332.4152       1.5385       5.0337       0.0000       0.0000       0.0000       0.0000       0.0000       6.5722       9.8314      19.0865       9.2873       4.4871    -539.6488      -0.2811     375.7060    -121.5315
      63       8.7099      21.5129      10.7807       6.0380    -535.9076       0.2577     159.1909    -329.4175       0.5417       0.7293       0.0000       0.0000       0.0000       0.0000       0.0000       1.2710       8.1682      20.7835      10.7807       6.0380    -535.9076      -3.0269     374.7778    -118.3862
      64      10.5576      22.3267       8.7574       4.4784    -537.0784       4.8729     152.0743    -334.0111       0.3945       0.9106       0.0000       0.0000       0.0000       0.0000       0.0000       1.3051      10.1631      21.4161       8.7574       4.4784    -537.0784      -2.7038     376.4817    -118.4855
      65      13.1629      22.8135       8.2672       4.2257    -542.3791       1.2894     162.3703    -330.2501       0.2277       1.8422       0.0000       0.0000       0.0000       0.0000       0.0000       2.0700      12.9352      20.9713       8.2672       4.2257    -542.3791      -1.5297     384.4694    -113.0400
      66      12.0603      25.9791      10.0634       3.8734    -551.5571       3.3460     154.1183    -342.1165       0.2494       3.9961       0.0000       0.0000       0.0000       0.0000       0.0000       4.2455      11.8109      21.9830      10.0634       3.8734    -551.5571      -4.2850     387.1191    -120.9921
      67      15.8122      26.4731      12.8807       3.4826    -542.5365       4.2719     146.4228    -333.1933       0.6232       4.8935       0.0000       0.0000       0.0000       0.0000       0.0000       5.5167      15.1890      21.5796      12.8807       3.4826    -542.5365      -3.8898     379.5711    -113.7233
      68       9.3600      31.0769      10.5344       4.9751    -549.9518       0.0261     162.3251    -331.6543       0.2254       1.1299       0.0000       0.0000       0.0000       0.0000       0.0000       1.3553       9.1346      29.9469      10.5344       4.9751    -549.9518      -3.6710     379.1987    -119.8331
      69      15.4879      28.2464       8.6421       4.6007    -553.6955       1.3140     162.3820    -333.0224       0.1911       0.0669       0.0000       0.0000       0.0000       0.0000       0.0000       0.2580      15.2968      28.1794       8.6421       4.6007    -553.6955      -2.6060     387.0750    -112.5076
      70       9.8142      20.0945      14.3450       3.5580    -548.3936      -3.0985     169.8836    -333.7969       0.8004       0.4834       0.0000       0.0000       0.0000       0.0000       0.0000       1.2838       9.0138      19.6111      14.3450       3.5580    -548.3936      -3.1606     383.3954    -121.6310
      71      10.4778      25.7267       7.6274       3.5974    -533.1952       2.6815     150.1242    -332.9602       0.4162       1.9228       0.0000       0.0000       0.0000       0.0000       0.0000       2.3390      10.0615      23.8039       7.6274       3.5974    -533.1952      -3.5664     371.9691    -119.7022
      72      15.6405      27.6777      10.7523       4.4340    -544.5066       3.3633     158.2424    -324.3965       3.0462       4.3987       0.0000       0.0000       0.0000       0.0000       0.0000       7.4449      12.5943      23.2790      10.7523       4.4340    -544.5066      -1.5531     382.7463    -112.2538
      73      13.5217      18.5958      11.4629       3.9938    -550.8447       2.3591     157.5231    -343.3884       0.0571       1.7536       0.0000       0.0000       0.0000       0.0000       0.0000       1.8106      13.4646      16.8422      11.4629       3.9938    -550.8447      -2.3442     379.2322    -128.1932
      74       7.5123      29.7073      13.2971       5.3256    -543.2046       2.1455     162.7870    -322.4299       1.5899       1.8771       0.0000       0.0000       0.0000       0.0000       0.0000       3.4670       5.9223      27.8302      13.2971       5.3256    -543.2046      -0.4052     381.5707    -109.6639
      75       6.8034      20.8949       8.9426       5.4369    -536.9383       5.6105     149.7832    -339.4666       0.7640       4.8698       0.0000       0.0000       0.0000       0.0000       0.0000       5.6337       6.0395      16.0251       8.9426       5.4369    -536.9383      -1.1294     376.0907    -125.5328
      76      14.1495      29.0872      11.4494       5.2083    -544.3347      -0.1207     157.2558    -327.3052       0.2877       4.5781       0.0000       0.0000       0.0000       0.0000       0.0000       4.8659      13.8617      24.5091      11.4494       5.2083    -544.3347      -3.9477     386.0605    -107.1933
      77      14.4189      24.3998      11.2474       2.9495    -552.1214      -4.2276     172.1841    -331.1492       0.0105       1.5429       0.0000       0.0000       0.0000       0.0000       0.0000       1.5534      14.4084      22.8570      11.2474       2.9495    -552.1214      -4.2829     392.2107    -112.7314
      78       8.3632      27.7655      11.2942       3.4921    -540.2603       2.3002     159.4355    -327.6096       0.2919       1.5910       0.0000       0.0000       0.0000       0.0000       0.0000       1.8828       8.0713      26.1745      11.2942       3.4921    -540.2603      -3.6162     382.9100    -111.9343
      79      15.7176      25.9114       9.8722       2.7097    -543.6170      -2.2236     153.6406    -337.9891       0.5342       4.4680       0.0000       0.0000       0.0000       0.0000       0.0000       5.0022      15.1834      21.4434       9.8722       2.7097    -543.6170      -3.9196     382.7064    -115.6216
      80       7.6490      28.1882       8.1732       3.2799    -543.3357       1.5679     154.0879    -340.3896       0.9217       2.1421       0.0000       0.0000       0.0000       0.0000       0.0000       3.0638       6.7273      26.0461       8.1732       3.2799    -543.3357      -2.8354     381.5263    -120.4183
      81      10.1842      28.1415       8.1048       4.5976    -544.7072      -0.3557     168.8558    -325.1791       0.3684       3.0752       0.0000       0.0000       0.0000       0.0000       0.0000       3.4436       9.8158      25.0663       8.1048       4.5976    -544.7072      -3.1578     386.8755    -113.4051
      82      11.4697      19.9016      10.4481       4.0018    -544.6624       5.0160     155.1113    -338.7139       0.2849       3.5640       0.0000       0.0000       0.0000       0.0000       0.0000       3.8489      11.1848      16.3376      10.4481       4.0018    -544.6624      -2.9013     382.9840    -122.6074
      83      13.5353      25.9834       8.3985       4.5546    -538.5992      -2.3404     153.1330    -335.3347       0.1368       1.0694       0.0000       0.0000       0.0000       0.0000       0.0000       1.2062      13.3986      24.9140       8.3985       4.5546    -538.5992      -4.3917     379.2984    -112.4269
      84      17.2483      23.8438      12.2005       4.8644    -542.9903       2.5629     154.4324    -327.8378       1.4524       1.0898       0.0000       0.0000       0.0000       0.0000       0.0000       2.5422      15.7959      22.7541      12.2005       4.8644    -542.9903      -3.1082     383.3828    -107.1007
      85       8.3284      26.0354       8.6403       5.2755    -538.1971       4.1606     158.7171    -327.0397       0.8056       0.0033       0.0000       0.0000       0.0000       0.0000       0.0000       0.8089       7.5228      26.0321       8.6403       5.2755    -538.1971      -1.8194     378.1030    -114.4428
      86       9.9343      31.7159       6.8459       5.1471    -545.3164       3.8541     152.9546    -334.8644       2.1933       3.4576       0.0000       0.0000       0.0000       0.0000       0.0000       5.6509       7.7411      28.2583       6.8459       5.1471    -545.3164      -4.0184     391.2320    -110.1105
      87       6.8642      25.3637       9.5962       4.9493    -541.8967       6.9448     149.5183    -338.6603       0.0484       4.8745       0.0000       0.0000       0.0000       0.0000       0.0000       4.9229       6.8159      20.4892       9.5962       4.9493    -541.8967      -2.3807     381.0381    -121.3888
      88      18.5790      22.8638      12.0222       5.5065    -554.8828       1.5490     168.0249    -326.3374       0.1911       2.4355       0.0000       0.0000       0.0000       0.0000       0.0000       2.6266      18.3879      20.4283      12.0222       5.5065    -554.8828      -2.4279     392.4136    -108.5522
      89       9.9424      23.4111       9.3825       4.3559    -536.2312       1.3640     161.5547    -326.2206       0.2621       1.2037       0.0000       0.0000       0.0000       0.0000       0.0000       1.4659       9.6802      22.2074       9.3825       4.3559    -536.2312      -2.9900     384.1832    -109.4120
      90      16.6097      27.4793      10.2483       2.8060    -542.3796       0.5881     154.5830    -330.0652       0.5269       3.8650       0.0000       0.0000       0.0000       0.0000       0.0000       4.3920      16.0828      23.6142      10.2483       2.8060    -542.3796      -4.2849     387.9668    -105.9464
      91      17.4954      30.8082      10.9028       3.8294    -554.0836       0.9996     161.4465    -328.6017       0.9003       1.5661       0.0000       0.0000       0.0000       0.0000       0.0000       2.4664      16.5951      29.2421      10.9028       3.8294    -554.0836      -4.7254     390.1570    -108.0827
      92      10.3179      24.0786       6.9655       3.8828    -547.0116       1.7898     161.5018    -338.4751       0.6376       0.9339       0.0000       0.0000       0.0000       0.0000       0.0000       1.5715       9.6803      23.1448       6.9655       3.8828    -547.0116      -2.5310     387.5588    -118.3104
      93      13.7061      24.8224       9.6859       4.0383    -539.2907       6.1978     149.3170    -331.5233       0.0586       1.1439       0.0000       0.0000       0.0000       0.0000       0.0000       1.2026      13.6475      23.6784       9.6859       4.0383    -539.2907      -3.6441     382.3989    -109.4858
      94      13.2149      23.3409       9.8176       4.5838    -544.1807       6.8455     149.1218    -337.2563       0.1420       2.5127       0.0000       0.0000       0.0000       0.0000       0.0000       2.6548      13.0729      20.8281       9.8176       4.5838    -544.1807      -0.9674     379.5314    -117.3144
      95      10.1466      33.9271      10.8480       5.4085    -540.5289       3.1978     149.2550    -327.7459       0.2797       4.2339       0.0000       0.0000       0.0000       0.0000       0.0000       4.5136       9.8669      29.6932      10.8480       5.4085    -540.5289      -1.9145     375.0255    -111.6013
      96       7.9727      27.7648      14.8799       4.6658    -543.0134       4.7106     153.7010    -329.3186       0.8367       3.1557       0.0000       0.0000       0.0000       0.0000       0.0000       3.9924       7.1360      24.6091      14.8799       4.6658    -543.0134      -2.0328     382.1612    -111.5942
      97      13.6613      23.8803      13.7365       4.2680    -545.8035       0.7287     159.6132    -329.9155       0.1154       2.4004       0.0000       0.0000       0.0000       0.0000       0.0000       2.5158      13.5459      21.4799      13.7365       4.2680    -545.8035      -3.4030     384.2438    -111.9323
      98       9.4627      27.0922       9.8463       2.7410    -536.1660      -0.3419     151.5636    -335.8020       0.4372       1.5644       0.0000       0.0000       0.0000       0.0000       0.0000       2.0016       9.0255      25.5278       9.8463       2.7410    -536.1660      -3.2419     371.8461    -120.4212
      99       7.0052      29.1590       7.1861       3.3375    -539.8655       2.1893     153.1807    -337.8077       1.7272       4.9366       0.0000       0.0000       0.0000       0.0000       0.0000       6.6638       5.2780      24.2224       7.1861       3.3375    -539.8655      -3.1269     382.3028    -120.6657
     100       8.1960      25.3994      10.1423       3.6524    -542.1101       3.3814     151.6664    -339.6721       1.5619       1.0576       0.0000       0.0000       0.0000       0.0000       0.0000       2.6195       6.6341      24.3418      10.1423       3.6524    -542.1101      -3.6154     379.9934    -120.9615
     101      10.9677      24.6274       9.1695       4.0452    -535.5279       0.0180     168.3154    -318.3847       1.7042       2.8908       0.0000       0.0000       0.0000       0.0000       0.0000       4.5951       9.2635      21.7366       9.1695       4.0452    -535.5279      -2.6145     383.0855    -110.8422
     102      18.7223      30.0160      12.8005       4.2009    -558.1454      -2.1128     172.2794    -322.2390       0.2121       1.6361       0.0000       0.0000       0.0000       0.0000       0.0000       1.8482      18.5102      28.3800      12.8005       4.2009    -558.1454      -3.2754     389.5395    -107.9897
     103      13.0456      24.5159      12.3792       4.9801    -539.2776       6.7966     144.1739    -333.3863       0.7677       1.4349       0.0000       0.0000       0.0000       0.0000       0.0000       2.2026      12.2779      23.0811      12.3792       4.9801    -539.2776      -2.5572     376.6262    -112.4903
     104      10.0309      23.1184       7.8644       4.5933    -538.6076       3.7746     150.3893    -338.8368       0.0771       4.9246       0.0000       0.0000       0.0000       0.0000       0.0000       5.0016       9.9538      18.1939       7.8644       4.5933    -538.6076      -1.4510     379.8770    -119.5763
     105       7.3639      21.0174       8.2132       3.4317    -528.3979       7.3392     141.6783    -339.3543       0.0439       0.7166       0.0000       0.0000       0.0000       0.0000       0.0000       0.7605       7.3201      20.3007       8.2132       3.4317    -528.3979      -3.7317     376.8243    -116.0397
     106      12.6447      33.3735       9.2046       3.5141    -541.1183      10.0370     146.0905    -326.2540       2.3938       3.2866       0.0000       0.0000       0.0000       0.0000       0.0000       5.6804      10.2509      30.0868       9.2046       3.5141    -541.1183      -4.5239     383.2154    -109.3705
     107      15.5474      27.0071       9.0374       3.1403    -542.9168      -0.3630     156.4607    -332.0869       0.4125       1.3596       0.0000       0.0000       0.0000       0.0000       0.0000       1.7721      15.1350      25.6474       9.0374       3.1403    -542.9168      -3.8572     380.4785    -113.3354
     108      15.9451      32.2542       6.2639       4.5457    -545.6858       3.9471     154.5338    -328.1961       0.0874       4.0251       0.0000       0.0000       0.0000       0.0000       0.0000       4.1125      15.8577      28.2291       6.2639       4.5457    -545.6858      -2.9899     387.1071    -106.6723
     109      10.8673      27.8509      11.8450       2.4756    -539.7705       2.7943     154.6242    -329.3133       0.2761       2.9723       0.0000       0.0000       0.0000       0.0000       0.0000       3.2484      10.5912      24.8786      11.8450       2.4756    -539.7705      -3.2921     381.5073    -111.7650
     110      14.0569      24.6364      10.1155       4.8334    -545.7075       1.6111     160.4386    -330.0155       0.7476       2.4420       0.0000       0.0000       0.0000       0.0000       0.0000       3.1895      13.3093      22.1945      10.1155       4.8334    -545.7075      -3.9278     381.5392    -117.6433
     111      12.8016      22.9642      12.1608       4.8279    -544.7315       1.1196     153.3249    -337.5325       0.1848       1.2613       0.0000       0.0000       0.0000       0.0000       0.0000       1.4460      12.6168      21.7029      12.1608       4.8279    -544.7315      -4.0220     381.9592    -115.4860
     112      14.9568      21.0600       9.7173       4.1639    -546.1627       0.5958     165.2032    -330.4657       0.0212       3.3236       0.0000       0.0000       0.0000       0.0000       0.0000       3.3448      14.9355      17.7365       9.7173       4.1639    -546.1627      -1.4398     387.3197    -113.7296
     113       7.2262      26.6485      12.4856       3.2017    -538.6028      -1.1004     153.7486    -336.3927       0.9082       0.1483       0.0000       0.0000       0.0000       0.0000       0.0000       1.0565       6.3180      26.5001      12.4856       3.2017    -538.6028      -4.5385     378.6705    -115.9655
     114      12.2659      34.1986      10.3990       4.1312    -547.0212       1.5309     154.8013    -329.6943       0.5493       2.4329       0.0000       0.0000       0.0000       0.0000       0.0000       2.9822      11.7166      31.7657      10.3990       4.1312    -547.0212      -4.0986     391.2758    -101.8316
     115      16.9137      27.2263      11.8768       4.9600    -550.9897      -1.5258     158.3162    -333.2225       0.5763       5.9735       0.0000       0.0000       0.0000       0.0000       0.0000       6.5498      16.3374      21.2528      11.8768       4.9600    -550.9897      -3.6082     387.1891    -112.9818
     116      15.4598      28.2925      12.7686       5.1323    -549.0571       1.4728     161.4864    -324.4446       1.5030       2.1609       0.0000       0.0000       0.0000       0.0000       0.0000       3.6639      13.9568      26.1316      12.7686       5.1323    -549.0571      -2.6301     383.6674    -110.0304
     117      13.6515      31.9913       7.4231       2.9925    -548.2911      -1.6363     163.5202    -330.3489       0.9749       2.1648       0.0000       0.0000       0.0000       0.0000       0.0000       3.1397      12.6766      29.8266       7.4231       2.9925    -548.2911      -3.8836     389.2557    -110.0003
     118      13.8315      21.5484       9.6640       3.2662    -551.9751       0.1142     158.2307    -345.3202       0.4453       1.0573       0.0000       0.0000       0.0000       0.0000       0.0000       1.5026      13.3862      20.4911       9.6640       3.2662    -551.9751      -4.2750     386.9077    -122.5350
     119       9.7845      18.3848      12.7018       4.2829    -537.5158       3.9095     152.0238    -336.4287       0.9265       1.0645       0.0000       0.0000       0.0000       0.0000       0.0000       1.9911       8.8579      17.3202      12.7018       4.2829    -537.5158      -4.0650     383.2220    -115.1961
     120      18.4277      25.0604      12.8222       3.9429    -553.5608       2.2831     160.9129    -330.1116       0.9881       2.7405       0.0000       0.0000       0.0000       0.0000       0.0000       3.7286      17.4396      22.3199      12.8222       3.9429    -553.5608      -4.5873     393.6073    -108.0162
     121      19.4243      16.2103       9.0008       3.9377    -545.6171       3.2826     153.6745    -340.0869       0.1144       1.3115       0.0000       0.0000       0.0000       0.0000       0.0000       1.4258      19.3099      14.8988       9.0008       3.9377    -545.6171      -2.9567     381.5275    -119.8990
     122       9.1632      20.8748       7.9466       3.8053    -541.1536       4.7525     150.9225    -343.6888       0.4603       1.2585       0.0000       0.0000       0.0000       0.0000       0.0000       1.7187       8.7029      19.6163       7.9466       3.8053    -541.1536      -3.4122     383.2178    -121.2770
     123      16.8954      22.5104       8.5821       4.0165    -547.7041       5.0782     157.0837    -333.5377       0.4826       0.9857       0.0000       0.0000       0.0000       0.0000       0.0000       1.4683      16.4128      21.5247       8.5821       4.0165    -547.7041      -2.9998     393.1657    -107.0020
     124      16.2943      23.1984       8.0868       4.3926    -553.9224       6.9042     159.4161    -335.6300       0.3957       2.1376       0.0000       0.0000       0.0000       0.0000       0.0000       2.5333      15.8986      21.0608       8.0868       4.3926    -553.9224      -2.6809     394.4497    -112.7150
     125      12.7227      25.1792      10.6617       3.2810    -539.5274       3.0293     155.4709    -329.1825       1.6815       2.0457       0.0000       0.0000       0.0000       0.0000       0.0000       3.7272      11.0412      23.1335      10.6617       3.2810    -539.5274      -3.1987     387.0827    -107.5259
     126       8.9208      27.0636      10.7074       3.8508    -538.4299       0.1333     156.1479    -331.6062       0.3609       3.7572       0.0000       0.0000       0.0000       0.0000       0.0000       4.1182       8.5599      23.3064      10.7074       3.8508    -538.4299      -4.4354     388.3740    -108.0669
