#Frame     e_ab[bond]  e_ab[angle]    e_ab[dih]  e_ab[vdw14] e_ab[elec14]    e_ab[vdw]   e_ab[elec]  e_ab[total]    e_a[bond]   e_a[angle]     e_a[dih]   e_a[vdw14]  e_a[elec14]     e_a[vdw]    e_a[elec]   e_a[total]    e_b[bond]   e_b[angle]     e_b[dih]   e_b[vdw14]  e_b[elec14]     e_b[vdw]    e_b[elec]   e_b[total]
       1       8.3520      26.8076       9.6586       4.4864    -550.7557      -1.3507     160.5066    -342.2951       0.0635       1.3230       0.0000       0.0000       0.0000       0.0000       0.0000       1.3865       8.2885      25.4846       9.6586       4.4864    -550.7557      -3.9416     381.8925    -124.8865
       2      13.4157      24.4099       9.0379       3.4258    -548.8371       0.1119     169.5550    -328.8808       0.1387       1.5564       0.0000       0.0000       0.0000       0.0000       0.0000       1.6951      13.2771      22.8535       9.0379       3.4258    -548.8371      -2.9692     388.0688    -115.1432
       3       9.5705      25.4112      15.4856       3.6112    -543.8354      -0.2985     161.2293    -328.8260       0.5339       3.5917       0.0000       0.0000       0.0000       0.0000       0.0000       4.1256       9.0366      21.8195      15.4856       3.6112    -543.8354      -3.9625     387.9004    -109.9447
       4      16.2765      30.7993      12.9698       6.4780    -554.1389       2.9471     168.4513    -316.2169       0.6049       7.1521       0.0000       0.0000       0.0000       0.0000       0.0000       7.7570      15.6716      23.6472      12.9698       6.4780    -554.1389      -3.5068     385.5321    -113.3469
       5      17.7731      29.0514       9.4106       4.4169    -556.1788       0.6997     160.4527    -334.3744       0.0572       0.1638       0.0000       0.0000       0.0000       0.0000       0.0000       0.2210      17.7159      28.8876       9.4106       4.4169    -556.1788      -5.3373     390.1500    -110.9350
       6      12.0918      28.1618      11.6832       4.6125    -539.9856       3.9368     149.2419    -330.2575       0.4124       4.9057       0.0000       0.0000       0.0000       0.0000       0.0000       5.3181      11.6794      23.2562      11.6832       4.6125    -539.9856      -3.0689     385.4223    -106.4009
       7       7.8811      22.6013       8.7648       3.8235    -532.2129       9.0807     141.3258    -338.7357       0.4679       6.9577       0.0000       0.0000       0.0000       0.0000       0.0000       7.4256       7.4133      15.6436       8.7648       3.8235    -532.2129      -2.3112     382.1053    -116.7737
       8      13.2987      32.8993       9.5683       4.6014    -547.4006      -0.5134     167.1818    -320.3645       0.1794       5.6016       0.0000       0.0000       0.0000       0.0000       0.0000       5.7810      13.1193      27.2978       9.5683       4.6014    -547.4006      -2.7275     388.7173    -106.8240
       9      12.7055      28.4238      11.0221       4.7381    -544.1660       0.4927     153.0886    -333.6952       1.4815       2.5464       0.0000       0.0000       0.0000       0.0000       0.0000       4.0279      11.2239      25.8774      11.0221       4.7381    -544.1660      -2.5118     379.5080    -114.3082
      10       8.2697      23.3552      10.3206       4.3280    -543.0182       1.1050     164.0342    -331.6055       0.5126       3.4379       0.0000       0.0000       0.0000       0.0000       0.0000       3.9505       7.7571      19.9173      10.3206       4.3280    -543.0182      -3.8742     386.6708    -117.8986
      11       7.9102      21.4678      11.1298       4.0878    -543.5984       4.3770     153.9862    -340.6396       1.0791       1.7299       0.0000       0.0000       0.0000       0.0000       0.0000       2.8090       6.8310      19.7379      11.1298       4.0878    -543.5984      -3.4885     385.5839    -119.7165
      12      19.4164      30.5374       8.1754       6.2992    -544.9169       0.4137     155.0929    -324.9819       0.1291       4.3190       0.0000       0.0000       0.0000       0.0000       0.0000       4.4480      19.2874      26.2184       8.1754       6.2992    -544.9169      -2.5638     381.2079    -106.2924
      13      10.2216      20.8548       9.2283       5.5464    -536.0358       6.0326     146.0058    -338.1463       0.7451       0.8800       0.0000       0.0000       0.0000       0.0000       0.0000       1.6251       9.4765      19.9748       9.2283       5.5464    -536.0358      -2.2299     378.8657    -115.1740
      14      10.2390      22.1154       9.7545       5.1187    -543.4759       2.5014     159.0368    -334.7101       0.6682       2.3127       0.0000       0.0000       0.0000       0.0000       0.0000       2.9809       9.5708      19.8027       9.7545       5.1187    -543.4759      -3.6058     388.4682    -114.3668
      15      16.6982      30.7816       9.9285       4.9589    -537.5868       5.9396     141.9365    -327.3435       0.3828       5.6829       0.0000       0.0000       0.0000       0.0000       0.0000       6.0658      16.3154      25.0986       9.9285       4.9589    -537.5868      -2.9861     382.0838    -102.1875
      16       8.5696      31.4299      11.1801       3.6788    -539.0826       2.9768     155.9538    -325.2935       0.7054       2.2248       0.0000       0.0000       0.0000       0.0000       0.0000       2.9301       7.8643      29.2051      11.1801       3.6788    -539.0826      -2.7892     382.4267    -107.5168
      17       9.3486      27.0258      14.8322       3.3876    -546.8770       3.3539     149.1296    -339.7992       0.1677       3.4634       0.0000       0.0000       0.0000       0.0000       0.0000       3.6310       9.1810      23.5625      14.8322       3.3876    -546.8770      -4.3036     387.6285    -112.5888
      18       8.8735      28.2845       9.3855       5.1032    -544.4193       0.8691     154.1132    -337.7903       0.3069       2.3049       0.0000       0.0000       0.0000       0.0000       0.0000       2.6118       8.5666      25.9795       9.3855       5.1032    -544.4193      -2.8883     384.7908    -113.4820
      19      12.2126      30.7989      10.2839       4.0330    -547.2343       7.5977     147.1827    -335.1256       0.5456       3.5822       0.0000       0.0000       0.0000       0.0000       0.0000       4.1278      11.6670      27.2167      10.2839       4.0330    -547.2343      -3.7460     395.9285    -101.8513
      20       9.8721      25.1630       8.3842       4.2276    -532.2689       0.3030     140.0695    -344.2497       0.5962       3.4593       0.0000       0.0000       0.0000       0.0000       0.0000       4.0555       9.2758      21.7037       8.3842       4.2276    -532.2689      -3.8143     374.3467    -118.1453
      21      12.1994      22.7606       8.6585       3.5038    -536.4937       5.6198     150.0679    -333.6838       1.0723       2.4481       0.0000       0.0000       0.0000       0.0000       0.0000       3.5204      11.1271      20.3125       8.6585       3.5038    -536.4937      -1.7896     384.6882    -109.9933
      22      11.2193      21.0739      11.2652       3.7963    -547.6467       3.4606     156.1604    -340.6710       0.8204       2.3278       0.0000       0.0000       0.0000       0.0000       0.0000       3.1482      10.3989      18.7461      11.2652       3.7963    -547.6467      -3.9682     393.3600    -114.0485
      23      13.7806      25.3776       8.5462       4.7915    -547.5247       4.3962     161.1369    -329.4957       1.0015       0.8226       0.0000       0.0000       0.0000       0.0000       0.0000       1.8241      12.7792      24.5550       8.5462       4.7915    -547.5247      -2.2071     393.0567    -106.0032
      24      14.4637      21.9473      10.0590       3.8857    -551.0914      -1.4929     164.6779    -337.5509       0.5104       1.6796       0.0000       0.0000       0.0000       0.0000       0.0000       2.1900      13.9533      20.2677      10.0590       3.8857    -551.0914      -4.8841     390.7423    -117.0675
      25      11.6719      26.7993      10.4875       5.1219    -534.6268       2.8098     149.2329    -328.5035       2.7703       5.1630       0.0000       0.0000       0.0000       0.0000       0.0000       7.9333       8.9017      21.6362      10.4875       5.1219    -534.6268      -4.2840     382.7775    -109.9860
      26      12.3414      25.5792      12.2115       4.2782    -541.0189       6.5380     149.0480    -331.0227       0.5512       1.5205       0.0000       0.0000       0.0000       0.0000       0.0000       2.0716      11.7903      24.0587      12.2115       4.2782    -541.0189      -2.1045     386.0673    -104.7174
      27      12.1326      20.0020      11.5410       4.8821    -546.0802       3.6876     148.9504    -344.8845       0.7417       3.5040       0.0000       0.0000       0.0000       0.0000       0.0000       4.2458      11.3909      16.4980      11.5410       4.8821    -546.0802      -3.6242     386.8925    -118.5000
      28      10.5072      26.3741      14.0849       4.8884    -534.2190       5.5319     138.1996    -334.6329       0.1895       6.5867       0.0000       0.0000       0.0000       0.0000       0.0000       6.7762      10.3177      19.7874      14.0849       4.8884    -534.2190      -3.9906     374.5805    -114.5507
      29      15.2373      34.0435      11.8501       5.1519    -548.4741       0.1465     157.0756    -324.9691       1.8176       5.1960       0.0000       0.0000       0.0000       0.0000       0.0000       7.0136      13.4197      28.8476      11.8501       5.1519    -548.4741      -4.3364     392.1771    -101.3641
      30      12.9820      30.6084      13.3054       3.2970    -551.4118       7.0645     157.2049    -326.9497       0.1846       2.8562       0.0000       0.0000       0.0000       0.0000       0.0000       3.0409      12.7973      27.7522      13.3054       3.2970    -551.4118      -3.7649     391.9761    -106.0488
      31       7.6529      30.3248      11.3572       3.8277    -551.0093       7.5432     155.0614    -335.2421       0.0811       0.9770       0.0000       0.0000       0.0000       0.0000       0.0000       1.0581       7.5717      29.3479      11.3572       3.8277    -551.0093      -4.5020     390.5865    -112.8203
      32      15.2723      20.6387      12.1038       5.0732    -544.6271       2.5946     153.0633    -335.8811       0.0778       3.0976       0.0000       0.0000       0.0000       0.0000       0.0000       3.1754      15.1946      17.5411      12.1038       5.0732    -544.6271      -3.4832     381.8433    -116.3543
      33      13.2019      24.1008      10.7564       4.0396    -542.8315       2.5803     151.5723    -336.5800       0.3823       2.0585       0.0000       0.0000       0.0000       0.0000       0.0000       2.4408      12.8196      22.0423      10.7564       4.0396    -542.8315      -2.9152     382.3945    -113.6941
      34      10.9105      23.1867       9.8654       5.0880    -546.5966       0.2919     158.0332    -339.2209       0.1500       1.5742       0.0000       0.0000       0.0000       0.0000       0.0000       1.7242      10.7605      21.6125       9.8654       5.0880    -546.5966      -3.3789     384.3693    -118.2798
      35       4.5412      24.1656      10.7026       5.2336    -537.2808       0.4835     157.0857    -335.0686       0.0924       1.0047       0.0000       0.0000       0.0000       0.0000       0.0000       1.0972       4.4487      23.1609      10.7026       5.2336    -537.2808      -3.3930     378.9512    -118.1768
      36      12.4590      27.4488       9.8511       4.1871    -543.7614       4.4333     149.1165    -336.2655       0.4136       4.9538       0.0000       0.0000       0.0000       0.0000       0.0000       5.3674      12.0454      22.4951       9.8511       4.1871    -543.7614      -4.2566     383.1065    -116.3328
      37       9.0408      26.0069      10.9382       6.7481    -536.3946       4.3389     152.2544    -327.0673       2.3418       3.9508       0.0000       0.0000       0.0000       0.0000       0.0000       6.2926       6.6990      22.0561      10.9382       6.7481    -536.3946      -1.7490     378.1016    -113.6006
      38      13.8891      32.6085      10.6045       5.1755    -551.6391      -0.4005     160.3526    -329.4094       0.2922       2.5723       0.0000       0.0000       0.0000       0.0000       0.0000       2.8645      13.5969      30.0362      10.6045       5.1755    -551.6391      -4.9755     385.8676    -111.3338
      39      11.4098      28.0314      11.3871       3.2352    -546.1265      -1.1055     165.5389    -327.6295       0.1883       2.4769       0.0000       0.0000       0.0000       0.0000       0.0000       2.6652      11.2216      25.5545      11.3871       3.2352    -546.1265      -3.4776     389.1909    -109.0148
      40      15.2953      28.4099      14.4295       3.8929    -545.9858       6.4632     149.7466    -327.7484       0.1912       2.3342       0.0000       0.0000       0.0000       0.0000       0.0000       2.5254      15.1041      26.0757      14.4295       3.8929    -545.9858      -3.5001     387.5037    -102.4801
      41      10.8290      29.1190      11.7091       4.2666    -541.2981      -0.1071     155.6846    -329.7969       0.7069       2.5854       0.0000       0.0000       0.0000       0.0000       0.0000       3.2924      10.1221      26.5335      11.7091       4.2666    -541.2981      -4.5703     381.2168    -112.0204
      42      15.8170      22.5574       9.8955       2.6360    -544.6109       4.8874     152.6772    -336.1404       2.2833       1.7794       0.0000       0.0000       0.0000       0.0000       0.0000       4.0627      13.5337      20.7780       9.8955       2.6360    -544.6109      -3.8694     389.3431    -112.2939
      43      11.4080      26.1159       8.3191       3.3434    -537.5090       4.1889     146.7046    -337.4291       0.1447       2.5954       0.0000       0.0000       0.0000       0.0000       0.0000       2.7401      11.2633      23.5205       8.3191       3.3434    -537.5090      -3.3313     377.8745    -116.5195
      44      16.3764      23.4462      14.1302       4.6350    -545.0397       3.0851     152.7270    -330.6397       2.3916       2.4940       0.0000       0.0000       0.0000       0.0000       0.0000       4.8856      13.9848      20.9522      14.1302       4.6350    -545.0397      -3.7683     382.4311    -112.6747
      45      14.6033      25.5411      14.7407       6.3479    -538.9620      -1.3332     150.3261    -328.7360       0.3534       3.5810       0.0000       0.0000       0.0000       0.0000       0.0000       3.9345      14.2499      21.9601      14.7407       6.3479    -538.9620      -4.7600     383.7526    -102.6707
      46      11.8789      23.9719       9.6973       3.1545    -542.0884       0.2651     153.2025    -339.9183       0.2283       2.5351       0.0000       0.0000       0.0000       0.0000       0.0000       2.7634      11.6506      21.4369       9.6973       3.1545    -542.0884      -4.7020     385.6951    -115.1561
      47      14.7526      29.9292      14.3012       3.3687    -550.5476       0.5663     156.4242    -331.2055       0.2888       2.1839       0.0000       0.0000       0.0000       0.0000       0.0000       2.4728      14.4638      27.7453      14.3012       3.3687    -550.5476      -5.0871     388.5092    -107.2466
      48       8.8036      27.5057       9.6428       4.0109    -541.7670      -0.8187     154.8461    -337.7766       0.2087       3.4739       0.0000       0.0000       0.0000       0.0000       0.0000       3.6826       8.5948      24.0319       9.6428       4.0109    -541.7670      -3.6842     383.1254    -116.0455
      49       9.8294      28.4676      10.3127       5.0537    -540.1418       3.1416     149.1768    -334.1601       0.3536       2.3890       0.0000       0.0000       0.0000       0.0000       0.0000       2.7426       9.4758      26.0785      10.3127       5.0537    -540.1418      -2.9852     382.9436    -109.2627
      50       8.5431      25.0522      11.5954       4.2415    -531.2662       3.2380     141.3275    -337.2684       0.3831       2.7378       0.0000       0.0000       0.0000       0.0000       0.0000       3.1209       8.1600      22.3144      11.5954       4.2415    -531.2662      -2.4339     377.6299    -109.7589
      51      13.3349      25.2090      10.8675       4.7640    -551.3126       1.5937     158.1596    -337.3840       1.4521       4.7052       0.0000       0.0000       0.0000       0.0000       0.0000       6.1574      11.8828      20.5037      10.8675       4.7640    -551.3126      -5.2127     394.2825    -114.2248
      52      12.4188      23.9100       8.3076       4.6367    -542.2721       4.6300     154.4496    -333.9194       0.4643       3.0798       0.0000       0.0000       0.0000       0.0000       0.0000       3.5442      11.9545      20.8302       8.3076       4.6367    -542.2721      -1.1674     387.1932    -110.5174
      53      15.4788      26.1984      10.6025       4.5755    -551.8930       1.8352     157.1744    -336.0283       0.0892       4.8837       0.0000       0.0000       0.0000       0.0000       0.0000       4.9729      15.3896      21.3147      10.6025       4.5755    -551.8930      -4.3167     394.1347    -110.1928
      54      11.9072      27.1022      12.5434       5.5343    -541.3942       4.9792     151.4634    -327.8645       0.5401       3.3227       0.0000       0.0000       0.0000       0.0000       0.0000       3.8628      11.3671      23.7795      12.5434       5.5343    -541.3942      -2.1337     382.7571    -107.5465
      55      14.3676      25.8807      10.9170       5.2657    -551.2657       0.7185     163.2514    -330.8648       0.5446       0.8003       0.0000       0.0000       0.0000       0.0000       0.0000       1.3450      13.8230      25.0804      10.9170       5.2657    -551.2657      -2.0846     389.8830    -108.3812
      56       8.0170      30.0817      12.0824       2.9793    -537.1455       2.0002     143.3006    -338.6844       0.1790       4.1052       0.0000       0.0000       0.0000       0.0000       0.0000       4.2841       7.8380      25.9765      12.0824       2.9793    -537.1455      -4.7567     375.1272    -117.8988
      57      15.9348      16.2341      12.3035       5.5599    -547.6009       0.4345     164.8594    -332.2746       0.5158       1.3222       0.0000       0.0000       0.0000       0.0000       0.0000       1.8381      15.4189      14.9119      12.3035       5.5599    -547.6009      -2.8010     387.2790    -114.9286
      58       8.1704      23.6109      13.0464       4.4303    -535.5750       3.9332     154.3520    -328.0318       0.7542       1.1026       0.0000       0.0000       0.0000       0.0000       0.0000       1.8568       7.4162      22.5083      13.0464       4.4303    -535.5750      -3.3868     382.3081    -109.2525
      59      12.7433      28.6314      13.2699       4.8601    -552.3497       1.1970     163.8157    -327.8321       0.0283       1.3024       0.0000       0.0000       0.0000       0.0000       0.0000       1.3306      12.7151      27.3291      13.2699       4.8601    -552.3497      -4.4824     392.8578    -105.8001
      60       9.4624      23.8154      10.0735       4.4916    -542.2558       1.3495     156.2566    -336.8068       0.1918       2.1036       0.0000       0.0000       0.0000       0.0000       0.0000       2.2954       9.2706      21.7118      10.0735       4.4916    -542.2558      -3.5207     379.4923    -120.7367
      61       6.6028      21.9933      10.8723       4.1269    -539.3227       3.1817     150.8805    -341.6652       0.0314       2.2510       0.0000       0.0000       0.0000       0.0000       0.0000       2.2824       6.5713      19.7423      10.8723       4.1269    -539.3227      -3.3857     381.1288    -120.2668
      62      15.6834      24.7652      10.2797       4.4258    -545.9478       5.1775     153.1875    -332.4287       1.7690       1.7493       0.0000       0.0000       0.0000       0.0000       0.0000       3.5184      13.9144      23.0159      10.2797       4.4258    -545.9478      -3.1651     387.6493    -109.8279
      63      10.1225      24.6729      12.6280       5.0774    -533.9228       1.9273     140.0642    -339.4304       0.8695       5.3448       0.0000       0.0000       0.0000       0.0000       0.0000       6.2143       9.2530      19.3281      12.6280       5.0774    -533.9228      -3.4616     376.0003    -115.0976
      64      14.7426      22.1768      10.6124       3.3849    -545.5839       3.9095     160.8743    -329.8834       0.1247       1.8951       0.0000       0.0000       0.0000       0.0000       0.0000       2.0198      14.6179      20.2817      10.6124       3.3849    -545.5839      -1.5938     385.6003    -112.6804
      65       9.5162      20.5694      13.3143       5.1725    -543.1127       1.3236     159.5348    -333.6819       0.2138       1.8628       0.0000       0.0000       0.0000       0.0000       0.0000       2.0766       9.3024      18.7066      13.3143       5.1725    -543.1127      -3.8358     390.1113    -110.3415
      66      17.4358      30.1305      12.8858       2.4355    -550.8738      -0.1226     169.5481    -318.5608       0.6123       2.4596       0.0000       0.0000       0.0000       0.0000       0.0000       3.0718      16.8235      27.6709      12.8858       2.4355    -550.8738      -2.5424     395.3416     -98.2588
      67      12.0315      31.5435      12.1823       3.8792    -547.0365      -1.1081     172.5898    -315.9183       0.0369       1.7352       0.0000       0.0000       0.0000       0.0000       0.0000       1.7721      11.9946      29.8083      12.1823       3.8792    -547.0365      -3.1284     389.4021    -102.8984
      68      12.0851      21.9284      11.8570       4.9431    -542.8883       0.1162     153.5188    -338.4397       0.6007       1.7863       0.0000       0.0000       0.0000       0.0000       0.0000       2.3871      11.4844      20.1420      11.8570       4.9431    -542.8883      -2.4308     379.4297    -117.4629
      69      12.1123      20.2330       7.8177       4.7572    -539.4374       2.0634     154.3453    -338.1086       0.3717       2.1272       0.0000       0.0000       0.0000       0.0000       0.0000       2.4989      11.7406      18.1058       7.8177       4.7572    -539.4374      -3.3761     389.6330    -110.7592
      70      11.9273      25.7818      10.9825       3.6187    -543.4575       1.2873     156.9940    -332.8659       1.2955       0.8791       0.0000       0.0000       0.0000       0.0000       0.0000       2.1746      10.6318      24.9027      10.9825       3.6187    -543.4575      -4.3773     388.6903    -109.0089
      71       7.3024      25.5966      13.1924       5.1803    -538.1940       2.5386     149.3725    -335.0113       1.1011       2.0168       0.0000       0.0000       0.0000       0.0000       0.0000       3.1179       6.2012      23.5798      13.1924       5.1803    -538.1940      -3.0606     379.2959    -113.8051
      72       8.8737      38.2571      11.6586       3.7947    -550.5725       4.2128     156.7593    -327.0163       0.5319       2.0224       0.0000       0.0000       0.0000       0.0000       0.0000       2.5543       8.3419      36.2347      11.6586       3.7947    -550.5725      -2.5330     386.6158    -106.4599
      73      10.8547      27.0445      11.0061       4.3064    -538.8854       1.4923     148.9481    -335.2332       1.8129       2.7247       0.0000       0.0000       0.0000       0.0000       0.0000       4.5376       9.0418      24.3198      11.0061       4.3064    -538.8854      -3.8096     375.3180    -118.7028
      74      12.4345      29.7911      11.1233       3.2807    -547.4053       3.5995     153.6118    -333.5644       0.2295       4.7090       0.0000       0.0000       0.0000       0.0000       0.0000       4.9385      12.2050      25.0820      11.1233       3.2807    -547.4053      -3.3895     386.9431    -112.1608
      75      13.0862      25.1155      11.1024       7.1009    -547.7448       1.3374     159.7849    -330.2174       0.3261       0.5638       0.0000       0.0000       0.0000       0.0000       0.0000       0.8899      12.7601      24.5517      11.1024       7.1009    -547.7448      -3.2869     386.3100    -109.2065
      76      11.9114      28.4684      16.3713       4.3569    -549.3088       1.0456     161.7886    -325.3665       0.4836       1.9765       0.0000       0.0000       0.0000       0.0000       0.0000       2.4601      11.4279      26.4919      16.3713       4.3569    -549.3088      -3.7652     387.6938    -106.7322
      77      14.6988      27.2145      16.7450       4.3350    -551.5088      -0.7001     161.8848    -327.3309       0.7675       3.0531       0.0000       0.0000       0.0000       0.0000       0.0000       3.8206      13.9313      24.1613      16.7450       4.3350    -551.5088      -4.4022     388.4433    -108.2951
      78      17.3969      27.0342       9.0178       4.9021    -552.3475       2.2124     160.6740    -331.1100       0.1776       2.6246       0.0000       0.0000       0.0000       0.0000       0.0000       2.8022      17.2193      24.4096       9.0178       4.9021    -552.3475      -3.2255     386.7005    -113.3236
      79       5.3938      28.1576      11.8464       4.6361    -540.7482       2.0802     161.9112    -326.7229       0.2883       1.3528       0.0000       0.0000       0.0000       0.0000       0.0000       1.6411       5.1055      26.8048      11.8464       4.6361    -540.7482      -3.4775     385.6486    -110.1844
      80      12.9725      19.9311      12.8172       4.5765    -539.1089       1.1214     153.3138    -334.3763       0.1983       2.5652       0.0000       0.0000       0.0000       0.0000       0.0000       2.7635      12.7743      17.3659      12.8172       4.5765    -539.1089      -4.5215     386.3481    -109.7483
      81      16.0223      22.5327      11.6204       3.6137    -549.5070       0.1548     162.9673    -332.5958       0.0773       5.1281       0.0000       0.0000       0.0000       0.0000       0.0000       5.2053      15.9450      17.4046      11.6204       3.6137    -549.5070      -1.4108     387.1702    -115.1639
      82       7.9523      23.6729      11.7619       5.3528    -539.9248      10.9941     146.5318    -333.6591       0.9415       2.2061       0.0000       0.0000       0.0000       0.0000       0.0000       3.1476       7.0107      21.4668      11.7619       5.3528    -539.9248      -2.4131     382.1717    -114.5739
      83      11.0058      23.4370       8.5790       3.2935    -547.9841       1.4561     162.2779    -337.9348       0.5387       2.4726       0.0000       0.0000       0.0000       0.0000       0.0000       3.0113      10.4671      20.9644       8.5790       3.2935    -547.9841      -2.8690     394.0628    -113.4862
      84      12.8143      21.4428       9.6276       4.2879    -548.4889       2.5077     155.4643    -342.3443       0.9140       3.7527       0.0000       0.0000       0.0000       0.0000       0.0000       4.6667      11.9003      17.6902       9.6276       4.2879    -548.4889      -3.2471     386.1979    -122.0321
      85      12.7635      27.9404      13.9835       5.0549    -545.8804       2.3688     153.2685    -330.5006       2.6245       5.6476       0.0000       0.0000       0.0000       0.0000       0.0000       8.2720      10.1391      22.2928      13.9835       5.0549    -545.8804      -3.8607     385.2295    -113.0412
      86      11.0514      26.3875       8.3813       4.6484    -557.2040       4.0834     170.9717    -331.6802       0.2978       0.8540       0.0000       0.0000       0.0000       0.0000       0.0000       1.1518      10.7536      25.5336       8.3813       4.6484    -557.2040      -1.2847     395.3863    -113.7855
      87      12.9941      22.2748      13.9925       4.0407    -535.6434       1.4926     146.3023    -334.5465       0.6098       1.9061       0.0000       0.0000       0.0000       0.0000       0.0000       2.5160      12.3842      20.3687      13.9925       4.0407    -535.6434      -2.9516     375.3552    -112.4537
      88      12.4219      32.1736      10.6363       2.5990    -542.9706      -1.1324     151.8534    -334.4188       0.2800       5.1628       0.0000       0.0000       0.0000       0.0000       0.0000       5.4428      12.1419      27.0108      10.6363       2.5990    -542.9706      -4.1802     382.1962    -112.5666
      89      12.2288      34.2002      17.0631       5.1418    -554.2959      -3.6904     165.7151    -323.6374       0.2093       3.0398       0.0000       0.0000       0.0000       0.0000       0.0000       3.2490      12.0195      31.1604      17.0631       5.1418    -554.2959      -4.6084     391.1960    -102.3235
      90      15.9336      33.8950       7.2563       2.6352    -542.2141       3.7963     146.1354    -332.5622       0.0591       6.5505       0.0000       0.0000       0.0000       0.0000       0.0000       6.6096      15.8745      27.3445       7.2563       2.6352    -542.2141      -2.7709     381.3920    -110.4825
      91       9.2656      21.8350      12.2858       3.8111    -542.1189       2.4021     147.0768    -345.4425       0.0698       0.8933       0.0000       0.0000       0.0000       0.0000       0.0000       0.9631       9.1958      20.9417      12.2858       3.8111    -542.1189      -4.4243     378.2645    -122.0443
      92      20.7595      22.5163       9.5826       4.6507    -541.9091       0.2623     151.4605    -332.6773       0.4559       2.6511       0.0000       0.0000       0.0000       0.0000       0.0000       3.1071      20.3035      19.8652       9.5826       4.6507    -541.9091      -3.1829     379.3816    -111.3084
      93      13.9948      30.9638      10.9264       3.9264    -544.7963      -1.5604     156.3509    -330.1944       1.4979       2.0186       0.0000       0.0000       0.0000       0.0000       0.0000       3.5166      12.4968      28.9452      10.9264       3.9264    -544.7963      -4.3971     386.3024    -106.5961
      94       9.1784      23.9469      11.1351       4.2146    -538.1933       4.6521     151.6316    -333.4346       0.3589       2.2076       0.0000       0.0000       0.0000       0.0000       0.0000       2.5665       8.8195      21.7393      11.1351       4.2146    -538.1933      -3.1088     385.4734    -109.9201
      95       8.5533      21.0411       9.0545       4.9267    -542.4111       0.0470     163.3457    -335.4429       0.2079       0.9922       0.0000       0.0000       0.0000       0.0000       0.0000       1.2001       8.3454      20.0489       9.0545       4.9267    -542.4111      -3.0428     384.0823    -118.9962
      96      14.3618      22.9786      11.3171       5.0355    -539.8149       4.2694     152.8229    -329.0296       0.2651       2.1758       0.0000       0.0000       0.0000       0.0000       0.0000       2.4409      14.0967      20.8028      11.3171       5.0355    -539.8149      -2.1943     381.8370    -108.9200
      97      13.0894      21.5991       9.9870       2.5883    -548.9115       5.7308     157.2787    -338.6382       0.3706       0.2155       0.0000       0.0000       0.0000       0.0000       0.0000       0.5861      12.7188      21.3836       9.9870       2.5883    -548.9115      -4.2047     385.2161    -121.2225
      98      11.3045      27.1115      12.2807       3.7800    -550.4206       0.6199     163.3706    -331.9533       1.2509       3.0066       0.0000       0.0000       0.0000       0.0000       0.0000       4.2575      10.0536      24.1049      12.2807       3.7800    -550.4206      -3.5636     390.7610    -113.0041
      99      19.9852      30.9691       9.4208       4.7181    -544.1385       7.2674     153.0883    -318.6895       1.4863       1.4460       0.0000       0.0000       0.0000       0.0000       0.0000       2.9324      18.4989      29.5231       9.4208       4.7181    -544.1385      -3.9997     389.1254     -96.8518
     100       9.1875      26.2303      13.0805       4.2662    -536.7306      -0.2133     151.5555    -332.6239       0.0548       4.3743       0.0000       0.0000       0.0000       0.0000       0.0000       4.4291       9.1327      21.8561      13.0805       4.2662    -536.7306      -3.5448     378.9857    -112.9542
     101      10.1435      21.4480      11.9383       4.0701    -541.1938       2.1849     147.4063    -344.0027       0.0703       0.7227       0.0000       0.0000       0.0000       0.0000       0.0000       0.7930      10.0733      20.7253      11.9383       4.0701    -541.1938      -3.2733     375.7294    -121.9307
     102      12.2207      26.1755       8.5771       4.6362    -534.7420       2.8983     146.3795    -333.8547       0.3478       1.8632       0.0000       0.0000       0.0000       0.0000       0.0000       2.2110      11.8729      24.3123       8.5771       4.6362    -534.7420      -3.4242     377.4917    -111.2760
     103       7.1410      30.0527      12.9681       4.6398    -534.6642       5.2841     142.8010    -331.7775       0.5205       6.3599       0.0000       0.0000       0.0000       0.0000       0.0000       6.8805       6.6205      23.6927      12.9681       4.6398    -534.6642      -4.0704     382.2724    -108.5411
     104       8.5663      28.7999      11.0244       3.0464    -535.4395       1.8694     146.3393    -335.7937       0.1466       2.6401       0.0000       0.0000       0.0000       0.0000       0.0000       2.7867       8.4197      26.1599      11.0244       3.0464    -535.4395      -3.9034     376.9280    -113.7645
     105      11.9264      29.5465      10.4483       4.4557    -543.1939       2.6789     151.9788    -332.1592       0.0970       7.3100       0.0000       0.0000       0.0000       0.0000       0.0000       7.4069      11.8295      22.2365      10.4483       4.4557    -543.1939      -2.7157     380.3804    -116.5593
     106      13.0110      21.2930       7.0975       3.2642    -535.2306       0.1344     148.8796    -341.5509       0.3098       1.9970       0.0000       0.0000       0.0000       0.0000       0.0000       2.3068      12.7012      19.2960       7.0975       3.2642    -535.2306      -4.2347     383.5316    -113.5747
     107      12.9877      22.9216      12.4239       5.1525    -544.9377       3.8618     148.1413    -339.4488       0.3307       2.9951       0.0000       0.0000       0.0000       0.0000       0.0000       3.3258      12.6570      19.9265      12.4239       5.1525    -544.9377      -4.2838     384.1805    -114.8810
     108      15.3541      24.9233      12.3800       5.3160    -548.8648       2.1622     157.7725    -330.9566       0.1262       3.6777       0.0000       0.0000       0.0000       0.0000       0.0000       3.8039      15.2279      21.2456      12.3800       5.3160    -548.8648      -2.6914     379.7935    -117.5932
     109      12.5648      33.2129      15.2891       5.1971    -548.8112       4.0454     151.6222    -326.8798       1.7934       3.6030       0.0000       0.0000       0.0000       0.0000       0.0000       5.3964      10.7714      29.6099      15.2891       5.1971    -548.8112      -1.6464     388.0200    -101.5701
     110      11.8619      21.4714      12.3967       3.7476    -537.0993       5.6379     148.8288    -333.1550       0.0753       1.9512       0.0000       0.0000       0.0000       0.0000       0.0000       2.0266      11.7866      19.5202      12.3967       3.7476    -537.0993      -4.0883     383.2156    -110.5210
     111       7.4956      27.4159      10.7011       3.6864    -533.8330       4.4602     147.8440    -332.2298       0.2558       3.0991       0.0000       0.0000       0.0000       0.0000       0.0000       3.3549       7.2398      24.3168      10.7011       3.6864    -533.8330      -3.2826     373.7584    -117.4131
     112      10.8072      26.3018      11.9061       3.9495    -544.7627       3.4303     159.6020    -328.7658       0.2192       3.2949       0.0000       0.0000       0.0000       0.0000       0.0000       3.5142      10.5880      23.0069      11.9061       3.9495    -544.7627      -2.4331     389.5709    -108.1745
     113      12.1858      25.7060      12.2467       4.7261    -544.5469       2.6494     153.4701    -333.5627       1.4008       3.4796       0.0000       0.0000       0.0000       0.0000       0.0000       4.8804      10.7850      22.2264      12.2467       4.7261    -544.5469      -3.9507     389.1056    -109.4078
     114      13.8246      24.7547       9.7218       4.5708    -540.5906       2.6098     153.0145    -332.0943       0.1189       0.6133       0.0000       0.0000       0.0000       0.0000       0.0000       0.7322      13.7058      24.1414       9.7218       4.5708    -540.5906      -2.9698     378.5859    -112.8346
     115       6.7219      20.8216      11.4610       3.8052    -535.6193      -1.3865     159.7805    -334.4156       0.9070       1.9951       0.0000       0.0000       0.0000       0.0000       0.0000       2.9021       5.8149      18.8265      11.4610       3.8052    -535.6193      -3.8805     380.6871    -118.9051
     116       7.7902      21.4045      14.7360       4.8384    -545.6179       4.4246     151.8097    -340.6144       1.3285       1.0028       0.0000       0.0000       0.0000       0.0000       0.0000       2.3313       6.4617      20.4017      14.7360       4.8384    -545.6179      -2.7074     382.1911    -119.6964
     117      11.1789      34.4399       8.5605       2.3450    -543.5479       1.1941     157.8410    -327.9885       1.3551       2.2992       0.0000       0.0000       0.0000       0.0000       0.0000       3.6543       9.8238      32.1407       8.5605       2.3450    -543.5479      -3.6399     382.8464    -111.4715
     118      12.6459      26.7164       8.9072       3.7815    -540.3415       1.6855     152.2866    -334.3184       0.4634       2.1198       0.0000       0.0000       0.0000       0.0000       0.0000       2.5832      12.1824      24.5966       8.9072       3.7815    -540.3415      -2.9921     378.9812    -114.8846
     119      15.1635      31.3228      10.5721       5.9107    -539.8422      -1.1650     153.1989    -324.8392       0.2948       4.9415       0.0000       0.0000       0.0000       0.0000       0.0000       5.2363      14.8687      26.3813      10.5721       5.9107    -539.8422      -5.2885     381.8301    -105.5677
     120      12.8727      30.6683      10.6255       4.9560    -549.7042       3.7102     155.4781    -331.3934       1.6148       3.1913       0.0000       0.0000       0.0000       0.0000       0.0000       4.8060      11.2580      27.4770      10.6255       4.9560    -549.7042      -3.3719     388.7137    -110.0459
     121      17.6000      30.0443      10.6473       4.0400    -547.5408      -2.0901     161.9437    -325.3555       1.0464       3.2241       0.0000       0.0000       0.0000       0.0000       0.0000       4.2705      16.5536      26.8203      10.6473       4.0400    -547.5408      -4.1206     382.2976    -111.3026
     122      13.4509      25.2729       8.6298       4.0002    -536.8594       3.6893     150.6156    -331.2007       0.5053       1.3862       0.0000       0.0000       0.0000       0.0000       0.0000       1.8915      12.9456      23.8866       8.6298       4.0002    -536.8594      -3.1688     376.1807    -114.3853
     123      13.9185      30.0208      13.8095       1.8744    -548.5240      -1.4420     162.8302    -327.5127       0.3937       1.1097       0.0000       0.0000       0.0000       0.0000       0.0000       1.5034      13.5248      28.9111      13.8095       1.8744    -548.5240      -5.2234     391.3687    -104.2589
     124       6.9309      29.5720      12.2261       3.6283    -540.7272       0.8161     157.9167    -329.6371       0.7612       3.4152       0.0000       0.0000       0.0000       0.0000       0.0000       4.1764       6.1696      26.1568      12.2261       3.6283    -540.7272      -3.8370     387.6258    -108.7575
     125      15.5621      21.0450       8.6588       5.1186    -543.2063       3.3009     151.1573    -338.3635       2.9615       2.3271       0.0000       0.0000       0.0000       0.0000       0.0000       5.2885      12.6006      18.7180       8.6588       5.1186    -543.2063      -2.6520     384.4261    -116.3361
     126       9.7181      28.1482       6.7006       3.6835    -544.4280       1.1791     166.4310    -328.5675       0.2196       1.3158       0.0000       0.0000       0.0000       0.0000       0.0000       1.5354       9.4985      26.8324       6.7006       3.6835    -544.4280      -2.4725     382.5657    -117.6198
