#Frame     p_ab[bond]  p_ab[angle]    p_ab[dih]  p_ab[vdw14] p_ab[elec14]    p_ab[vdw]   p_ab[elec]  p_ab[total]    p_a[bond]   p_a[angle]     p_a[dih]   p_a[vdw14]  p_a[elec14]     p_a[vdw]    p_a[elec]   p_a[total]    p_b[bond]   p_b[angle]     p_b[dih]   p_b[vdw14]  p_b[elec14]     p_b[vdw]    p_b[elec]   p_b[total]
       1       9.8838      12.9513       5.4439       1.5472    -274.4069       0.5522      42.8930    -201.1355       0.2673       3.8351       0.0000       0.0000       0.0000       0.0000       0.0000       4.1024       9.6165       9.1162       5.4439       1.5472    -274.4069      -1.3492     158.8086     -91.2237
       2       4.4693      11.4019       5.1093       3.3917    -269.5646      -0.8385      44.8665    -201.1645       0.2146       5.2524       0.0000       0.0000       0.0000       0.0000       0.0000       5.4670       4.2547       6.1495       5.1093       3.3917    -269.5646      -0.8823     156.9950     -94.5467
       3       3.8155      13.7522       5.9890       1.6012    -269.5897      -1.2283      98.5289    -147.1312       0.7243       1.3255       0.0000       0.0000       0.0000       0.0000       0.0000       2.0498       3.0911      12.4267       5.9890       1.6012    -269.5897      -0.8882     156.1427     -91.2271
       4       4.2487      14.1391       4.0263       1.2064    -269.3297      10.3199      39.5944    -195.7949       0.4723       1.1633       0.0000       0.0000       0.0000       0.0000       0.0000       1.6356       3.7764      12.9758       4.0263       1.2064    -269.3297      -0.9028     157.9306     -90.3170
       5      12.0904      18.8916      10.3927       1.7774    -281.5790      -1.1589      47.5991    -191.9868       0.0535       7.9479       0.0000       0.0000       0.0000       0.0000       0.0000       8.0014      12.0370      10.9436      10.3927       1.7774    -281.5790      -1.0264     163.0560     -84.3987
       6       6.6499      10.4537       4.9514       1.6079    -271.8993       0.0452      44.0888    -204.1024       0.1648       1.7584       0.0000       0.0000       0.0000       0.0000       0.0000       1.9232       6.4851       8.6953       4.9514       1.6079    -271.8993      -1.4808     159.2685     -92.3721
       7       4.7088      10.8503       5.3798       2.9074    -271.5187       0.3753      46.2338    -201.0633       0.2762       1.5876       0.0000       0.0000       0.0000       0.0000       0.0000       1.8638       4.4326       9.2627       5.3798       2.9074    -271.5187      -0.6653     156.7244     -93.4771
       8       7.7294      14.0554       3.0597       2.4698    -273.3801       0.7257      50.7092    -194.6310       1.7477       0.9173       0.0000       0.0000       0.0000       0.0000       0.0000       2.6651       5.9817      13.1380       3.0597       2.4698    -273.3801      -1.2094     161.5121     -88.4282
       9       2.7401      10.9120       4.5989       3.1162    -264.8277       1.7411      52.5305    -189.1888       0.5166       0.7410       0.0000       0.0000       0.0000       0.0000       0.0000       1.2576       2.2235      10.1710       4.5989       3.1162    -264.8277      -1.4230     151.4027     -94.7383
      10       2.8091      12.4543       6.4066       1.8222    -271.7411       2.1043      41.6154    -204.5291       0.0552       0.5103       0.0000       0.0000       0.0000       0.0000       0.0000       0.5655       2.7538      11.9441       6.4066       1.8222    -271.7411      -0.7075     159.0896     -90.4323
      11       7.0596       7.4025       6.1765       2.6284    -275.7036       0.4431      51.6420    -200.3516       0.4016       1.4678       0.0000       0.0000       0.0000       0.0000       0.0000       1.8695       6.6580       5.9346       6.1765       2.6284    -275.7036      -0.6306     160.4473     -94.4893
      12       8.0816      18.9564       6.5453       2.2722    -273.9062       2.3108      37.0047    -198.7352       0.9814       5.7826       0.0000       0.0000       0.0000       0.0000       0.0000       6.7641       7.1002      13.1738       6.5453       2.2722    -273.9062      -1.2693     158.4128     -87.6712
      13       7.3882      17.3462       6.1592       2.2683    -273.8455       1.5330      38.6670    -200.4836       1.0340       5.5634       0.0000       0.0000       0.0000       0.0000       0.0000       6.5974       6.3542      11.7828       6.1592       2.2683    -273.8455      -1.1605     160.3831     -88.0584
      14       4.6414      10.6193       5.7868       1.3601    -265.2738       5.8838      35.7042    -201.2781       0.2566       1.5520       0.0000       0.0000       0.0000       0.0000       0.0000       1.8086       4.3849       9.0673       5.7868       1.3601    -265.2738      -1.0554     154.6845     -91.0457
      15       2.4179      14.1999       4.1449       1.9407    -265.3686       5.1386      35.0102    -202.5165       0.5172       4.7469       0.0000       0.0000       0.0000       0.0000       0.0000       5.2641       1.9006       9.4530       4.1449       1.9407    -265.3686      -1.1814     156.1986     -92.9122
      16       9.0457      11.5905       4.9673       3.3081    -275.7991       0.5217      45.0195    -201.3464       0.4908       1.3477       0.0000       0.0000       0.0000       0.0000       0.0000       1.8385       8.5549      10.2428       4.9673       3.3081    -275.7991      -0.6779     159.8193     -89.5847
      17       9.6392      12.0736       6.1679       2.3463    -263.6262      -0.1737      38.6056    -194.9674       2.2975       3.3787       0.0000       0.0000       0.0000       0.0000       0.0000       5.6762       7.3417       8.6948       6.1679       2.3463    -263.6262      -0.9911     151.0258     -89.0408
      18       2.2746      10.3009       6.2753       2.7683    -268.6951       1.7892      41.2649    -204.0219       0.1050       1.1659       0.0000       0.0000       0.0000       0.0000       0.0000       1.2708       2.1696       9.1351       6.2753       2.7683    -268.6951      -0.9995     155.7952     -93.5511
      19       3.3814      11.9912       4.4140       2.8888    -274.4503       4.3853      38.6743    -208.7153       0.0419       1.2773       0.0000       0.0000       0.0000       0.0000       0.0000       1.3192       3.3394      10.7139       4.4140       2.8888    -274.4503      -1.2693     160.9789     -93.3846
      20       6.4470      13.6589       3.7497       2.1634    -274.1886      -0.4104      58.8091    -189.7710       0.5485       2.8210       0.0000       0.0000       0.0000       0.0000       0.0000       3.3695       5.8985      10.8379       3.7497       2.1634    -274.1886      -1.1729     158.8572     -93.8549
      21       4.2720      13.6005       6.4511       2.0758    -270.0100       0.3671      44.0445    -199.1990       0.4775       1.6840       0.0000       0.0000       0.0000       0.0000       0.0000       2.1615       3.7946      11.9164       6.4511       2.0758    -270.0100      -1.0836     158.7045     -88.1513
      22       6.3205      11.1234       5.8295       1.4745    -274.4510      -0.9347      47.3077    -203.3302       0.0474       1.2949       0.0000       0.0000       0.0000       0.0000       0.0000       1.3422       6.2731       9.8286       5.8295       1.4745    -274.4510      -1.0481     159.9771     -92.1164
      23       5.1076       9.3419       4.6644       2.9165    -268.9855       6.7090      35.9252    -204.3209       0.2313       2.8067       0.0000       0.0000       0.0000       0.0000       0.0000       3.0380       4.8763       6.5352       4.6644       2.9165    -268.9855      -0.8641     156.8416     -94.0156
      24      10.6906      12.9286       4.0345       1.8751    -274.8842       3.7113      39.3656    -202.2785       0.4913       2.1844       0.0000       0.0000       0.0000       0.0000       0.0000       2.6757      10.1993      10.7442       4.0345       1.8751    -274.8842      -1.1428     159.8760     -89.2980
      25      11.7235      13.0355       4.4409       3.4605    -278.9772       5.4854      43.6547    -197.1767       0.9657       3.1391       0.0000       0.0000       0.0000       0.0000       0.0000       4.1048      10.7579       9.8964       4.4409       3.4605    -278.9772      -0.5609     163.2509     -87.7316
      26       3.8474      13.8332       8.0502       1.9445    -269.5159       2.7023      44.3843    -194.7541       0.2745       1.1919       0.0000       0.0000       0.0000       0.0000       0.0000       1.4664       3.5729      12.6413       8.0502       1.9445    -269.5159      -0.7943     156.8606     -87.2406
      27       8.3202      11.0648       7.8096       2.5103    -275.6948      -0.5751      45.7810    -200.7840       0.3717       1.4686       0.0000       0.0000       0.0000       0.0000       0.0000       1.8403       7.9485       9.5962       7.8096       2.5103    -275.6948      -1.1376     161.3720     -87.5958
      28       6.8666      12.4527       6.4810       2.1446    -272.5844       0.3770      49.1593    -195.1031       2.3603       1.0527       0.0000       0.0000       0.0000       0.0000       0.0000       3.4130       4.5064      11.4000       6.4810       2.1446    -272.5844      -1.2233     160.1143     -89.1613
      29       6.5651      10.0379       5.8356       1.7576    -272.2940       0.1668      49.1223    -198.8088       0.4015       2.9579       0.0000       0.0000       0.0000       0.0000       0.0000       3.3595       6.1635       7.0800       5.8356       1.7576    -272.2940      -1.1536     157.6590     -94.9519
      30       4.4000      10.3382       9.4125       1.5933    -269.3773      -0.3135      46.7842    -197.1626       0.0670       1.3010       0.0000       0.0000       0.0000       0.0000       0.0000       1.3679       4.3330       9.0372       9.4125       1.5933    -269.3773      -1.3749     158.1626     -88.2135
      31       8.8322      10.7412       4.4958       2.5885    -272.9252       3.9874      37.5155    -204.7646       0.0103       1.4244       0.0000       0.0000       0.0000       0.0000       0.0000       1.4347       8.8218       9.3169       4.4958       2.5885    -272.9252      -0.9282     156.0514     -92.5791
      32       8.0526      12.0943       3.8456       1.1925    -275.8743      -2.3241      76.4025    -176.6109       0.0927       4.8675       0.0000       0.0000       0.0000       0.0000       0.0000       4.9602       7.9600       7.2268       3.8456       1.1925    -275.8743      -1.1043     161.4771     -95.2767
      33       4.7424      10.4693       4.0907       1.4425    -274.0707      -1.8565      78.9104    -176.2719       0.5522       0.7109       0.0000       0.0000       0.0000       0.0000       0.0000       1.2631       4.1902       9.7583       4.0907       1.4425    -274.0707      -0.9775     157.4663     -98.1002
      34      11.6738      17.5568       4.4673       2.6530    -269.0489       6.2553      49.4775    -176.9653       0.1033       3.8580       0.0000       0.0000       0.0000       0.0000       0.0000       3.9613      11.5705      13.6988       4.4673       2.6530    -269.0489      -1.0050     155.9012     -81.7632
      35       4.3937      12.5828       6.1710       2.6126    -266.7126       0.3519      65.0459    -175.5546       0.0628       2.7155       0.0000       0.0000       0.0000       0.0000       0.0000       2.7783       4.3309       9.8673       6.1710       2.6126    -266.7126      -1.1427     157.7940     -87.0794
      36       7.6860      12.1994       6.6920       3.0813    -276.6199       1.8168      59.8143    -185.3302       0.7101       1.5325       0.0000       0.0000       0.0000       0.0000       0.0000       2.2426       6.9759      10.6669       6.6920       3.0813    -276.6199      -0.3956     162.1379     -87.4614
      37       4.8780      10.6647       5.5884       1.8055    -269.3099       1.7129      59.4644    -185.1960       0.3222       0.4124       0.0000       0.0000       0.0000       0.0000       0.0000       0.7347       4.5558      10.2523       5.5884       1.8055    -269.3099      -1.1952     157.3824     -90.9207
      38       6.9616      11.0473       9.0678       1.9464    -271.4857      -2.3590      80.6932    -164.1285       0.1889       2.4004       0.0000       0.0000       0.0000       0.0000       0.0000       2.5893       6.7727       8.6470       9.0678       1.9464    -271.4857      -1.1415     157.5860     -88.6075
      39       4.5360      10.7558       6.3873       2.4299    -271.9138      -1.5259      68.4760    -180.8547       0.4065       1.1703       0.0000       0.0000       0.0000       0.0000       0.0000       1.5767       4.1295       9.5856       6.3873       2.4299    -271.9138      -1.2415     158.8056     -91.8174
      40       4.9383      10.7146       7.0498       2.1022    -268.8007       0.2533      61.9778    -181.7648       0.8876       2.1092       0.0000       0.0000       0.0000       0.0000       0.0000       2.9968       4.0507       8.6054       7.0498       2.1022    -268.8007      -1.2328     158.2466     -89.9789
      41       6.7817       8.4494       6.7031       3.6162    -271.7786      -2.0477      69.1672    -179.1087       0.4238       3.5043       0.0000       0.0000       0.0000       0.0000       0.0000       3.9281       6.3579       4.9451       6.7031       3.6162    -271.7786      -1.2876     159.4523     -91.9916
      42       6.4457      14.6498       8.7787       1.2625    -273.7136       0.5352      58.5367    -183.5049       0.6714       4.8261       0.0000       0.0000       0.0000       0.0000       0.0000       5.4975       5.7743       9.8237       8.7787       1.2625    -273.7136      -1.3313     161.0298     -88.3758
      43       5.5166      12.3237       7.8338       2.7533    -272.2789      -1.6309      68.6942    -176.7881       0.0927       2.2054       0.0000       0.0000       0.0000       0.0000       0.0000       2.2981       5.4239      10.1183       7.8338       2.7533    -272.2789      -0.9344     157.8572     -89.2268
      44       3.5127      15.1617       4.1468       3.4530    -271.8866       5.4657      53.9298    -186.2167       0.4523       3.3082       0.0000       0.0000       0.0000       0.0000       0.0000       3.7605       3.0603      11.8536       4.1468       3.4530    -271.8866      -0.8276     158.6805     -91.5199
      45       7.0299      10.9452      10.2883       2.8216    -275.2421      -1.0513      84.1028    -161.1056       0.7802       1.4780       0.0000       0.0000       0.0000       0.0000       0.0000       2.2582       6.2497       9.4672      10.2883       2.8216    -275.2421      -0.7412     161.8967     -85.2598
      46       6.7039      12.5170       6.1901       1.5385    -270.0504      -1.6070      76.7031    -168.0047       0.2672       1.5903       0.0000       0.0000       0.0000       0.0000       0.0000       1.8575       6.4368      10.9267       6.1901       1.5385    -270.0504      -1.4236     160.3371     -86.0448
      47       7.6339      10.3590       4.7861       2.5452    -276.2311      -1.9022      54.7874    -198.0218       0.3416       0.7888       0.0000       0.0000       0.0000       0.0000       0.0000       1.1304       7.2923       9.5701       4.7861       2.5452    -276.2311      -1.0297     161.8649     -91.2022
      48       6.1195      10.5981       5.7694       2.8368    -268.5138       0.6478      58.5360    -184.0062       0.9288       2.8568       0.0000       0.0000       0.0000       0.0000       0.0000       3.7856       5.1907       7.7413       5.7694       2.8368    -268.5138      -1.2600     157.7896     -90.4460
      49       3.9552      13.0973       7.3442       1.9530    -271.6750      -2.1546     101.2276    -146.2522       1.0348       3.0374       0.0000       0.0000       0.0000       0.0000       0.0000       4.0722       2.9204      10.0599       7.3442       1.9530    -271.6750      -1.0924     158.3498     -92.1400
      50       4.1208      12.3357       5.5544       1.7709    -270.3508      -1.2937      50.5441    -197.3186       0.4140       1.4395       0.0000       0.0000       0.0000       0.0000       0.0000       1.8536       3.7068      10.8962       5.5544       1.7709    -270.3508      -1.5466     155.2396     -94.7295
      51       2.8250      13.8100       5.2653       2.3633    -265.7788      -0.3249      43.6196    -198.2205       0.0239       3.5346       0.0000       0.0000       0.0000       0.0000       0.0000       3.5585       2.8011      10.2754       5.2653       2.3633    -265.7788      -1.2161     155.5332     -90.7567
      52       7.3872      11.1608       4.8018       2.8631    -271.8564       6.0177      55.1613    -184.4645       0.6785       1.9081       0.0000       0.0000       0.0000       0.0000       0.0000       2.5866       6.7087       9.2527       4.8018       2.8631    -271.8564      -0.6136     159.6357     -89.2079
      53      11.5576      10.6087       5.3549       2.2641    -278.4972       4.1540      59.1228    -185.4352       0.5470       2.7069       0.0000       0.0000       0.0000       0.0000       0.0000       3.2539      11.0106       7.9018       5.3549       2.2641    -278.4972      -1.3584     162.8606     -90.4636
      54       4.1944      14.0437       8.8408       1.9857    -271.7645       0.2092      72.0942    -170.3965       0.1518       2.5034       0.0000       0.0000       0.0000       0.0000       0.0000       2.6552       4.0426      11.5403       8.8408       1.9857    -271.7645      -0.0265     154.5158     -90.8659
      55       6.9680      13.0323       8.1058       3.7190    -266.4515       1.2319      68.0168    -165.3777       1.1190       2.3453       0.0000       0.0000       0.0000       0.0000       0.0000       3.4643       5.8490      10.6870       8.1058       3.7190    -266.4515       1.4978     152.2167     -84.3761
      56       4.1242      13.7794       3.8843       2.4268    -272.1690       0.3210      62.9222    -184.7110       0.1489       2.8494       0.0000       0.0000       0.0000       0.0000       0.0000       2.9983       3.9753      10.9300       3.8843       2.4268    -272.1690      -0.2908     158.2870     -92.9564
      57       3.4966      15.1144       8.1784       2.4552    -263.9162       0.8527      52.1457    -181.6731       1.2546       2.5404       0.0000       0.0000       0.0000       0.0000       0.0000       3.7949       2.2420      12.5741       8.1784       2.4552    -263.9162      -0.8120     151.3657     -87.9128
      58       3.3125       9.0973       9.1542       3.1005    -265.9669       0.6064      50.8829    -189.8131       0.6014       2.2990       0.0000       0.0000       0.0000       0.0000       0.0000       2.9004       2.7111       6.7983       9.1542       3.1005    -265.9669      -1.1914     157.2351     -88.1592
      59       5.5096      15.1330       4.2141       1.8696    -268.9309       1.3033      50.4093    -190.4922       1.3718       4.0845       0.0000       0.0000       0.0000       0.0000       0.0000       5.4562       4.1378      11.0485       4.2141       1.8696    -268.9309      -1.5015     159.2748     -89.8876
      60       8.1192      11.0947       5.6773       2.7274    -271.4088       0.6154      54.9674    -188.2075       0.2048       2.7055       0.0000       0.0000       0.0000       0.0000       0.0000       2.9103       7.9144       8.3892       5.6773       2.7274    -271.4088      -1.4887     158.6961     -89.4933
      61       4.3538       8.9324       7.5888       2.8906    -274.7214      -1.2365      54.9975    -197.1947       0.2415       2.1571       0.0000       0.0000       0.0000       0.0000       0.0000       2.3986       4.1123       6.7753       7.5888       2.8906    -274.7214      -0.7132     163.3148     -90.7527
      62      10.3822      14.8791       3.3425       2.2762    -276.4352       1.1365      52.9561    -191.4625       0.1318       4.7738       0.0000       0.0000       0.0000       0.0000       0.0000       4.9055      10.2505      10.1053       3.3425       2.2762    -276.4352      -1.6099     162.1217     -89.9488
      63       6.4456      11.1190       6.7144       2.2324    -273.5075       3.3469      55.6562    -187.9929       0.4943       1.8583       0.0000       0.0000       0.0000       0.0000       0.0000       2.3526       5.9514       9.2607       6.7144       2.2324    -273.5075      -1.1842     162.3709     -88.1619
      64       4.4806      18.0925       5.3394       1.9534    -268.4388      -1.2877      55.6403    -184.2203       0.9697       3.0739       0.0000       0.0000       0.0000       0.0000       0.0000       4.0436       3.5109      15.0186       5.3394       1.9534    -268.4388      -1.4227     158.2237     -85.8155
      65       3.0334      15.0095       3.6841       2.3344    -274.4992      -0.6175      62.1225    -188.9327       0.1940       4.0343       0.0000       0.0000       0.0000       0.0000       0.0000       4.2283       2.8394      10.9752       3.6841       2.3344    -274.4992      -0.6200     163.6010     -91.6851
      66       6.8375      17.8611       5.2895       5.1128    -271.7049       4.9301      49.5304    -182.1434       0.6552       4.9701       0.0000       0.0000       0.0000       0.0000       0.0000       5.6253       6.1823      12.8911       5.2895       5.1128    -271.7049       0.3035     158.8737     -83.0520
      67       6.7935       9.1359       4.7943       2.3724    -273.6264      -2.5113      90.5384    -162.5033       0.0147       2.6591       0.0000       0.0000       0.0000       0.0000       0.0000       2.6738       6.7788       6.4768       4.7943       2.3724    -273.6264      -1.3169     161.8252     -92.6959
      68       5.2491      15.1395       3.8577       1.4117    -268.1592       2.0801      44.9226    -195.4986       0.3287       3.8792       0.0000       0.0000       0.0000       0.0000       0.0000       4.2079       4.9204      11.2603       3.8577       1.4117    -268.1592      -1.3567     158.2024     -89.8635
      69       6.4954       9.6823       5.7472       3.1095    -273.3286       3.0884      56.2554    -188.9503       0.0900       1.8566       0.0000       0.0000       0.0000       0.0000       0.0000       1.9466       6.4055       7.8257       5.7472       3.1095    -273.3286       0.0274     162.4317     -87.7816
      70       5.7794      19.9245       8.7571       1.8074    -271.7533      -0.3129      61.6077    -174.1901       0.2317       1.8768       0.0000       0.0000       0.0000       0.0000       0.0000       2.1085       5.5477      18.0477       8.7571       1.8074    -271.7533      -1.4066     160.0928     -78.9071
      71       2.8092      17.9996       4.4706       1.2370    -272.8460      -1.0953      59.2738    -188.1512       0.0036       1.5128       0.0000       0.0000       0.0000       0.0000       0.0000       1.5164       2.8056      16.4867       4.4706       1.2370    -272.8460      -1.7114     160.0661     -89.4913
      72       4.2070      11.1441       5.5650       2.7287    -272.0918      -2.2693      87.7258    -162.9906       0.7492       2.1402       0.0000       0.0000       0.0000       0.0000       0.0000       2.8894       3.4578       9.0039       5.5650       2.7287    -272.0918      -0.7767     160.0705     -92.0426
      73       5.0688       7.8348       4.1417       2.5462    -273.3931      -0.5150      72.1274    -182.1893       0.1162       1.2344       0.0000       0.0000       0.0000       0.0000       0.0000       1.3506       4.9526       6.6004       4.1417       2.5462    -273.3931      -1.1666     159.5549     -96.7640
      74      10.9319      20.5334       8.5466       1.7880    -278.0197      -2.5508      83.7774    -154.9932       1.4258       2.7634       0.0000       0.0000       0.0000       0.0000       0.0000       4.1892       9.5061      17.7700       8.5466       1.7880    -278.0197      -1.1105     165.2465     -76.2730
      75       5.9280      18.4145       3.9894       2.2940    -272.5942       1.4699      58.0437    -182.4548       0.1447       6.6337       0.0000       0.0000       0.0000       0.0000       0.0000       6.7784       5.7833      11.7807       3.9894       2.2940    -272.5942      -1.2008     161.2168     -88.7309
      76       6.3998      13.5645       4.5479       2.3896    -270.5986       1.0932      67.3658    -175.2378       0.1398       2.2485       0.0000       0.0000       0.0000       0.0000       0.0000       2.3883       6.2601      11.3160       4.5479       2.3896    -270.5986       0.9689     157.7374     -87.3788
      77       3.6194      17.2087       5.3876       3.8135    -278.6299      -0.1352      77.3559    -171.3800       0.5825       1.8377       0.0000       0.0000       0.0000       0.0000       0.0000       2.4202       3.0370      15.3710       5.3876       3.8135    -278.6299       0.0013     168.0408     -82.9788
      78       9.8369      13.1687       4.1583       1.9469    -275.2836      -2.4678      76.2842    -172.3564       0.2696       1.4703       0.0000       0.0000       0.0000       0.0000       0.0000       1.7399       9.5673      11.6984       4.1583       1.9469    -275.2836      -1.4136     161.4749     -87.8513
      79       9.8965      11.2234       3.4083       1.9205    -272.1438      -1.1452      52.5598    -194.2806       0.8075       3.6242       0.0000       0.0000       0.0000       0.0000       0.0000       4.4317       9.0890       7.5992       3.4083       1.9205    -272.1438      -1.2580     159.6595     -91.7254
      80       4.9542      14.1749       5.8079       1.6985    -274.4016       2.9447      46.1859    -198.6355       0.5496       4.3318       0.0000       0.0000       0.0000       0.0000       0.0000       4.8814       4.4046       9.8431       5.8079       1.6985    -274.4016      -0.6980     162.7142     -90.6313
      81      10.2726      14.9096       4.9322       2.3997    -278.6754       0.6840      56.5056    -188.9717       0.3917       0.6240       0.0000       0.0000       0.0000       0.0000       0.0000       1.0157       9.8809      14.2856       4.9322       2.3997    -278.6754      -0.9546     161.5367     -86.5948
      82       6.7890      13.2694       3.4435       3.4083    -270.0079      -1.3428      59.7936    -184.6469       2.0660       4.3897       0.0000       0.0000       0.0000       0.0000       0.0000       6.4557       4.7230       8.8798       3.4435       3.4083    -270.0079      -0.4463     159.2304     -90.7693
      83       4.2170      20.9770       7.1373       1.3008    -271.8505       0.2907      46.2197    -191.7079       0.2287       5.1606       0.0000       0.0000       0.0000       0.0000       0.0000       5.3893       3.9883      15.8164       7.1373       1.3008    -271.8505      -1.3082     158.3240     -86.5919
      84       2.9307      11.0608       8.2702       3.0803    -266.6692      -2.1953      68.0762    -175.4462       0.2376       1.8740       0.0000       0.0000       0.0000       0.0000       0.0000       2.1116       2.6931       9.1868       8.2702       3.0803    -266.6692      -0.9061     157.2695     -87.0753
      85       2.5173      15.4425       6.3750       3.0796    -273.9033       1.2243      55.2802    -189.9844       0.0925       3.3271       0.0000       0.0000       0.0000       0.0000       0.0000       3.4196       2.4248      12.1154       6.3750       3.0796    -273.9033      -1.2374     161.8037     -89.3422
      86       8.6604      11.4719       6.0927       1.7699    -278.7718       2.5011      54.7540    -193.5218       1.0376       0.4596       0.0000       0.0000       0.0000       0.0000       0.0000       1.4972       7.6228      11.0123       6.0927       1.7699    -278.7718      -0.7655     163.3286     -89.7110
      87       5.1502      12.0622       6.8035       3.2831    -272.9774       3.8380      52.9260    -188.9143       0.2427       2.6515       0.0000       0.0000       0.0000       0.0000       0.0000       2.8942       4.9075       9.4108       6.8035       3.2831    -272.9774      -0.4576     160.4199     -88.6103
      88       7.7029      13.9252       6.9745       3.9718    -277.4015      -0.4565      56.6455    -188.6381       1.6826       0.7304       0.0000       0.0000       0.0000       0.0000       0.0000       2.4130       6.0203      13.1947       6.9745       3.9718    -277.4015      -0.5780     163.7611     -84.0571
      89       8.7671      12.0844       4.9167       4.0837    -272.1534       1.3932      56.6200    -184.2882       0.8418       1.8753       0.0000       0.0000       0.0000       0.0000       0.0000       2.7172       7.9253      10.2091       4.9167       4.0837    -272.1534      -0.5496     158.8018     -86.7665
      90       8.6535      20.7257       5.6232       2.0529    -284.8154      -1.4668      59.4714    -189.7554       1.6381       4.2493       0.0000       0.0000       0.0000       0.0000       0.0000       5.8873       7.0155      16.4765       5.6232       2.0529    -284.8154      -0.9618     167.1916     -87.4176
      91       4.9646      15.2732       6.6763       4.0697    -276.6793       1.3338      63.8687    -180.4930       1.1238       4.1535       0.0000       0.0000       0.0000       0.0000       0.0000       5.2773       3.8408      11.1197       6.6763       4.0697    -276.6793      -0.8395     161.7748     -90.0375
      92       2.9234      12.4179       6.3375       2.8594    -268.5193       1.2148      48.4078    -194.3587       0.2779       2.3475       0.0000       0.0000       0.0000       0.0000       0.0000       2.6254       2.6454      10.0703       6.3375       2.8594    -268.5193       0.0141     154.5677     -92.0249
      93       6.3725      15.7547       4.3212       1.6335    -277.7479       0.9681      55.1107    -193.5872       0.5695       3.0596       0.0000       0.0000       0.0000       0.0000       0.0000       3.6291       5.8030      12.6951       4.3212       1.6335    -277.7479      -0.7439     163.5308     -90.5083
      94       5.6865      14.3081      12.6270       2.5406    -271.5166       1.5956      40.6711    -194.0877       0.3598       3.0916       0.0000       0.0000       0.0000       0.0000       0.0000       3.4514       5.3267      11.2165      12.6270       2.5406    -271.5166      -1.2474     157.3102     -83.7430
      95       3.9842      10.3778       4.4408       1.2120    -262.2191      -1.9207      62.6962    -181.4288       0.9416       1.5965       0.0000       0.0000       0.0000       0.0000       0.0000       2.5382       3.0426       8.7812       4.4408       1.2120    -262.2191      -1.6161     154.6061     -91.7523
      96       4.8726      11.2895       4.4264       3.7384    -272.9387       1.9673      73.6803    -172.9642       0.2648       1.3407       0.0000       0.0000       0.0000       0.0000       0.0000       1.6056       4.6078       9.9487       4.4264       3.7384    -272.9387      -0.4554     162.6927     -87.9800
      97       2.5178      10.6905       5.1424       3.2255    -261.9237      -1.2981      56.6981    -184.9473       0.3547       3.4318       0.0000       0.0000       0.0000       0.0000       0.0000       3.7865       2.1631       7.2588       5.1424       3.2255    -261.9237      -0.8654     152.9660     -92.0332
      98       6.0296      13.1664       6.4548       2.5012    -273.0009       3.8854      57.6451    -183.3185       0.4964       0.8979       0.0000       0.0000       0.0000       0.0000       0.0000       1.3943       5.5332      12.2685       6.4548       2.5012    -273.0009       0.4070     156.8362     -89.0000
      99       8.7685      12.6703       5.2152       2.5502    -273.0065       3.2143      47.2523    -193.3357       0.2994       1.8737       0.0000       0.0000       0.0000       0.0000       0.0000       2.1732       8.4691      10.7966       5.2152       2.5502    -273.0065      -0.7061     160.0290     -86.6526
     100       5.4977       9.7055       4.6561       2.4957    -271.3033       0.3016      50.0601    -198.5865       0.0506       1.1190       0.0000       0.0000       0.0000       0.0000       0.0000       1.1696       5.4470       8.5865       4.6561       2.4957    -271.3033      -0.8058     159.5274     -91.3962
     101       8.9212       7.3427       7.6056       2.7432    -275.5460      -0.5602      69.9396    -179.5540       0.1118       0.9704       0.0000       0.0000       0.0000       0.0000       0.0000       1.0822       8.8093       6.3723       7.6056       2.7432    -275.5460      -0.0882     161.2020     -88.9018
     102       6.4811      19.8499       6.7261       2.8780    -273.6133       2.5424      49.0839    -186.0519       0.0892       7.4783       0.0000       0.0000       0.0000       0.0000       0.0000       7.5675       6.3919      12.3716       6.7261       2.8780    -273.6133      -0.7970     157.7716     -88.2710
     103       2.2505       9.7218       7.1075       2.9031    -264.1363       0.1760      48.2502    -193.7273       0.2292       1.1329       0.0000       0.0000       0.0000       0.0000       0.0000       1.3621       2.0212       8.5889       7.1075       2.9031    -264.1363      -0.3110     152.3365     -91.4901
     104       6.5704      11.4574       5.6214       2.4697    -272.9463       0.8832      46.4077    -199.5365       0.2399       0.6665       0.0000       0.0000       0.0000       0.0000       0.0000       0.9063       6.3305      10.7909       5.6214       2.4697    -272.9463      -1.0629     158.0258     -90.7708
     105       8.1724      18.6193       6.2428       2.6035    -279.0392       7.3932      46.7343    -189.2738       0.1828       1.7820       0.0000       0.0000       0.0000       0.0000       0.0000       1.9648       7.9896      16.8373       6.2428       2.6035    -279.0392      -0.0978     163.5382     -81.9257
     106       5.2692      15.3005       5.1244       1.7886    -271.0109      -0.8768      51.6782    -192.7269       0.4217       4.3874       0.0000       0.0000       0.0000       0.0000       0.0000       4.8091       4.8475      10.9130       5.1244       1.7886    -271.0109      -1.1181     160.2983     -89.1571
     107       3.0939      14.2072       3.7382       3.4432    -271.4489       0.5688      49.1612    -197.2363       0.0840       3.1160       0.0000       0.0000       0.0000       0.0000       0.0000       3.2000       3.0100      11.0912       3.7382       3.4432    -271.4489      -1.0977     160.6952     -90.5689
     108       4.7943       6.4596       6.0129       2.9165    -265.7111       1.5448      49.8509    -194.1322       0.1123       1.1029       0.0000       0.0000       0.0000       0.0000       0.0000       1.2153       4.6819       5.3567       6.0129       2.9165    -265.7111      -0.2281     155.1756     -91.7956
     109       7.0888      10.5049       3.6558       0.9902    -269.6983       2.6950      37.2058    -207.5577       0.3074       3.6394       0.0000       0.0000       0.0000       0.0000       0.0000       3.9468       6.7814       6.8655       3.6558       0.9902    -269.6983      -1.4970     155.5575     -97.3447
     110       7.1443      11.3138       3.9011       2.2218    -273.3955       0.5638      46.4294    -201.8214       0.2087       2.6248       0.0000       0.0000       0.0000       0.0000       0.0000       2.8334       6.9357       8.6890       3.9011       2.2218    -273.3955      -1.0160     160.6809     -91.9830
     111       7.2041      11.6887       5.1296       2.2506    -274.6408       1.7797      48.8408    -197.7473       0.2666       1.3244       0.0000       0.0000       0.0000       0.0000       0.0000       1.5911       6.9375      10.3643       5.1296       2.2506    -274.6408      -1.4586     160.4404     -90.9770
     112       6.4460       8.2454       4.8878       3.4592    -263.4582       2.2133      42.2669    -195.9395       0.8516       1.2543       0.0000       0.0000       0.0000       0.0000       0.0000       2.1059       5.5945       6.9911       4.8878       3.4592    -263.4582      -0.5718     152.2647     -90.8327
     113       8.8679      13.2448       5.9774       1.9634    -274.1327       1.0598      49.6108    -193.4086       0.4271       2.2933       0.0000       0.0000       0.0000       0.0000       0.0000       2.7204       8.4408      10.9515       5.9774       1.9634    -274.1327      -1.1143     158.7434     -89.1706
     114       6.5214      12.9705       5.0167       1.7588    -274.4996       1.2464      52.2147    -194.7712       0.4329       1.5914       0.0000       0.0000       0.0000       0.0000       0.0000       2.0244       6.0884      11.3791       5.0167       1.7588    -274.4996      -0.9282     161.9972     -89.1876
     115       9.8599      13.4747       5.0882       1.9636    -274.8074       1.0037      47.1338    -196.2835       1.4001       3.6815       0.0000       0.0000       0.0000       0.0000       0.0000       5.0815       8.4598       9.7933       5.0882       1.9636    -274.8074      -1.1620     159.6658     -90.9987
     116       6.0786      15.9825       6.6135       3.2736    -272.8798       2.3825      50.5077    -188.0414       0.2199       4.2922       0.0000       0.0000       0.0000       0.0000       0.0000       4.5122       5.8586      11.6903       6.6135       3.2736    -272.8798       0.2053     159.5949     -85.6435
     117       2.0369      14.0671       4.3172       2.0404    -263.8587       0.0853      45.6952    -195.6167       0.0649       5.1550       0.0000       0.0000       0.0000       0.0000       0.0000       5.2198       1.9720       8.9121       4.3172       2.0404    -263.8587      -0.9213     153.2616     -94.2766
     118       6.3608      11.1330       4.5361       1.3530    -268.3883       3.1313      51.9901    -189.8838       0.5784       1.2725       0.0000       0.0000       0.0000       0.0000       0.0000       1.8509       5.7825       9.8605       4.5361       1.3530    -268.3883      -1.0363     157.4922     -90.4003
     119       9.1820      11.5072       3.9134       1.4581    -270.9706       3.6356      41.5685    -199.7057       0.5863       4.3061       0.0000       0.0000       0.0000       0.0000       0.0000       4.8924       8.5958       7.2010       3.9134       1.4581    -270.9706      -1.2244     158.1989     -92.8277
     120       6.9151      11.4401       5.1855       2.4244    -275.0277      -0.3941      49.9083    -199.5485       0.6925       0.4359       0.0000       0.0000       0.0000       0.0000       0.0000       1.1284       6.2226      11.0042       5.1855       2.4244    -275.0277      -1.0305     156.2574     -94.9642
     121       5.0602      12.0949       5.8450       1.4197    -271.1778      -0.9838      49.3224    -198.4194       0.4301       2.6311       0.0000       0.0000       0.0000       0.0000       0.0000       3.0612       4.6301       9.4638       5.8450       1.4197    -271.1778      -1.1906     158.1260     -92.8839
     122       7.9728      12.5152       4.3691       2.4272    -276.9547       0.2526      55.8906    -193.5273       0.5876       0.4124       0.0000       0.0000       0.0000       0.0000       0.0000       1.0000       7.3852      12.1028       4.3691       2.4272    -276.9547      -0.2607     161.4761     -89.4551
     123       6.7923      10.6957       4.9675       2.0760    -274.3870      -0.0898      51.9024    -198.0429       0.0654       1.9866       0.0000       0.0000       0.0000       0.0000       0.0000       2.0520       6.7269       8.7091       4.9675       2.0760    -274.3870      -0.5276     159.1335     -93.3016
     124       4.4679      10.9607       5.5142       2.7071    -272.8666       1.9502      48.4576    -198.8088       0.5821       1.9407       0.0000       0.0000       0.0000       0.0000       0.0000       2.5228       3.8858       9.0200       5.5142       2.7071    -272.8666      -0.7110     159.0702     -93.3802
     125       5.3849      16.6950       4.5544       1.2761    -271.6277      -1.7824      45.9297    -199.5700       1.2977       3.0054       0.0000       0.0000       0.0000       0.0000       0.0000       4.3031       4.0872      13.6895       4.5544       1.2761    -271.6277      -1.4751     157.0053     -92.4902
     126       4.3259       9.2270       4.7757       2.5611    -270.8499       1.1392      52.2759    -196.5452       0.5604       1.2810       0.0000       0.0000       0.0000       0.0000       0.0000       1.8414       3.7655       7.9460       4.7757       2.5611    -270.8499      -0.6598     160.3589     -92.1024
