#Frame     e_ab[bond]  e_ab[angle]    e_ab[dih]  e_ab[vdw14] e_ab[elec14]    e_ab[vdw]   e_ab[elec]  e_ab[total]    e_a[bond]   e_a[angle]     e_a[dih]   e_a[vdw14]  e_a[elec14]     e_a[vdw]    e_a[elec]   e_a[total]    e_b[bond]   e_b[angle]     e_b[dih]   e_b[vdw14]  e_b[elec14]     e_b[vdw]    e_b[elec]   e_b[total]
       1      11.6749      33.9389      18.6223       3.2447    -550.8621       8.0318     163.2223    -312.1271       0.2650       3.3979       0.0000       0.0000       0.0000       0.0000       0.0000       3.6629      11.4099      30.5410      18.6223       3.2447    -550.8621      -3.4673     394.6096     -95.9018
       2       9.9017      23.3717       9.7218       3.4081    -553.8412      -2.4960     185.0285    -324.9053       0.1171       0.7596       0.0000       0.0000       0.0000       0.0000       0.0000       0.8767       9.7846      22.6122       9.7218       3.4081    -553.8412      -4.1017     397.2374    -115.1788
       3       4.8969      28.7308      12.7320       4.3006    -537.2714       2.3347     159.8766    -324.3997       0.4450       3.6434       0.0000       0.0000       0.0000       0.0000       0.0000       4.0884       4.4519      25.0875      12.7320       4.3006    -537.2714      -3.1450     384.0717    -109.7728
       4      12.6201      33.4910       9.2681       3.8337    -549.6533      -2.0960     168.6645    -323.8720       0.9851       5.1997       0.0000       0.0000       0.0000       0.0000       0.0000       6.1848      11.6349      28.2913       9.2681       3.8337    -549.6533      -4.2351     392.0394    -108.8210
       5       8.7171      24.8159      10.2281       3.3855    -546.4096       1.1671     162.8509    -335.2451       0.4889       2.3895       0.0000       0.0000       0.0000       0.0000       0.0000       2.8785       8.2282      22.4263      10.2281       3.3855    -546.4096      -3.5669     388.5748    -117.1336
       6      11.8859      20.0127       7.4296       4.6080    -539.8641       4.1453     145.8674    -345.9154       0.1016       1.2203       0.0000       0.0000       0.0000       0.0000       0.0000       1.3219      11.7843      18.7924       7.4296       4.6080    -539.8641      -3.0490     380.9934    -119.3056
       7       6.1677      24.9009       7.9740       3.2612    -536.6536       5.6420     144.2668    -344.4411       0.0565       5.2036       0.0000       0.0000       0.0000       0.0000       0.0000       5.2600       6.1112      19.6973       7.9740       3.2612    -536.6536      -3.7216     383.4926    -119.8390
       8       9.4817      22.1383       9.8344       3.9388    -539.8227       1.7502     164.5862    -328.0930       0.0048       0.4686       0.0000       0.0000       0.0000       0.0000       0.0000       0.4735       9.4769      21.6696       9.8344       3.9388    -539.8227      -3.0124     389.2465    -108.6689
       9      13.4461      23.9797      13.9570       4.5341    -545.7213       4.1681     156.2214    -329.4150       0.0489       2.8411       0.0000       0.0000       0.0000       0.0000       0.0000       2.8900      13.3972      21.1386      13.9570       4.5341    -545.7213      -1.1278     386.7605    -107.0618
      10      10.5733      23.0731      10.0038       4.3647    -551.8922       0.9886     165.2937    -337.5949       0.2723       1.3338       0.0000       0.0000       0.0000       0.0000       0.0000       1.6062      10.3010      21.7393      10.0038       4.3647    -551.8922      -2.6881     391.1340    -117.0374
      11      15.1925      29.0999      15.8030       4.6768    -547.6523       5.4600     153.5550    -323.8652       0.2097       2.3360       0.0000       0.0000       0.0000       0.0000       0.0000       2.5458      14.9828      26.7638      15.8030       4.6768    -547.6523      -3.6044     384.7479    -104.2824
      12      17.7298      27.7134       8.9978       3.7895    -552.1504       1.4089     156.5002    -336.0108       0.8850       4.9981       0.0000       0.0000       0.0000       0.0000       0.0000       5.8831      16.8448      22.7153       8.9978       3.7895    -552.1504      -2.5771     389.7782    -112.6018
      13      13.6428      25.6329      10.2518       3.1588    -546.4155      -0.1525     167.6440    -326.2377       0.1590       2.1220       0.0000       0.0000       0.0000       0.0000       0.0000       2.2810      13.4838      23.5109      10.2518       3.1588    -546.4155      -3.4728     389.7994    -109.6835
      14      11.2910      20.6998       7.3564       4.8526    -544.8146       0.8060     163.8453    -335.9635       0.0123       1.2638       0.0000       0.0000       0.0000       0.0000       0.0000       1.2761      11.2788      19.4360       7.3564       4.8526    -544.8146      -1.7738     385.6209    -118.0438
      15      10.1902      20.7980      12.1260       4.3282    -539.2971       8.8522     150.5555    -332.4471       0.7813       1.4021       0.0000       0.0000       0.0000       0.0000       0.0000       2.1834       9.4089      19.3959      12.1260       4.3282    -539.2971      -4.0146     383.5813    -114.4715
      16       8.0359      22.5579      12.3577       5.1990    -541.4269       2.3931     154.1120    -336.7714       0.2151       3.2424       0.0000       0.0000       0.0000       0.0000       0.0000       3.4575       7.8208      19.3154      12.3577       5.1990    -541.4269      -3.7327     384.2017    -116.2650
      17      20.2478      30.6263       9.6834       2.3800    -556.5376       1.9282     156.2130    -335.4588       0.8970       5.1603       0.0000       0.0000       0.0000       0.0000       0.0000       6.0574      19.3508      25.4660       9.6834       2.3800    -556.5376      -3.7640     388.0331    -115.3883
      18       9.2022      24.3843       9.4640       4.2993    -539.0717       3.4994     153.3316    -334.8908       0.2500       1.6016       0.0000       0.0000       0.0000       0.0000       0.0000       1.8517       8.9522      22.7826       9.4640       4.2993    -539.0717      -3.2941     381.9383    -114.9293
      19      12.5220      31.6019      10.2474       5.1592    -545.2828       0.8978     163.7408    -321.1138       0.1159       2.2794       0.0000       0.0000       0.0000       0.0000       0.0000       2.3954      12.4061      29.3224      10.2474       5.1592    -545.2828      -3.4860     385.4746    -106.1591
      20      13.7327      20.8721       8.2261       4.3902    -540.4115       6.2965     146.5452    -340.3486       1.8744       5.1508       0.0000       0.0000       0.0000       0.0000       0.0000       7.0252      11.8583      15.7212       8.2261       4.3902    -540.4115      -4.0515     385.6015    -118.6655
      21      12.7309      18.0066       9.0846       3.4981    -539.0124       1.7471     158.2682    -335.6769       0.0174       1.5650       0.0000       0.0000       0.0000       0.0000       0.0000       1.5824      12.7135      16.4416       9.0846       3.4981    -539.0124      -4.0497     387.9741    -113.3503
      22      16.3207      24.4590      10.4601       5.7994    -551.3888       1.4247     154.8992    -338.0256       0.0939       1.6410       0.0000       0.0000       0.0000       0.0000       0.0000       1.7349      16.2268      22.8180      10.4601       5.7994    -551.3888      -2.4747     387.1628    -111.3964
      23       9.4089      30.4341      12.4426       3.9679    -542.2190       6.3621     142.5575    -337.0459       1.8429       5.5410       0.0000       0.0000       0.0000       0.0000       0.0000       7.3838       7.5660      24.8931      12.4426       3.9679    -542.2190      -3.3016     382.7203    -113.9307
      24      11.2643      26.5204       9.2261       4.0987    -543.8136       0.5228     163.5517    -328.6296       1.4189       0.1007       0.0000       0.0000       0.0000       0.0000       0.0000       1.5196       9.8454      26.4197       9.2261       4.0987    -543.8136      -2.8524     381.8478    -115.2283
      25       8.7421      22.3035      12.4941       5.8559    -533.8866       2.6838     149.7416    -332.0655       0.1303       4.8761       0.0000       0.0000       0.0000       0.0000       0.0000       5.0063       8.6119      17.4274      12.4941       5.8559    -533.8866      -3.0177     371.5165    -120.9985
      26       9.9087      27.5755       9.1960       3.7749    -545.7343       5.8351     148.4743    -340.9699       0.1260       1.4091       0.0000       0.0000       0.0000       0.0000       0.0000       1.5351       9.7827      26.1664       9.1960       3.7749    -545.7343      -4.1597     386.3519    -114.6220
      27       5.1080      25.5999       8.6728       3.1398    -534.9360       0.9458     149.0938    -342.3759       0.3380       1.5214       0.0000       0.0000       0.0000       0.0000       0.0000       1.8594       4.7700      24.0784       8.6728       3.1398    -534.9360      -1.7420     376.3574    -119.6595
      28      12.0811      21.6237      10.4199       3.8401    -540.9551       1.2466     150.7083    -341.0355       0.1156       2.7120       0.0000       0.0000       0.0000       0.0000       0.0000       2.8276      11.9655      18.9117      10.4199       3.8401    -540.9551      -3.1014     382.3706    -116.5487
      29       8.3022      28.1885      13.1355       4.8594    -540.6301       0.9638     158.9069    -326.2738       0.7349       2.8197       0.0000       0.0000       0.0000       0.0000       0.0000       3.5546       7.5673      25.3688      13.1355       4.8594    -540.6301      -2.0441     381.9500    -109.7932
      30       9.6618      34.3197      12.6897       4.4563    -548.8847       4.6207     149.6664    -333.4701       0.3073       3.8990       0.0000       0.0000       0.0000       0.0000       0.0000       4.2063       9.3544      30.4208      12.6897       4.4563    -548.8847      -3.6949     385.5076    -110.1509
      31      11.4329      24.8203      16.7051       4.9085    -552.3825      -2.6574     164.2801    -332.8930       1.6387       1.3250       0.0000       0.0000       0.0000       0.0000       0.0000       2.9637       9.7942      23.4953      16.7051       4.9085    -552.3825      -3.5635     386.1747    -114.8680
      32      10.7007      32.2739      13.7560       3.3754    -543.1968       7.0124     151.0696    -325.0088       0.1898       4.4315       0.0000       0.0000       0.0000       0.0000       0.0000       4.6213      10.5109      27.8424      13.7560       3.3754    -543.1968      -3.8031     385.0098    -106.5054
      33      11.7205      20.4131      12.4915       4.6057    -542.4366       4.2780     145.5481    -343.3798       0.0012       3.8705       0.0000       0.0000       0.0000       0.0000       0.0000       3.8717      11.7193      16.5426      12.4915       4.6057    -542.4366      -4.4239     382.4465    -119.0550
      34      11.0660      25.6168      10.3345       4.0401    -541.1464       0.4034     154.6366    -335.0491       0.0639       2.4274       0.0000       0.0000       0.0000       0.0000       0.0000       2.4913      11.0021      23.1894      10.3345       4.0401    -541.1464      -4.1912     379.7056    -117.0661
      35      11.3795      25.2500      14.0340       3.2589    -541.3078       8.5054     144.3439    -334.5361       0.1117       1.1837       0.0000       0.0000       0.0000       0.0000       0.0000       1.2954      11.2678      24.0663      14.0340       3.2589    -541.3078      -3.8932     378.0212    -114.5527
      36      14.0896      26.8893      12.9752       4.1006    -554.9268       2.2774     165.1214    -329.4734       0.2745       0.8487       0.0000       0.0000       0.0000       0.0000       0.0000       1.1232      13.8151      26.0406      12.9752       4.1006    -554.9268      -3.7550     391.8569    -109.8934
      37      10.7547      33.8928      14.0721       6.0557    -553.5364       1.4475     167.8848    -319.4289       0.6109       0.1289       0.0000       0.0000       0.0000       0.0000       0.0000       0.7398      10.1438      33.7639      14.0721       6.0557    -553.5364      -4.1308     395.0028     -98.6290
      38      15.6726      29.2706      10.4187       6.4562    -554.4400       1.9647     156.0364    -334.6208       0.0048       2.7371       0.0000       0.0000       0.0000       0.0000       0.0000       2.7420      15.6678      26.5335      10.4187       6.4562    -554.4400      -4.9350     385.2943    -115.0044
      39      19.0382      23.8189       9.1660       2.8075    -548.1148       1.2049     158.9546    -333.1249       1.9434       2.9921       0.0000       0.0000       0.0000       0.0000       0.0000       4.9355      17.0948      20.8268       9.1660       2.8075    -548.1148      -2.9151     384.1464    -116.9886
      40      11.7178      28.9799      11.7230       5.1167    -537.2374      -1.4118     150.0742    -331.0376       1.0253       1.2944       0.0000       0.0000       0.0000       0.0000       0.0000       2.3197      10.6926      27.6855      11.7230       5.1167    -537.2374      -3.3689     379.1151    -106.2735
      41       8.9256      28.7259      12.7438       4.3419    -539.6295       0.7356     156.1204    -328.0362       0.0152       3.0508       0.0000       0.0000       0.0000       0.0000       0.0000       3.0660       8.9104      25.6751      12.7438       4.3419    -539.6295      -3.3052     378.9394    -112.3240
      42      14.4177      19.4981      10.1857       4.5104    -545.0388       3.8130     150.7493    -341.8647       0.2044       2.2983       0.0000       0.0000       0.0000       0.0000       0.0000       2.5027      14.2133      17.1998      10.1857       4.5104    -545.0388      -2.3001     381.0166    -120.2132
      43       7.8605      25.2666       8.3746       3.7574    -540.1801      -0.8697     167.0443    -328.7464       0.5155       2.1892       0.0000       0.0000       0.0000       0.0000       0.0000       2.7047       7.3450      23.0774       8.3746       3.7574    -540.1801      -3.1827     381.0674    -119.7410
      44       9.8748      21.3884      12.3512       5.8602    -542.8246       0.4423     173.1175    -319.7902       2.2194       1.9581       0.0000       0.0000       0.0000       0.0000       0.0000       4.1774       7.6555      19.4303      12.3512       5.8602    -542.8246      -2.2073     388.2973    -111.4375
      45      15.0587      24.8683      13.4321       4.7766    -548.6637       0.8350     156.2632    -333.4298       0.5823       3.0748       0.0000       0.0000       0.0000       0.0000       0.0000       3.6572      14.4763      21.7935      13.4321       4.7766    -548.6637      -4.3808     390.2074    -108.3586
      46      14.0194      23.7196      11.4331       4.1647    -549.4811       3.9806     156.7807    -335.3830       0.0327       1.6435       0.0000       0.0000       0.0000       0.0000       0.0000       1.6761      13.9868      22.0761      11.4331       4.1647    -549.4811      -3.3045     391.7271    -109.3979
      47      11.3249      27.1572      10.3342       2.6990    -544.6154       0.2531     154.3505    -338.4965       0.4637       2.4589       0.0000       0.0000       0.0000       0.0000       0.0000       2.9225      10.8613      24.6984      10.3342       2.6990    -544.6154      -3.6052     382.6621    -116.9657
      48      20.3496      29.9574      11.7829       3.1865    -553.0046       1.7188     162.0627    -323.9467       0.6451       4.2314       0.0000       0.0000       0.0000       0.0000       0.0000       4.8766      19.7045      25.7259      11.7829       3.1865    -553.0046      -4.8741     393.3005    -104.1784
      49      15.5806      28.0590       7.9899       4.1931    -544.3243       1.2163     161.2456    -326.0397       0.6777       3.2847       0.0000       0.0000       0.0000       0.0000       0.0000       3.9625      14.9029      24.7743       7.9899       4.1931    -544.3243      -4.5418     390.1047    -106.9013
      50      13.7214      31.7072      14.0064       5.0656    -550.5295       1.3628     157.8736    -326.7926       0.3097       2.7202       0.0000       0.0000       0.0000       0.0000       0.0000       3.0299      13.4117      28.9869      14.0064       5.0656    -550.5295      -4.4135     386.7941    -106.6783
      51       8.8879      23.6539       8.9953       4.4618    -545.0463       2.6780     159.6778    -336.6915       0.6025       1.4091       0.0000       0.0000       0.0000       0.0000       0.0000       2.0116       8.2854      22.2448       8.9953       4.4618    -545.0463      -3.0131     385.3138    -118.7582
      52       9.4334      29.5371      11.0050       6.8994    -542.6075       5.7938     148.2440    -331.6948       0.6520       4.3039       0.0000       0.0000       0.0000       0.0000       0.0000       4.9559       8.7814      25.2333      11.0050       6.8994    -542.6075      -3.2493     388.7964    -105.1414
      53      13.1317      25.0717       9.1800       3.4490    -540.6072       0.0824     158.4451    -331.2472       0.0233       0.7621       0.0000       0.0000       0.0000       0.0000       0.0000       0.7854      13.1084      24.3096       9.1800       3.4490    -540.6072      -3.3791     385.2089    -108.7303
      54      11.4374      24.6812       9.1765       6.2339    -541.2331       3.8011     160.5031    -325.3999       0.2087       2.6809       0.0000       0.0000       0.0000       0.0000       0.0000       2.8896      11.2287      22.0003       9.1765       6.2339    -541.2331      -1.8975     383.3302    -111.1610
      55      13.5731      20.9782      10.1150       4.9088    -547.3738       1.8831     156.4267    -339.4890       0.2405       0.5374       0.0000       0.0000       0.0000       0.0000       0.0000       0.7779      13.3326      20.4408      10.1150       4.9088    -547.3738      -2.8753     384.7136    -116.7383
      56      13.5726      25.3057       7.4075       3.5530    -543.3788      -1.0994     166.2324    -328.4070       1.3535       3.4769       0.0000       0.0000       0.0000       0.0000       0.0000       4.8304      12.2192      21.8287       7.4075       3.5530    -543.3788      -3.6660     386.7703    -115.2660
      57      14.3736      20.2754       9.8343       2.7791    -539.9485       1.1744     159.8293    -331.6825       0.3757       0.8325       0.0000       0.0000       0.0000       0.0000       0.0000       1.2082      13.9978      19.4429       9.8343       2.7791    -539.9485      -2.9153     381.3744    -115.4353
      58      10.3768      21.5414       9.5826       4.7194    -538.3587       7.2845     156.6606    -328.1933       0.4107       2.7254       0.0000       0.0000       0.0000       0.0000       0.0000       3.1361       9.9662      18.8160       9.5826       4.7194    -538.3587      -3.1247     383.8923    -114.5070
      59       8.2214      23.3232       9.9678       3.8624    -552.9253       7.4047     162.6405    -337.5052       0.9073       0.9420       0.0000       0.0000       0.0000       0.0000       0.0000       1.8493       7.3141      22.3812       9.9678       3.8624    -552.9253      -0.7922     391.0338    -119.1581
      60      13.4195      23.7999      10.7937       3.4094    -543.4634       8.4083     153.5388    -330.0938       0.0974       2.8453       0.0000       0.0000       0.0000       0.0000       0.0000       2.9427      13.3221      20.9546      10.7937       3.4094    -543.4634      -3.5929     382.1468    -116.4298
      61      13.7548      27.7385      12.5790       4.7038    -549.2986       3.7878     155.5975    -331.1372       0.0673       4.4260       0.0000       0.0000       0.0000       0.0000       0.0000       4.4933      13.6875      23.3125      12.5790       4.7038    -549.2986      -1.1269     382.9177    -113.2250
      62       8.6578      27.1121       8.6293       3.5214    -539.4836       7.6109     151.6082    -332.3438       0.9932       3.0270       0.0000       0.0000       0.0000       0.0000       0.0000       4.0201       7.6647      24.0852       8.6293       3.5214    -539.4836      -3.2501     383.8312    -115.0019
      63      11.1112      28.8499      13.6455       4.4592    -545.0432       5.9551     149.8881    -331.1342       0.1645       6.5160       0.0000       0.0000       0.0000       0.0000       0.0000       6.6805      10.9467      22.3339      13.6455       4.4592    -545.0432      -3.3915     387.1071    -109.9422
      64      19.1374      22.6168       9.7703       4.4983    -543.9852       4.7886     160.9062    -322.2677       0.0990       0.4219       0.0000       0.0000       0.0000       0.0000       0.0000       0.5210      19.0384      22.1948       9.7703       4.4983    -543.9852      -1.5776     384.2112    -105.8498
      65      13.9601      29.2966      10.9393       5.4266    -553.1169       3.3001     173.8083    -316.3859       0.3733       0.7765       0.0000       0.0000       0.0000       0.0000       0.0000       1.1498      13.5868      28.5201      10.9393       5.4266    -553.1169      -3.3474     394.3312    -103.6602
      66      11.6993      17.9997      10.1343       3.6810    -544.2923      -0.5539     164.4767    -336.8552       1.1750       0.2837       0.0000       0.0000       0.0000       0.0000       0.0000       1.4586      10.5243      17.7160      10.1343       3.6810    -544.2923      -3.3703     387.1274    -118.4796
      67      10.3856      28.0619       9.8564       4.6726    -536.8368      -0.5352     159.3804    -325.0151       0.3274       1.2967       0.0000       0.0000       0.0000       0.0000       0.0000       1.6240      10.0583      26.7652       9.8564       4.6726    -536.8368      -4.0919     380.1977    -109.3785
      68      10.5921      23.9235      13.3480       3.8865    -549.7602       5.5164     165.4546    -327.0391       0.7285       2.3355       0.0000       0.0000       0.0000       0.0000       0.0000       3.0640       9.8636      21.5880      13.3480       3.8865    -549.7602      -3.4256     387.9034    -116.5963
      69      11.6977      18.9666      11.9778       4.8926    -542.2848       1.0855     163.4532    -330.2113       0.6281       1.1349       0.0000       0.0000       0.0000       0.0000       0.0000       1.7629      11.0696      17.8317      11.9778       4.8926    -542.2848      -2.6936     382.1749    -117.0317
      70      19.9298      24.4929       9.7060       3.9523    -545.9666       0.2261     162.2796    -325.3798       0.2424       1.7540       0.0000       0.0000       0.0000       0.0000       0.0000       1.9964      19.6874      22.7390       9.7060       3.9523    -545.9666      -3.5940     384.4513    -109.0246
      71       8.1173      21.2371      11.9014       6.6993    -538.5370       1.4555     157.7216    -331.4048       0.4406       3.3314       0.0000       0.0000       0.0000       0.0000       0.0000       3.7720       7.6767      17.9057      11.9014       6.6993    -538.5370      -1.5756     378.5149    -117.4145
      72      11.3171      29.5592      10.0837       4.6110    -548.7663       6.3575     163.3707    -323.4671       0.6080       2.2561       0.0000       0.0000       0.0000       0.0000       0.0000       2.8641      10.7091      27.3031      10.0837       4.6110    -548.7663      -3.5753     387.4733    -112.1615
      73      11.8116      34.0936      13.6865       3.6672    -542.1602       3.4568     157.8702    -317.5743       1.7627       6.6003       0.0000       0.0000       0.0000       0.0000       0.0000       8.3630      10.0489      27.4933      13.6865       3.6672    -542.1602      -2.9644     380.7157    -109.5130
      74      11.6420      28.0268       9.1105       3.7312    -554.7167      -0.4654     171.4299    -331.2416       0.7293       2.5032       0.0000       0.0000       0.0000       0.0000       0.0000       3.2325      10.9127      25.5237       9.1105       3.7312    -554.7167      -3.3544     394.1688    -114.6242
      75      14.1717      24.6332      12.7989       4.2370    -546.7095       4.8347     158.9397    -327.0943       0.0236       1.9526       0.0000       0.0000       0.0000       0.0000       0.0000       1.9762      14.1481      22.6806      12.7989       4.2370    -546.7095      -3.1108     385.5831    -110.3726
      76       8.7238      25.9440       9.3522       3.7617    -544.1753      -1.1833     169.9624    -327.6144       0.3278       2.1717       0.0000       0.0000       0.0000       0.0000       0.0000       2.4995       8.3960      23.7723       9.3522       3.7617    -544.1753      -3.1592     389.2015    -112.8508
      77      15.7468      18.9599       9.4345       6.0172    -552.4574       8.6650     153.3715    -340.2624       1.1105       3.9481       0.0000       0.0000       0.0000       0.0000       0.0000       5.0586      14.6363      15.0118       9.4345       6.0172    -552.4574      -1.8920     385.4898    -123.7598
      78       7.1854      24.5826      10.7388       3.6213    -538.1327       5.9027     152.3628    -333.7391       0.4978       3.1079       0.0000       0.0000       0.0000       0.0000       0.0000       3.6056       6.6876      21.4747      10.7388       3.6213    -538.1327      -3.6702     383.6888    -115.5917
      79      16.5277      19.7050      13.2673       3.7449    -552.2582       2.0686     180.1551    -316.7896       0.3437       0.3629       0.0000       0.0000       0.0000       0.0000       0.0000       0.7066      16.1840      19.3421      13.2673       3.7449    -552.2582       1.3858     389.7541    -108.5799
      80      15.1312      26.3895      11.6171       3.7294    -542.2830       0.1908     156.0191    -329.2059       0.0840       0.8844       0.0000       0.0000       0.0000       0.0000       0.0000       0.9685      15.0471      25.5051      11.6171       3.7294    -542.2830      -4.4708     376.0800    -114.7751
      81       8.0526      22.6402      11.2273       3.2495    -534.8996       2.4363     154.5204    -332.7733       0.0845       2.0917       0.0000       0.0000       0.0000       0.0000       0.0000       2.1762       7.9681      20.5485      11.2273       3.2495    -534.8996      -4.5063     380.3095    -116.1031
      82      16.3575      20.6070      10.0649       3.5123    -551.0828       0.9094     161.0985    -338.5331       0.1641       0.8127       0.0000       0.0000       0.0000       0.0000       0.0000       0.9767      16.1935      19.7944      10.0649       3.5123    -551.0828      -3.2968     384.2300    -120.5846
      83      18.6764      23.9257       7.9002       4.4915    -549.3916       3.8887     164.7746    -325.7345       0.5489       0.7887       0.0000       0.0000       0.0000       0.0000       0.0000       1.3376      18.1275      23.1369       7.9002       4.4915    -549.3916      -4.1675     390.1288    -109.7742
      84      12.2919      27.7325      11.1695       2.7663    -542.1546       1.0440     151.3409    -335.8095       0.2029       3.6353       0.0000       0.0000       0.0000       0.0000       0.0000       3.8381      12.0891      24.0973      11.1695       2.7663    -542.1546      -4.1660     380.8847    -115.3139
      85      10.6336      31.7062       8.6932       6.8392    -539.4126      -2.6093     158.3276    -325.8222       0.8578       2.4074       0.0000       0.0000       0.0000       0.0000       0.0000       3.2652       9.7758      29.2989       8.6932       6.8392    -539.4126      -4.2009     379.5645    -109.4419
      86      12.8686      28.2515       7.6381       3.7968    -544.7763       0.7652     161.4267    -330.0295       1.0255       1.1275       0.0000       0.0000       0.0000       0.0000       0.0000       2.1530      11.8430      27.1240       7.6381       3.7968    -544.7763      -3.1758     384.3014    -113.2487
      87       9.5845      23.2076      10.0683       4.2049    -544.5010       4.1443     164.2928    -328.9986       0.5612       0.8785       0.0000       0.0000       0.0000       0.0000       0.0000       1.4397       9.0233      22.3291      10.0683       4.2049    -544.5010      -2.1568     392.6332    -108.3990
      88      16.0065      33.3999      11.3557       3.0306    -544.8023       0.8617     158.3679    -321.7800       0.1039       5.9594       0.0000       0.0000       0.0000       0.0000       0.0000       6.0633      15.9026      27.4405      11.3557       3.0306    -544.8023      -3.3777     385.1046    -105.3459
      89      13.9369      19.9095       9.1879       3.9701    -535.6513       3.6622     154.9875    -329.9972       0.3277       0.6222       0.0000       0.0000       0.0000       0.0000       0.0000       0.9499      13.6093      19.2872       9.1879       3.9701    -535.6513      -2.8288     381.5643    -110.8613
      90      19.2503      24.2433       7.7302       4.8265    -543.2713       8.5668     157.4192    -321.2350       3.1847       3.0811       0.0000       0.0000       0.0000       0.0000       0.0000       6.2658      16.0656      21.1622       7.7302       4.8265    -543.2713      -3.4087     384.8410    -112.0545
      91       6.0883      23.7568       9.2147       3.5458    -544.9859       4.0733     158.5593    -339.7477       0.1756       1.2456       0.0000       0.0000       0.0000       0.0000       0.0000       1.4212       5.9127      22.5112       9.2147       3.5458    -544.9859      -1.8329     387.0338    -118.6006
      92      12.4287      22.6971      10.1123       3.9732    -547.7738       2.9567     160.1218    -335.4841       0.5171       2.9857       0.0000       0.0000       0.0000       0.0000       0.0000       3.5028      11.9116      19.7114      10.1123       3.9732    -547.7738      -3.8962     383.6215    -122.3400
      93      11.8965      25.6852      15.1230       5.9103    -549.9450       1.6436     163.7054    -325.9810       1.3162       4.6603       0.0000       0.0000       0.0000       0.0000       0.0000       5.9764      10.5803      21.0249      15.1230       5.9103    -549.9450      -3.1365     394.0780    -106.3649
      94      11.9637      20.6217       8.6415       3.1564    -535.0864      -1.0324     159.7756    -331.9599       0.2091       1.3648       0.0000       0.0000       0.0000       0.0000       0.0000       1.5739      11.7546      19.2569       8.6415       3.1564    -535.0864      -3.1985     379.0756    -116.3999
      95       8.7778      23.2845      13.6814       4.8749    -542.7911       1.2364     156.2023    -334.7339       0.1675       4.5858       0.0000       0.0000       0.0000       0.0000       0.0000       4.7533       8.6102      18.6987      13.6814       4.8749    -542.7911      -3.7935     381.8643    -118.8552
      96      15.2990      23.7774       7.1337       4.9657    -544.5329      -0.8045     157.3047    -336.8568       0.3776       5.2582       0.0000       0.0000       0.0000       0.0000       0.0000       5.6358      14.9214      18.5192       7.1337       4.9657    -544.5329      -3.1849     382.9391    -119.2386
      97      13.1493      21.5166      10.7947       4.6468    -547.7340       2.9681     158.6452    -336.0132       0.1084       2.4073       0.0000       0.0000       0.0000       0.0000       0.0000       2.5157      13.0409      19.1093      10.7947       4.6468    -547.7340      -2.7739     388.6327    -114.2835
      98       6.6625      24.6196       8.0572       3.7205    -537.3694       6.4642     144.8861    -342.9592       0.4591       3.4044       0.0000       0.0000       0.0000       0.0000       0.0000       3.8634       6.2034      21.2153       8.0572       3.7205    -537.3694      -1.6873     383.5685    -116.2917
      99      10.3338      26.8907      10.2246       3.8779    -541.8710       0.6621     156.7351    -333.1467       0.0355       2.1689       0.0000       0.0000       0.0000       0.0000       0.0000       2.2044      10.2983      24.7217      10.2246       3.8779    -541.8710      -3.3630     380.4672    -115.6441
     100      11.2362      24.4736       8.1414       4.2634    -542.6506       3.2148     157.1094    -334.2117       0.7117       1.8274       0.0000       0.0000       0.0000       0.0000       0.0000       2.5391      10.5245      22.6462       8.1414       4.2634    -542.6506      -1.8820     378.6890    -120.2681
     101      10.9014      27.1727       7.3770       4.6926    -547.4964       1.6899     165.3033    -330.3594       0.0124       2.0360       0.0000       0.0000       0.0000       0.0000       0.0000       2.0484      10.8889      25.1368       7.3770       4.6926    -547.4964      -2.5436     388.5726    -113.3721
     102      10.5170      18.9014       8.4267       4.4898    -534.8660       2.6844     151.5047    -338.3420       0.1815       2.6874       0.0000       0.0000       0.0000       0.0000       0.0000       2.8689      10.3355      16.2140       8.4267       4.4898    -534.8660      -3.7894     381.5050    -117.6844
     103      11.2668      26.1384       8.5165       5.2258    -549.6658       1.5898     158.7711    -338.1574       0.0431       2.0259       0.0000       0.0000       0.0000       0.0000       0.0000       2.0690      11.2237      24.1126       8.5165       5.2258    -549.6658      -2.9872     384.4673    -119.1071
     104      16.2484      23.3765       9.5633       3.6204    -548.4883      -0.2042     163.3942    -332.4898       2.4984       1.8299       0.0000       0.0000       0.0000       0.0000       0.0000       4.3283      13.7499      21.5466       9.5633       3.6204    -548.4883      -3.8006     383.6065    -120.2021
     105      11.2195      26.4234      11.5771       6.4628    -544.6217       3.4965     154.6430    -330.7995       0.7847       4.6976       0.0000       0.0000       0.0000       0.0000       0.0000       5.4823      10.4348      21.7257      11.5771       6.4628    -544.6217      -1.5135     382.9512    -112.9836
     106      12.0435      28.4286      18.0272       4.0178    -550.2723      -1.8521     159.9157    -329.6916       0.5480       0.6609       0.0000       0.0000       0.0000       0.0000       0.0000       1.2089      11.4956      27.7676      18.0272       4.0178    -550.2723      -4.4981     379.5536    -113.9086
     107      13.5026      28.3798      10.7060       5.3136    -550.2527      -2.0270     168.4979    -325.8798       0.0065       2.5834       0.0000       0.0000       0.0000       0.0000       0.0000       2.5899      13.4962      25.7963      10.7060       5.3136    -550.2527      -3.7469     387.3843    -111.3033
     108      13.9313      23.5315      10.0728       3.7178    -542.7560       2.1116     159.3519    -330.0390       0.0655       2.1326       0.0000       0.0000       0.0000       0.0000       0.0000       2.1982      13.8658      21.3988      10.0728       3.7178    -542.7560      -3.3936     382.5125    -114.5818
     109      11.0448      32.4103      12.9760       5.3069    -546.3127      -3.2601     159.1249    -328.7099       0.4020       6.5344       0.0000       0.0000       0.0000       0.0000       0.0000       6.9363      10.6428      25.8759      12.9760       5.3069    -546.3127      -4.7602     386.9512    -109.3200
     110      13.2191      28.4241      10.5162       4.5154    -543.3036       1.3785     163.2580    -321.9923       0.0151       0.9723       0.0000       0.0000       0.0000       0.0000       0.0000       0.9874      13.2040      27.4518      10.5162       4.5154    -543.3036      -2.6278     382.7398    -107.5043
     111       8.2741      25.1915      12.2773       4.7456    -539.0494       3.6311     156.1077    -328.8222       0.5280       3.5353       0.0000       0.0000       0.0000       0.0000       0.0000       4.0633       7.7461      21.6562      12.2773       4.7456    -539.0494      -3.2375     384.4194    -111.4424
     112       8.3379      28.4607      10.1005       3.3635    -539.1192       3.8647     155.9695    -329.0224       2.5958       0.7957       0.0000       0.0000       0.0000       0.0000       0.0000       3.3915       5.7421      27.6650      10.1005       3.3635    -539.1192      -1.5771     379.5645    -114.2607
     113      10.5562      27.6090       8.6075       3.8382    -548.0703      -1.2289     161.4319    -337.2564       0.6160       3.4774       0.0000       0.0000       0.0000       0.0000       0.0000       4.0934       9.9402      24.1316       8.6075       3.8382    -548.0703      -4.1589     384.4666    -121.2451
     114      13.2608      21.4967       7.8352       3.6754    -545.3989      -0.3153     159.6909    -339.7552       0.2831       1.0997       0.0000       0.0000       0.0000       0.0000       0.0000       1.3828      12.9777      20.3970       7.8352       3.6754    -545.3989      -3.6020     381.0105    -123.1051
     115      16.4904      24.5796      11.7310       4.9720    -554.3086       1.1989     166.2646    -329.0722       0.1209       3.5134       0.0000       0.0000       0.0000       0.0000       0.0000       3.6343      16.3695      21.0661      11.7310       4.9720    -554.3086      -3.6245     388.7567    -115.0378
     116       9.6953      22.7105       9.9806       4.5264    -543.7270       0.0238     153.0413    -343.7491       0.4808       1.1092       0.0000       0.0000       0.0000       0.0000       0.0000       1.5899       9.2145      21.6014       9.9806       4.5264    -543.7270      -3.1689     384.5339    -117.0391
     117      10.3821      31.4898      11.7983       4.1964    -549.3592       2.1218     168.3699    -321.0008       0.1604       0.9908       0.0000       0.0000       0.0000       0.0000       0.0000       1.1513      10.2216      30.4990      11.7983       4.1964    -549.3592      -1.5394     390.3270    -103.8562
     118       7.9166      28.0120      12.4888       4.7809    -545.8452       3.6857     153.8839    -335.0772       1.1115       4.1345       0.0000       0.0000       0.0000       0.0000       0.0000       5.2461       6.8050      23.8775      12.4888       4.7809    -545.8452      -2.1848     383.3306    -116.7472
     119      17.7625      22.5115       9.5171       3.8742    -538.8463       1.2482     151.3867    -332.5462       1.5629       2.2077       0.0000       0.0000       0.0000       0.0000       0.0000       3.7705      16.1996      20.3039       9.5171       3.8742    -538.8463      -2.6181     377.9327    -113.6370
     120      19.8902      25.3569       8.4256       3.6302    -560.7449       4.8543     161.2821    -337.3056       0.0845       0.9999       0.0000       0.0000       0.0000       0.0000       0.0000       1.0844      19.8057      24.3570       8.4256       3.6302    -560.7449      -3.2255     392.6753    -115.0765
     121      11.0780      35.0048       8.8830       5.0395    -546.9291       3.6193     147.4426    -335.8618       0.7112       4.9386       0.0000       0.0000       0.0000       0.0000       0.0000       5.6498      10.3668      30.0662       8.8830       5.0395    -546.9291      -3.4331     388.2165    -107.7903
     122      11.1341      20.9831      13.2175       5.3721    -547.6603      -0.6281     173.5384    -324.0433       0.5269       0.2972       0.0000       0.0000       0.0000       0.0000       0.0000       0.8241      10.6073      20.6858      13.2175       5.3721    -547.6603      -3.1897     387.8931    -113.0742
     123      18.9419      22.4846       9.4494       3.2466    -544.3226       1.2562     163.4951    -325.4489       0.0129       1.1657       0.0000       0.0000       0.0000       0.0000       0.0000       1.1786      18.9290      21.3188       9.4494       3.2466    -544.3226      -4.3618     390.7808    -104.9597
     124       9.5749      25.3519      10.2439       4.8303    -531.5514      -2.8978     153.1145    -331.3337       1.0793       1.1491       0.0000       0.0000       0.0000       0.0000       0.0000       2.2283       8.4956      24.2028      10.2439       4.8303    -531.5514      -4.2804     373.2236    -114.8355
     125      17.9309      22.0966      11.7173       3.4323    -545.3434      -1.8366     156.4328    -335.5701       0.4577       1.0187       0.0000       0.0000       0.0000       0.0000       0.0000       1.4764      17.4732      21.0780      11.7173       3.4323    -545.3434      -4.2012     383.4653    -112.3785
     126       7.6683      27.5474       7.9224       6.1583    -548.1336       6.4394     158.8541    -333.5439       0.1599       3.7399       0.0000       0.0000       0.0000       0.0000       0.0000       3.8998       7.5083      23.8075       7.9224       6.1583    -548.1336      -2.1760     384.2682    -120.6450
