#Frame     e_ab[bond]  e_ab[angle]    e_ab[dih]  e_ab[vdw14] e_ab[elec14]    e_ab[vdw]   e_ab[elec]  e_ab[total]    e_a[bond]   e_a[angle]     e_a[dih]   e_a[vdw14]  e_a[elec14]     e_a[vdw]    e_a[elec]   e_a[total]    e_b[bond]   e_b[angle]     e_b[dih]   e_b[vdw14]  e_b[elec14]     e_b[vdw]    e_b[elec]   e_b[total]
       1       9.6624      24.0896      12.4422       4.5138    -541.3925       0.7754     149.5545    -340.3547       0.4874       2.3686       0.0000       0.0000       0.0000       0.0000       0.0000       2.8560       9.1750      21.7210      12.4422       4.5138    -541.3925      -3.3812     378.9929    -117.9288
       2       6.9232      28.9746      11.6170       7.1846    -528.8480       3.7290     143.7191    -326.7006       1.4780       1.8804       0.0000       0.0000       0.0000       0.0000       0.0000       3.3584       5.4451      27.0942      11.6170       7.1846    -528.8480      -2.1753     378.6466    -101.0358
       3       9.9362      20.9793       7.6230       4.1453    -542.4689       0.5875     163.1478    -336.0499       0.4497       0.4258       0.0000       0.0000       0.0000       0.0000       0.0000       0.8755       9.4864      20.5535       7.6230       4.1453    -542.4689      -2.6402     385.9917    -117.3092
       4      13.6981      16.1033       9.4277       3.9643    -546.6749       0.8820     162.3591    -340.2405       0.1717       1.5731       0.0000       0.0000       0.0000       0.0000       0.0000       1.7448      13.5264      14.5302       9.4277       3.9643    -546.6749      -3.5397     387.5242    -121.2418
       5       7.1464      20.0989      14.1782       4.1534    -542.7692       0.0153     158.6845    -338.4925       0.1293       1.5393       0.0000       0.0000       0.0000       0.0000       0.0000       1.6686       7.0171      18.5596      14.1782       4.1534    -542.7692      -3.8519     388.5701    -114.1427
       6       9.8167      22.1060      16.6620       4.3996    -538.5591      -0.0641     151.1480    -334.4910       0.2004       3.1896       0.0000       0.0000       0.0000       0.0000       0.0000       3.3900       9.6163      18.9164      16.6620       4.3996    -538.5591      -3.5029     380.1888    -112.2790
       7      11.0303      23.8519       9.0726       3.8680    -535.3255       1.3151     150.5730    -335.6145       0.6857       1.8107       0.0000       0.0000       0.0000       0.0000       0.0000       2.4963      10.3446      22.0412       9.0726       3.8680    -535.3255      -4.1488     375.8280    -118.3198
       8      19.3047      31.0649       8.9550       5.6600    -552.5755      -0.8599     158.0696    -330.3812       0.3233       5.0640       0.0000       0.0000       0.0000       0.0000       0.0000       5.3873      18.9814      26.0009       8.9550       5.6600    -552.5755      -3.6926     386.3289    -110.3420
       9      12.7903      31.3916      10.5743       3.4606    -539.8837       4.2899     150.5112    -326.8657       0.2635       1.0460       0.0000       0.0000       0.0000       0.0000       0.0000       1.3095      12.5268      30.3456      10.5743       3.4606    -539.8837      -4.8027     380.2796    -107.4994
      10      15.8532      25.1360      11.5912       4.4418    -539.7979      -0.4941     147.7658    -335.5039       0.7736       2.8948       0.0000       0.0000       0.0000       0.0000       0.0000       3.6683      15.0796      22.2413      11.5912       4.4418    -539.7979      -3.4490     378.1387    -111.7543
      11      14.2225      24.5452      11.9916       3.6701    -546.7673       6.6537     149.1520    -336.5322       2.1546       2.2684       0.0000       0.0000       0.0000       0.0000       0.0000       4.4230      12.0679      22.2768      11.9916       3.6701    -546.7673      -4.0540     387.7654    -113.0496
      12       9.0017      23.0223      12.0731       4.7213    -539.3623       2.5618     146.9354    -341.0467       0.3611       3.1169       0.0000       0.0000       0.0000       0.0000       0.0000       3.4779       8.6406      19.9054      12.0731       4.7213    -539.3623      -3.7852     376.0762    -121.7309
      13      10.6964      25.3522       8.6497       4.6719    -542.3732       0.8842     153.4523    -338.6665       0.2851       1.9167       0.0000       0.0000       0.0000       0.0000       0.0000       2.2019      10.4113      23.4355       8.6497       4.6719    -542.3732      -4.3691     384.2718    -115.3022
      14      12.1354      25.4579      11.2699       5.0074    -544.1733       1.1029     156.9186    -332.2813       0.3731       2.6651       0.0000       0.0000       0.0000       0.0000       0.0000       3.0382      11.7623      22.7928      11.2699       5.0074    -544.1733      -4.2814     387.9405    -109.6818
      15      11.5761      29.7471      10.9518       6.2877    -543.1891       6.7491     150.5737    -327.3036       0.0814       1.0070       0.0000       0.0000       0.0000       0.0000       0.0000       1.0884      11.4947      28.7402      10.9518       6.2877    -543.1891      -2.3418     386.0871    -101.9694
      16      10.6177      24.5005      12.4232       4.6048    -543.7914       2.8805     154.0825    -334.6822       0.6576       1.3800       0.0000       0.0000       0.0000       0.0000       0.0000       2.0376       9.9601      23.1205      12.4232       4.6048    -543.7914      -4.2767     388.4373    -109.5222
      17      10.3295      23.1403       8.7184       3.4975    -540.7473       6.7571     148.3439    -339.9606       0.3225       3.2962       0.0000       0.0000       0.0000       0.0000       0.0000       3.6188      10.0070      19.8440       8.7184       3.4975    -540.7473      -1.9792     379.1260    -121.5337
      18      12.6028      23.5831      15.9410       4.4932    -545.9812       1.9237     164.4973    -322.9400       0.2343       1.1864       0.0000       0.0000       0.0000       0.0000       0.0000       1.4206      12.3685      22.3968      15.9410       4.4932    -545.9812      -2.8288     381.5691    -112.0414
      19      12.6325      27.8701      14.3986       5.8934    -546.3945       2.7457     155.0108    -327.8434       0.0469       7.3798       0.0000       0.0000       0.0000       0.0000       0.0000       7.4267      12.5857      20.4903      14.3986       5.8934    -546.3945      -3.7775     390.8367    -105.9674
      20      10.8812      32.3438      15.5865       4.6262    -541.5178       3.7735     144.2119    -330.0947       0.0213       3.1494       0.0000       0.0000       0.0000       0.0000       0.0000       3.1707      10.8599      29.1944      15.5865       4.6262    -541.5178      -4.5572     379.7611    -106.0469
      21      13.9147      25.8595       8.9893       3.6725    -541.2230      -0.1127     159.4300    -329.4698       0.4178       2.3779       0.0000       0.0000       0.0000       0.0000       0.0000       2.7957      13.4968      23.4816       8.9893       3.6725    -541.2230      -4.0741     389.7130    -105.9438
      22      13.4488      20.7228       9.0141       3.9410    -544.7301       2.2573     157.1720    -338.1740       0.5361       0.8855       0.0000       0.0000       0.0000       0.0000       0.0000       1.4216      12.9127      19.8373       9.0141       3.9410    -544.7301      -4.3900     386.2392    -117.1757
      23      10.0693      27.1704      11.9429       2.9085    -534.7433       9.5730     139.4497    -333.6296       0.2483       2.0429       0.0000       0.0000       0.0000       0.0000       0.0000       2.2913       9.8209      25.1274      11.9429       2.9085    -534.7433      -2.8936     381.0391    -106.7981
      24      11.2260      25.0627      12.3609       4.0879    -542.6205       5.0467     154.2983    -330.5381       0.4125       3.1017       0.0000       0.0000       0.0000       0.0000       0.0000       3.5142      10.8135      21.9610      12.3609       4.0879    -542.6205      -2.7077     387.2335    -108.8714
      25      10.1012      23.0948      12.3962       4.4560    -536.7547       4.1421     143.8282    -338.7361       0.8067       2.7366       0.0000       0.0000       0.0000       0.0000       0.0000       3.5433       9.2945      20.3582      12.3962       4.4560    -536.7547      -4.6276     379.2503    -115.6270
      26       6.9641      32.2232      11.4008       3.8889    -542.8199       0.0024     155.5536    -332.7868       0.5236       2.8006       0.0000       0.0000       0.0000       0.0000       0.0000       3.3242       6.4406      29.4226      11.4008       3.8889    -542.8199      -4.1986     383.5591    -112.3064
      27       9.8450      25.2356       9.3017       5.1260    -545.3074       5.1926     154.0497    -336.5569       0.1004       1.4975       0.0000       0.0000       0.0000       0.0000       0.0000       1.5978       9.7446      23.7382       9.3017       5.1260    -545.3074      -2.1136     385.6903    -113.8204
      28      12.0193      27.5591      10.1997       3.9294    -541.3567       1.1976     156.7376    -329.7140       0.2343       3.3595       0.0000       0.0000       0.0000       0.0000       0.0000       3.5938      11.7850      24.1997      10.1997       3.9294    -541.3567      -4.4801     386.8672    -108.8558
      29      10.1406      24.2918      12.3450       5.7031    -534.1817       1.4641     149.3062    -330.9307       2.0156       0.6189       0.0000       0.0000       0.0000       0.0000       0.0000       2.6345       8.1251      23.6729      12.3450       5.7031    -534.1817      -2.1842     376.9323    -109.5875
      30      10.8441      22.2758       9.6365       4.9436    -537.9513       1.8391     151.7738    -336.6385       0.3709       4.3112       0.0000       0.0000       0.0000       0.0000       0.0000       4.6821      10.4731      17.9646       9.6365       4.9436    -537.9513      -3.5779     387.2061    -111.3054
      31      11.8989      23.9951      11.6704       5.2508    -537.8213      -1.2524     170.0330    -316.2255       0.1776       2.1728       0.0000       0.0000       0.0000       0.0000       0.0000       2.3504      11.7213      21.8223      11.6704       5.2508    -537.8213      -4.4317     381.3714    -110.4168
      32      13.1114      27.6162       9.7138       3.4722    -551.0774       0.9001     168.0122    -328.2514       0.4020       4.6667       0.0000       0.0000       0.0000       0.0000       0.0000       5.0687      12.7094      22.9495       9.7138       3.4722    -551.0774      -3.4613     390.9548    -114.7390
      33       9.5065      22.7515      12.6566       4.4990    -541.9414       1.2469     157.8993    -333.3816       0.1844       1.3934       0.0000       0.0000       0.0000       0.0000       0.0000       1.5778       9.3220      21.3582      12.6566       4.4990    -541.9414      -3.9282     379.0187    -119.0151
      34       7.1494      26.2350      12.4234       5.6921    -538.3183      -1.0384     158.1803    -329.6765       0.0072       4.4256       0.0000       0.0000       0.0000       0.0000       0.0000       4.4328       7.1422      21.8094      12.4234       5.6921    -538.3183      -4.0598     386.0320    -109.2790
      35      10.5474      27.6825      10.5537       5.1332    -541.6506       3.9387     149.1474    -334.6477       0.1850       5.3404       0.0000       0.0000       0.0000       0.0000       0.0000       5.5254      10.3624      22.3421      10.5537       5.1332    -541.6506      -4.5119     388.2673    -109.5038
      36      10.9657      25.3784       9.8201       5.0507    -549.5457      -0.1395     169.2573    -329.2129       0.0767       1.9978       0.0000       0.0000       0.0000       0.0000       0.0000       2.0745      10.8890      23.3806       9.8201       5.0507    -549.5457      -2.3781     387.9950    -114.7883
      37      11.1534      20.3173       7.5894       4.3915    -541.2174      -1.4299     156.0256    -343.1701       0.7514       2.0073       0.0000       0.0000       0.0000       0.0000       0.0000       2.7587      10.4020      18.3100       7.5894       4.3915    -541.2174      -3.6977     382.4885    -121.7336
      38      17.1878      19.8592       8.2544       4.1741    -543.6498       5.6854     151.7459    -336.7430       1.8832       2.9341       0.0000       0.0000       0.0000       0.0000       0.0000       4.8173      15.3045      16.9251       8.2544       4.1741    -543.6498      -3.5576     385.4305    -117.1187
      39      11.6588      25.4885      11.7439       4.1458    -552.6502       1.0860     161.6951    -336.8320       0.0490       2.3853       0.0000       0.0000       0.0000       0.0000       0.0000       2.4344      11.6097      23.1032      11.7439       4.1458    -552.6502      -1.8253     390.2073    -113.6655
      40       9.5432      30.8956      12.4918       4.6663    -541.4087       0.8259     151.3932    -331.5927       0.7833       4.4718       0.0000       0.0000       0.0000       0.0000       0.0000       5.2550       8.7600      26.4238      12.4918       4.6663    -541.4087      -3.8322     383.1834    -109.7156
      41       7.2929      24.8963       6.8278       5.1178    -537.4540       0.8584     156.0929    -336.3679       0.5554       1.6880       0.0000       0.0000       0.0000       0.0000       0.0000       2.2434       6.7375      23.2083       6.8278       5.1178    -537.4540      -2.4643     383.3560    -114.6708
      42       9.8642      27.7493      11.7239       4.8380    -532.8447       9.1622     132.0005    -337.5066       0.0557       4.7174       0.0000       0.0000       0.0000       0.0000       0.0000       4.7731       9.8085      23.0319      11.7239       4.8380    -532.8447      -4.7330     379.4758    -108.6996
      43       6.9488      25.8025       9.4794       3.4036    -543.5950      -0.7751     156.3567    -342.3792       0.4126       2.1670       0.0000       0.0000       0.0000       0.0000       0.0000       2.5795       6.5362      23.6356       9.4794       3.4036    -543.5950      -4.6928     389.9845    -115.2487
      44       9.8554      29.8914      11.7831       4.7815    -537.3050      -0.5802     146.6622    -334.9115       0.0279       6.9472       0.0000       0.0000       0.0000       0.0000       0.0000       6.9751       9.8276      22.9442      11.7831       4.7815    -537.3050      -4.4390     383.5222    -108.8855
      45      11.0022      25.9866      11.4045       5.5104    -544.1234      -1.1190     162.2350    -329.1037       0.3493       2.0439       0.0000       0.0000       0.0000       0.0000       0.0000       2.3932      10.6529      23.9427      11.4045       5.5104    -544.1234      -4.5448     390.4947    -106.6629
      46      12.7069      25.4391      12.0380       4.9724    -543.2006       0.5796     152.9654    -334.4993       0.7159       2.8382       0.0000       0.0000       0.0000       0.0000       0.0000       3.5541      11.9910      22.6009      12.0380       4.9724    -543.2006      -5.0425     387.9105    -108.7303
      47      17.8974      32.2031      13.0256       3.6411    -551.8550       0.1588     155.8886    -329.0405       0.0819       2.4330       0.0000       0.0000       0.0000       0.0000       0.0000       2.5149      17.8155      29.7701      13.0256       3.6411    -551.8550      -4.2729     390.7528    -101.1228
      48      13.4740      27.2077       8.2885       5.0926    -546.5967      -0.3151     157.5018    -335.3471       0.6267       2.2268       0.0000       0.0000       0.0000       0.0000       0.0000       2.8534      12.8473      24.9810       8.2885       5.0926    -546.5967      -4.3464     390.0119    -109.7218
      49      15.6159      27.7441      11.1619       3.9260    -547.1149       9.6137     151.5277    -327.5256       0.3724       1.2878       0.0000       0.0000       0.0000       0.0000       0.0000       1.6602      15.2434      26.4563      11.1619       3.9260    -547.1149      -4.3893     390.5710    -104.1456
      50      11.1956      32.3968       8.3723       4.7182    -540.7349       2.6269     151.3294    -330.0957       0.5705       2.8720       0.0000       0.0000       0.0000       0.0000       0.0000       3.4425      10.6251      29.5248       8.3723       4.7182    -540.7349      -2.6348     382.0361    -108.0931
      51      10.6506      24.4900       8.5096       4.1639    -546.7888       0.3738     155.5048    -343.0961       0.1776       3.8128       0.0000       0.0000       0.0000       0.0000       0.0000       3.9904      10.4730      20.6771       8.5096       4.1639    -546.7888      -3.5053     382.2408    -124.2297
      52      13.1726      24.6021      16.7864       3.2016    -551.4995       1.8291     160.0867    -331.8210       0.0535       1.9654       0.0000       0.0000       0.0000       0.0000       0.0000       2.0189      13.1190      22.6367      16.7864       3.2016    -551.4995      -2.4431     391.1026    -107.0962
      53      11.1885      21.8708      10.3702       3.5779    -541.5183       2.1218     148.9771    -343.4120       0.0056       3.3446       0.0000       0.0000       0.0000       0.0000       0.0000       3.3502      11.1829      18.5261      10.3702       3.5779    -541.5183      -2.5095     386.2422    -114.1285
      54      16.0870      29.0773      13.0055       5.6797    -551.6299       4.9624     154.1099    -328.7082       2.0219       3.7736       0.0000       0.0000       0.0000       0.0000       0.0000       5.7955      14.0651      25.3037      13.0055       5.6797    -551.6299      -3.1053     391.1552    -105.5261
      55      13.6035      25.4941      12.2783       4.3099    -548.3408       7.0540     156.6530    -328.9480       1.1506       0.6057       0.0000       0.0000       0.0000       0.0000       0.0000       1.7562      12.4530      24.8884      12.2783       4.3099    -548.3408      -3.3129     387.4370    -110.2871
      56      14.9055      22.7732       9.8845       3.6388    -547.2149       7.7147     151.0601    -337.2381       0.4091       2.6203       0.0000       0.0000       0.0000       0.0000       0.0000       3.0294      14.4964      20.1529       9.8845       3.6388    -547.2149      -1.8374     385.3086    -115.5711
      57      12.3923      20.2676      15.4702       4.2405    -536.3466       4.8328     153.0257    -326.1175       0.7265       3.5757       0.0000       0.0000       0.0000       0.0000       0.0000       4.3022      11.6658      16.6919      15.4702       4.2405    -536.3466      -1.8892     384.3101    -105.8573
      58       7.1588      24.3983       7.9891       3.5302    -544.0218       4.3115     154.8591    -341.7749       0.2538       1.4853       0.0000       0.0000       0.0000       0.0000       0.0000       1.7391       6.9050      22.9129       7.9891       3.5302    -544.0218      -4.6476     387.3000    -120.0322
      59      13.9331      30.5212       8.8102       3.6911    -544.1377       0.6805     165.0146    -321.4870       1.7619       1.7399       0.0000       0.0000       0.0000       0.0000       0.0000       3.5018      12.1713      28.7813       8.8102       3.6911    -544.1377      -3.2523     387.5653    -106.3709
      60      11.7935      22.4157       9.8777       3.5973    -547.0792      -0.7587     167.3468    -332.8070       0.2169       1.9884       0.0000       0.0000       0.0000       0.0000       0.0000       2.2053      11.5766      20.4273       9.8777       3.5973    -547.0792      -2.9696     388.2217    -116.3482
      61       9.3396      30.2915      12.6920       3.0830    -536.9605       7.7158     148.5964    -325.2421       0.0264       2.3546       0.0000       0.0000       0.0000       0.0000       0.0000       2.3810       9.3132      27.9369      12.6920       3.0830    -536.9605      -3.9240     380.0908    -107.7685
      62       7.3674      27.0005      13.5166       4.4091    -544.4049       3.8187     155.7626    -332.5299       0.6707       3.9336       0.0000       0.0000       0.0000       0.0000       0.0000       4.6042       6.6967      23.0670      13.5166       4.4091    -544.4049      -3.8579     390.8658    -109.7075
      63       9.6727      26.5944      11.2622       4.1739    -546.2032      -0.0475     158.9309    -335.6166       0.1141       1.6382       0.0000       0.0000       0.0000       0.0000       0.0000       1.7523       9.5586      24.9562      11.2622       4.1739    -546.2032      -5.1726     387.2321    -114.1928
      64       6.0406      23.8378      10.8587       4.4941    -538.9675       4.2049     153.9383    -335.5931       0.1917       2.9098       0.0000       0.0000       0.0000       0.0000       0.0000       3.1016       5.8489      20.9280      10.8587       4.4941    -538.9675      -5.0087     388.5079    -113.3387
      65      14.7941      27.1996       9.6416       4.1544    -545.5557       0.6141     161.2773    -327.8747       1.2138       4.5777       0.0000       0.0000       0.0000       0.0000       0.0000       5.7915      13.5803      22.6219       9.6416       4.1544    -545.5557      -2.4592     381.8805    -116.1362
      66       9.7972      31.0479      11.2403       3.2605    -541.7533       3.0523     145.7046    -337.6505       0.3055       5.3293       0.0000       0.0000       0.0000       0.0000       0.0000       5.6348       9.4916      25.7186      11.2403       3.2605    -541.7533      -4.9699     382.9862    -114.0259
      67       6.7596      22.0648      14.2109       5.4707    -535.0823       1.0879     144.7201    -340.7683       0.5517       1.0209       0.0000       0.0000       0.0000       0.0000       0.0000       1.5726       6.2079      21.0439      14.2109       5.4707    -535.0823      -3.5759     375.9576    -115.7674
      68      11.0794      25.5797       9.1069       3.2206    -547.9171       8.1373     154.8143    -335.9789       1.7352       3.1624       0.0000       0.0000       0.0000       0.0000       0.0000       4.8976       9.3442      22.4173       9.1069       3.2206    -547.9171      -3.9714     390.1827    -117.6168
      69      15.5784      18.4960      11.1646       3.9137    -544.6723       0.6683     160.8633    -333.9879       2.5101       1.3289       0.0000       0.0000       0.0000       0.0000       0.0000       3.8390      13.0683      17.1671      11.1646       3.9137    -544.6723      -3.3451     381.9307    -120.7729
      70      14.9514      27.6755      10.7503       4.7729    -537.7892       9.6827     147.0599    -322.8965       0.3303       3.9101       0.0000       0.0000       0.0000       0.0000       0.0000       4.2404      14.6210      23.7655      10.7503       4.7729    -537.7892      -2.6603     382.8562    -103.6836
      71      12.7023      21.8923       8.6329       3.0250    -537.4637       5.2649     148.5414    -337.4050       2.6897       1.2127       0.0000       0.0000       0.0000       0.0000       0.0000       3.9025      10.0125      20.6796       8.6329       3.0250    -537.4637      -4.0252     386.2981    -112.8409
      72      13.6244      26.2750      16.2418       3.7254    -540.5240       3.2513     144.3924    -333.0137       0.4087       1.7833       0.0000       0.0000       0.0000       0.0000       0.0000       2.1920      13.2157      24.4917      16.2418       3.7254    -540.5240      -4.6310     379.0866    -108.3938
      73      12.7964      27.7748       9.5902       3.3164    -550.7962       3.6892     157.7173    -335.9119       0.1748       3.5027       0.0000       0.0000       0.0000       0.0000       0.0000       3.6775      12.6217      24.2721       9.5902       3.3164    -550.7962      -4.3537     387.5306    -117.8190
      74      15.7378      22.6214      10.6558       5.3192    -553.3031      -0.8202     161.2092    -338.5797       0.7080       2.8598       0.0000       0.0000       0.0000       0.0000       0.0000       3.5678      15.0298      19.7616      10.6558       5.3192    -553.3031      -4.1356     388.2785    -118.3936
      75      15.3152      21.5474      10.8623       2.7685    -541.4704       1.6044     164.0784    -325.2940       0.5773       0.8452       0.0000       0.0000       0.0000       0.0000       0.0000       1.4225      14.7379      20.7022      10.8623       2.7685    -541.4704      -2.8914     385.4309    -109.8598
      76      12.8799      24.4399      11.1844       3.2313    -543.3527       1.2217     158.5096    -331.8859       1.6765       2.8991       0.0000       0.0000       0.0000       0.0000       0.0000       4.5756      11.2034      21.5408      11.1844       3.2313    -543.3527      -4.8790     391.9359    -109.1360
      77      14.2988      20.7669       8.6238       4.7337    -553.0210       1.9817     162.7062    -339.9099       0.0069       1.8501       0.0000       0.0000       0.0000       0.0000       0.0000       1.8571      14.2918      18.9168       8.6238       4.7337    -553.0210      -3.7522     390.1543    -120.0528
      78      15.5729      30.6266      11.1617       3.7961    -552.3641       1.0903     160.6811    -329.4354       2.7718       2.4394       0.0000       0.0000       0.0000       0.0000       0.0000       5.2112      12.8012      28.1872      11.1617       3.7961    -552.3641      -3.3440     393.8182    -105.9437
      79      13.7431      31.2167       8.5549       3.8890    -541.1565       4.6736     152.8946    -326.1847       0.5768       2.8013       0.0000       0.0000       0.0000       0.0000       0.0000       3.3780      13.1664      28.4154       8.5549       3.8890    -541.1565      -4.3850     384.2128    -107.3032
      80      12.9761      33.8033      10.6096       4.5167    -545.4512       3.1558     150.3138    -330.0759       0.7963       7.6525       0.0000       0.0000       0.0000       0.0000       0.0000       8.4487      12.1799      26.1509      10.6096       4.5167    -545.4512      -3.5248     388.6244    -106.8946
      81      14.5394      27.7554      13.4614       4.7350    -550.0715       3.6641     156.1089    -329.8073       0.3605       0.7638       0.0000       0.0000       0.0000       0.0000       0.0000       1.1244      14.1788      26.9916      13.4614       4.7350    -550.0715      -4.3041     391.6383    -103.3706
      82       8.3409      23.0342       7.4484       4.7281    -537.3460       3.6513     148.3823    -341.7609       2.0661       1.2042       0.0000       0.0000       0.0000       0.0000       0.0000       3.2703       6.2748      21.8300       7.4484       4.7281    -537.3460      -3.4949     378.1799    -122.3797
      83      12.0203      30.6949      11.6367       3.9314    -542.1001       2.4533     153.8172    -327.5464       2.4181       0.8012       0.0000       0.0000       0.0000       0.0000       0.0000       3.2193       9.6022      29.8937      11.6367       3.9314    -542.1001      -4.4755     384.8452    -106.6666
      84       7.2361      24.1015       9.2406       4.1558    -543.9206       1.1534     163.3260    -334.7071       0.5339       0.8282       0.0000       0.0000       0.0000       0.0000       0.0000       1.3621       6.7022      23.2733       9.2406       4.1558    -543.9206      -2.3523     386.5480    -116.3529
      85      13.7993      26.1507      10.9578       1.8995    -553.3753       4.6226     167.4241    -328.5213       0.0566       0.1565       0.0000       0.0000       0.0000       0.0000       0.0000       0.2131      13.7426      25.9942      10.9578       1.8995    -553.3753      -3.5385     393.0860    -111.2337
      86      15.6749      29.0717       8.8120       2.5593    -549.5379      -2.1239     164.7579    -330.7860       0.7410       0.6699       0.0000       0.0000       0.0000       0.0000       0.0000       1.4109      14.9339      28.4017       8.8120       2.5593    -549.5379      -3.9928     390.5687    -108.2550
      87      13.7692      18.1234      10.4393       3.4118    -534.8367       3.7507     146.2873    -339.0551       0.0441       1.8868       0.0000       0.0000       0.0000       0.0000       0.0000       1.9308      13.7251      16.2367      10.4393       3.4118    -534.8367      -3.3523     379.6422    -114.7340
      88      16.0141      22.6938      13.5546       5.5103    -542.9500      -0.4782     159.5937    -326.0616       0.4710       1.8703       0.0000       0.0000       0.0000       0.0000       0.0000       2.3413      15.5431      20.8236      13.5546       5.5103    -542.9500      -4.0459     388.2323    -103.3320
      89      10.0318      25.2717      12.7226       4.2291    -547.5183       9.5854     162.0383    -323.6392       1.5891       1.6721       0.0000       0.0000       0.0000       0.0000       0.0000       3.2612       8.4428      23.5996      12.7226       4.2291    -547.5183      -2.6329     395.4124    -105.7447
      90      15.9974      26.3591      10.8141       4.1221    -544.2695       2.0777     154.2754    -330.6238       0.9985       2.1753       0.0000       0.0000       0.0000       0.0000       0.0000       3.1738      14.9990      24.1838      10.8141       4.1221    -544.2695      -3.4182     388.6065    -104.9623
      91      16.0090      23.2766       9.5552       4.6475    -550.0808      -1.5134     164.7869    -333.3189       0.9698       1.7336       0.0000       0.0000       0.0000       0.0000       0.0000       2.7034      15.0392      21.5430       9.5552       4.6475    -550.0808      -3.6198     388.1944    -114.7213
      92       6.0955      24.6400       8.8490       3.3768    -532.5250       1.5574     147.7428    -340.2635       0.1188       2.3845       0.0000       0.0000       0.0000       0.0000       0.0000       2.5033       5.9767      22.2554       8.8490       3.3768    -532.5250      -3.7926     378.1124    -117.7471
      93      12.3132      31.0956      14.0726       3.4187    -547.6735      -0.8826     156.3967    -331.2592       0.0608       3.7525       0.0000       0.0000       0.0000       0.0000       0.0000       3.8133      12.2525      27.3431      14.0726       3.4187    -547.6735      -4.3628     389.0301    -105.9193
      94      12.1700      25.1125       9.4488       3.3456    -547.9252       2.4087     157.6394    -337.8001       1.9088       0.8768       0.0000       0.0000       0.0000       0.0000       0.0000       2.7857      10.2611      24.2357       9.4488       3.3456    -547.9252      -4.2912     388.5727    -116.3525
      95       9.6554      23.7670       8.6843       3.1175    -540.2897      -2.0213     166.7220    -330.3649       0.3266       0.5260       0.0000       0.0000       0.0000       0.0000       0.0000       0.8526       9.3288      23.2410       8.6843       3.1175    -540.2897      -4.3762     386.6771    -113.6172
      96      11.7799      26.9624      10.9632       4.6083    -541.0130       0.4339     159.0420    -327.2232       1.4618       2.0537       0.0000       0.0000       0.0000       0.0000       0.0000       3.5155      10.3181      24.9087      10.9632       4.6083    -541.0130      -2.8711     378.8363    -114.2495
      97      10.0191      28.4219       9.2988       4.3303    -543.5078       2.2254     154.7401    -334.4722       0.4808       4.2274       0.0000       0.0000       0.0000       0.0000       0.0000       4.7082       9.5382      24.1945       9.2988       4.3303    -543.5078      -4.1158     392.3444    -107.9173
      98      13.6675      26.5071       9.6397       4.0530    -543.0469       2.8723     159.5622    -326.7452       0.1033       5.4287       0.0000       0.0000       0.0000       0.0000       0.0000       5.5320      13.5642      21.0785       9.6397       4.0530    -543.0469      -3.6200     393.6899    -104.6417
      99       8.7177      28.7588       9.4301       4.6570    -544.1192       2.0499     156.5706    -333.9351       0.1132       2.1014       0.0000       0.0000       0.0000       0.0000       0.0000       2.2146       8.6045      26.6573       9.4301       4.6570    -544.1192      -3.3676     384.7752    -113.3626
     100      12.9086      26.8896       9.4397       5.3077    -548.9076       3.1310     159.4049    -331.8261       0.5096       2.0893       0.0000       0.0000       0.0000       0.0000       0.0000       2.5989      12.3989      24.8003       9.4397       5.3077    -548.9076      -2.8743     389.6766    -110.1586
     101      14.7743      24.4204      14.3564       3.6846    -545.4095       3.2218     154.1619    -330.7901       1.3765       1.5090       0.0000       0.0000       0.0000       0.0000       0.0000       2.8855      13.3978      22.9114      14.3564       3.6846    -545.4095      -4.1397     380.9848    -114.2142
     102      10.0814      26.1616      10.0422       5.2485    -541.0131       3.4644     151.9625    -334.0525       0.0864       4.2607       0.0000       0.0000       0.0000       0.0000       0.0000       4.3471       9.9950      21.9009      10.0422       5.2485    -541.0131      -3.2906     385.9580    -111.1592
     103      16.8492      20.9188      11.2596       4.7249    -547.4018       0.7332     153.4998    -339.4164       0.8259       2.2709       0.0000       0.0000       0.0000       0.0000       0.0000       3.0968      16.0233      18.6479      11.2596       4.7249    -547.4018      -3.6626     386.7494    -113.6593
     104       9.2031      21.5720      11.1349       4.5163    -538.9733       7.7370     146.6263    -338.1837       0.5428       1.4395       0.0000       0.0000       0.0000       0.0000       0.0000       1.9823       8.6603      20.1325      11.1349       4.5163    -538.9733      -3.1856     381.6014    -116.1135
     105       9.6666      33.1678      14.0884       3.4087    -534.2150       1.7009     145.3109    -326.8716       0.1352       3.6008       0.0000       0.0000       0.0000       0.0000       0.0000       3.7360       9.5314      29.5671      14.0884       3.4087    -534.2150      -4.6241     385.3582     -96.8853
     106       9.1802      23.7661       9.7257       4.6063    -538.1271       0.6525     151.5700    -338.6264       1.3487       2.8216       0.0000       0.0000       0.0000       0.0000       0.0000       4.1702       7.8315      20.9445       9.7257       4.6063    -538.1271      -4.8091     387.3682    -112.4600
     107       8.7641      23.3086      10.5858       5.4576    -542.6835       7.4165     148.0950    -339.0558       0.4070       3.6700       0.0000       0.0000       0.0000       0.0000       0.0000       4.0770       8.3571      19.6386      10.5858       5.4576    -542.6835      -3.5049     396.2832    -105.8662
     108      18.6679      31.2540      12.1212       5.8266    -549.9642       2.5275     160.7193    -318.8477       0.2419       4.7226       0.0000       0.0000       0.0000       0.0000       0.0000       4.9644      18.4260      26.5314      12.1212       5.8266    -549.9642      -3.7918     398.7142     -92.1365
     109      12.9983      26.3339      10.3588       5.4253    -531.9758      -2.8703     153.1213    -326.6085       1.2405       3.5471       0.0000       0.0000       0.0000       0.0000       0.0000       4.7876      11.7579      22.7868      10.3588       5.4253    -531.9758      -4.2486     379.7784    -106.1173
     110       9.7119      23.8108      13.5894       4.8682    -547.6619       0.4811     159.0999    -336.1006       0.1269       4.2933       0.0000       0.0000       0.0000       0.0000       0.0000       4.4202       9.5850      19.5175      13.5894       4.8682    -547.6619      -3.1498     389.9265    -113.3251
     111       9.1224      28.8126       9.7365       3.7921    -534.5809       3.6232     142.9238    -336.5704       0.3665       6.4436       0.0000       0.0000       0.0000       0.0000       0.0000       6.8101       8.7559      22.3690       9.7365       3.7921    -534.5809      -2.9817     383.9565    -108.9527
     112       7.1873      24.4423       8.9051       3.5054    -527.6238      -0.4584     152.2535    -331.7887       0.7625       3.1235       0.0000       0.0000       0.0000       0.0000       0.0000       3.8860       6.4248      21.3187       8.9051       3.5054    -527.6238      -2.5627     377.7814    -112.2511
     113       8.2053      27.5048       9.4456       4.6196    -535.5816       2.4090     151.6881    -331.7090       0.0301       1.7960       0.0000       0.0000       0.0000       0.0000       0.0000       1.8261       8.1752      25.7089       9.4456       4.6196    -535.5816      -4.1702     386.2178    -105.5847
     114      10.1880      30.9373      11.2536       3.8376    -543.6723      -1.8379     163.5045    -325.7891       0.7882       1.3401       0.0000       0.0000       0.0000       0.0000       0.0000       2.1284       9.3998      29.5972      11.2536       3.8376    -543.6723      -3.8128     392.0735    -101.3235
     115      12.3366      23.7327      11.1309       4.4005    -539.2266       0.1282     149.9324    -337.5653       1.0397       4.1147       0.0000       0.0000       0.0000       0.0000       0.0000       5.1543      11.2970      19.6180      11.1309       4.4005    -539.2266      -3.5857     381.7830    -114.5830
     116      10.6814      25.6722       8.6823       3.9705    -538.4186      -0.2851     155.0324    -334.6649       0.6300       3.5363       0.0000       0.0000       0.0000       0.0000       0.0000       4.1664      10.0513      22.1359       8.6823       3.9705    -538.4186      -4.0974     383.4583    -114.2176
     117      14.0391      28.5043      10.6994       5.1871    -546.8610       1.4767     157.8987    -329.0557       0.2852       4.3529       0.0000       0.0000       0.0000       0.0000       0.0000       4.6381      13.7539      24.1514      10.6994       5.1871    -546.8610      -4.2378     391.5633    -105.7438
     118      15.0461      20.3875       9.3016       4.4555    -541.6465       4.1170     147.8461    -340.4927       0.8040       3.8692       0.0000       0.0000       0.0000       0.0000       0.0000       4.6731      14.2421      16.5183       9.3016       4.4555    -541.6465      -2.9055     388.7552    -111.2793
     119       9.6007      28.8598      13.5650       3.9337    -546.2854       7.2248     148.3653    -334.7361       0.8929       2.9172       0.0000       0.0000       0.0000       0.0000       0.0000       3.8101       8.7078      25.9426      13.5650       3.9337    -546.2854      -3.6107     391.0596    -106.6873
     120       9.0290      16.6075      10.0970       4.8179    -540.7424       2.4129     152.3456    -345.4325       0.7464       1.3950       0.0000       0.0000       0.0000       0.0000       0.0000       2.1415       8.2826      15.2124      10.0970       4.8179    -540.7424      -2.5575     383.3763    -121.5137
     121      14.0258      28.1904      11.4281       4.3252    -551.3065       0.6241     160.1317    -332.5812       0.5654       1.9697       0.0000       0.0000       0.0000       0.0000       0.0000       2.5351      13.4604      26.2207      11.4281       4.3252    -551.3065      -2.9441     390.7346    -108.0816
     122      10.3721      30.4779      11.5503       4.2343    -538.4579       4.5858     147.9046    -329.3329       0.2805       4.9891       0.0000       0.0000       0.0000       0.0000       0.0000       5.2695      10.0916      25.4888      11.5503       4.2343    -538.4579      -3.8257     389.6819    -101.2366
     123      12.2945      25.8207      14.6376       3.8484    -545.9658      -0.9440     165.0536    -325.2550       0.3022       3.4588       0.0000       0.0000       0.0000       0.0000       0.0000       3.7610      11.9922      22.3619      14.6376       3.8484    -545.9658      -3.5606     390.7567    -105.9294
     124      10.6224      21.2830       9.7396       4.1022    -542.9336       0.1523     153.0064    -344.0277       0.8574       3.7187       0.0000       0.0000       0.0000       0.0000       0.0000       4.5761       9.7650      17.5642       9.7396       4.1022    -542.9336      -2.6207     386.7806    -117.6027
     125       8.5828      32.6603      12.0543       5.2845    -546.2636       1.0899     154.2614    -332.3304       0.5244       2.9345       0.0000       0.0000       0.0000       0.0000       0.0000       3.4589       8.0584      29.7258      12.0543       5.2845    -546.2636      -3.5415     388.7279    -105.9542
     126       8.5399      31.8456      11.0723       4.2651    -545.4770       5.0478     160.2456    -324.4607       0.1465       0.8789       0.0000       0.0000       0.0000       0.0000       0.0000       1.0254       8.3933      30.9666      11.0723       4.2651    -545.4770      -2.7083     386.0034    -107.4845
