#Frame     e_ab[bond]  e_ab[angle]    e_ab[dih]  e_ab[vdw14] e_ab[elec14]    e_ab[vdw]   e_ab[elec]  e_ab[total]    e_a[bond]   e_a[angle]     e_a[dih]   e_a[vdw14]  e_a[elec14]     e_a[vdw]    e_a[elec]   e_a[total]    e_b[bond]   e_b[angle]     e_b[dih]   e_b[vdw14]  e_b[elec14]     e_b[vdw]    e_b[elec]   e_b[total]
       1      18.3098      25.2149      12.1517       3.3958    -549.1285      -0.7036     161.8129    -328.9469       0.9611       0.4591       0.0000       0.0000       0.0000       0.0000       0.0000       1.4202      17.3487      24.7557      12.1517       3.3958    -549.1285      -4.0336     378.6475    -116.8626
       2      22.8155      30.6000       8.6903       4.6852    -554.9058       1.1935     164.3351    -322.5862       0.6419       2.9525       0.0000       0.0000       0.0000       0.0000       0.0000       3.5944      22.1736      27.6475       8.6903       4.6852    -554.9058      -3.3271     388.1672    -106.8690
       3       9.9736      30.6884       9.6055       5.0518    -544.7256      -1.4443     163.9079    -326.9426       0.1832       0.4819       0.0000       0.0000       0.0000       0.0000       0.0000       0.6651       9.7905      30.2065       9.6055       5.0518    -544.7256      -1.9679     378.8981    -113.1412
       4       6.9920      23.7462      11.2563       3.6271    -541.7648      -2.8472     161.7193    -337.2710       0.2885       3.2906       0.0000       0.0000       0.0000       0.0000       0.0000       3.5792       6.7035      20.4556      11.2563       3.6271    -541.7648      -3.5293     380.4890    -122.7626
       5       8.0612      26.9090      12.7609       3.2747    -542.0671      -2.5899     166.4342    -327.2170       0.1477       2.0344       0.0000       0.0000       0.0000       0.0000       0.0000       2.1821       7.9135      24.8746      12.7609       3.2747    -542.0671      -3.8572     381.9841    -115.1166
       6       7.6470      28.2863       9.0331       4.1458    -543.4018       0.0454     152.2200    -342.0241       0.9548       6.8854       0.0000       0.0000       0.0000       0.0000       0.0000       7.8402       6.6922      21.4009       9.0331       4.1458    -543.4018      -4.0414     382.6479    -123.5232
       7      13.8446      33.3116       8.1678       2.9604    -555.6132       0.9404     161.5743    -334.8141       1.4194       3.3881       0.0000       0.0000       0.0000       0.0000       0.0000       4.8075      12.4252      29.9235       8.1678       2.9604    -555.6132      -3.6174     387.1692    -118.5845
       8       8.8959      23.3061      11.4522       4.9238    -534.5554       0.2307     150.3613    -335.3853       0.3142       1.0514       0.0000       0.0000       0.0000       0.0000       0.0000       1.3656       8.5818      22.2547      11.4522       4.9238    -534.5554      -2.1706     370.5326    -118.9809
       9       9.9406      22.0899       9.7895       3.6792    -540.4269       3.7253     151.9203    -339.2821       0.3596       1.0370       0.0000       0.0000       0.0000       0.0000       0.0000       1.3966       9.5810      21.0529       9.7895       3.6792    -540.4269      -3.8316     379.3948    -120.7613
      10       7.9819      28.1169       8.8988       5.8119    -544.9438       3.1723     161.7198    -329.2422       0.2943       0.9820       0.0000       0.0000       0.0000       0.0000       0.0000       1.2763       7.6876      27.1348       8.8988       5.8119    -544.9438      -2.1242     384.9685    -112.5663
      11      15.4020      28.3797      10.8851       4.8121    -546.0113       0.6551     151.5818    -334.2956       0.3636       2.8372       0.0000       0.0000       0.0000       0.0000       0.0000       3.2008      15.0384      25.5425      10.8851       4.8121    -546.0113      -4.5406     380.5487    -113.7251
      12      15.7655      31.4393      11.7109       3.5855    -553.2025       2.5003     159.4858    -328.7152       0.3247       2.5416       0.0000       0.0000       0.0000       0.0000       0.0000       2.8663      15.4408      28.8977      11.7109       3.5855    -553.2025      -2.7524     383.5985    -112.7215
      13      10.5215      23.9252       9.4335       4.4037    -548.8208       5.7553     162.3978    -332.3838       0.7860       1.2720       0.0000       0.0000       0.0000       0.0000       0.0000       2.0580       9.7355      22.6532       9.4335       4.4037    -548.8208      -0.1498     389.2869    -113.4579
      14       6.1974      24.6767      11.5065       3.7633    -542.9347       3.6676     167.7420    -325.3813       0.1090       1.1091       0.0000       0.0000       0.0000       0.0000       0.0000       1.2181       6.0884      23.5676      11.5065       3.7633    -542.9347      -2.3559     389.8516    -110.5133
      15       8.5343      28.3536      10.4296       4.5757    -539.2092       1.1712     160.5330    -325.6118       0.1978       2.4214       0.0000       0.0000       0.0000       0.0000       0.0000       2.6192       8.3365      25.9322      10.4296       4.5757    -539.2092      -3.6660     379.3614    -114.2398
      16      12.2174      23.8780       9.7512       5.8508    -535.2872       6.9603     148.3760    -328.2535       0.9037       4.1735       0.0000       0.0000       0.0000       0.0000       0.0000       5.0771      11.3138      19.7045       9.7512       5.8508    -535.2872      -2.1654     378.0276    -112.8048
      17      11.3237      23.8532      13.4035       3.2799    -544.6043       8.9465     147.1448    -336.6527       0.0038       2.0743       0.0000       0.0000       0.0000       0.0000       0.0000       2.0780      11.3199      21.7790      13.4035       3.2799    -544.6043      -3.3687     379.7556    -118.4351
      18       9.2112      24.8319       8.7161       4.2719    -541.2835       1.1111     159.7900    -333.3513       1.0362       1.0341       0.0000       0.0000       0.0000       0.0000       0.0000       2.0703       8.1750      23.7979       8.7161       4.2719    -541.2835      -1.1952     379.2888    -118.2290
      19      11.1555      31.7707      12.5761       3.9793    -552.2685       7.8948     153.6687    -331.2233       0.0559       1.0498       0.0000       0.0000       0.0000       0.0000       0.0000       1.1057      11.0996      30.7209      12.5761       3.9793    -552.2685      -2.2756     382.9361    -113.2320
      20      12.4139      22.3923      12.7603       4.2330    -542.6021       4.6846     155.6739    -330.4440       0.3049       0.5239       0.0000       0.0000       0.0000       0.0000       0.0000       0.8288      12.1090      21.8684      12.7603       4.2330    -542.6021      -4.0894     382.6749    -113.0460
      21      17.1323      29.8531       9.7256       5.2911    -542.8749       4.9210     156.8619    -319.0900       2.9027       5.4296       0.0000       0.0000       0.0000       0.0000       0.0000       8.3323      14.2296      24.4235       9.7256       5.2911    -542.8749      -2.2953     385.8417    -105.6587
      22       9.1028      24.3780      10.5295       3.9669    -543.9551       3.9825     166.1021    -325.8932       0.7681       3.6806       0.0000       0.0000       0.0000       0.0000       0.0000       4.4486       8.3347      20.6975      10.5295       3.9669    -543.9551      -3.4852     385.5962    -118.3154
      23      10.7114      24.8636      12.1347       5.5073    -546.7117       2.3108     163.0429    -328.1410       0.1974       2.3006       0.0000       0.0000       0.0000       0.0000       0.0000       2.4980      10.5139      22.5630      12.1347       5.5073    -546.7117      -4.0477     390.5587    -109.4818
      24      17.8207      28.4603      10.5725       5.6638    -552.5509       0.2475     169.2872    -320.4989       2.5617       1.7416       0.0000       0.0000       0.0000       0.0000       0.0000       4.3033      15.2589      26.7188      10.5725       5.6638    -552.5509      -4.1881     391.6372    -106.8878
      25      14.1872      26.5156       8.3764       4.2522    -542.3917       1.5129     159.6056    -327.9418       2.2284       4.7246       0.0000       0.0000       0.0000       0.0000       0.0000       6.9530      11.9588      21.7909       8.3764       4.2522    -542.3917      -1.0995     383.1903    -113.9226
      26       7.2757      21.9680      12.2419       3.9888    -538.8113      -1.3398     156.5241    -338.1526       0.0197       1.5579       0.0000       0.0000       0.0000       0.0000       0.0000       1.5776       7.2560      20.4100      12.2419       3.9888    -538.8113      -3.7823     376.3797    -122.3172
      27      11.1157      25.9858      12.5838       4.1992    -541.7637       3.6709     155.0113    -329.1969       0.3831       2.5621       0.0000       0.0000       0.0000       0.0000       0.0000       2.9453      10.7325      23.4236      12.5838       4.1992    -541.7637      -4.2593     384.9228    -110.1609
      28      12.4071      26.8696       9.0785       4.2192    -548.3968      -0.5053     161.1971    -335.1306       0.1895       3.1099       0.0000       0.0000       0.0000       0.0000       0.0000       3.2994      12.2176      23.7597       9.0785       4.2192    -548.3968      -3.9381     386.6713    -116.3885
      29      11.7479      22.0334       7.4381       4.8591    -544.7888       2.0615     160.9712    -335.6775       0.6443       1.1403       0.0000       0.0000       0.0000       0.0000       0.0000       1.7846      11.1036      20.8932       7.4381       4.8591    -544.7888      -2.8093     386.0533    -117.2507
      30      12.3523      27.6267      12.3976       3.1399    -540.6156      -2.0914     158.7205    -328.4700       0.3843       2.1209       0.0000       0.0000       0.0000       0.0000       0.0000       2.5052      11.9680      25.5058      12.3976       3.1399    -540.6156      -3.9623     373.5184    -118.0482
      31      17.1198      25.3165      14.5814       5.1546    -554.1211       8.0334     148.1710    -335.7445       0.2954       2.2509       0.0000       0.0000       0.0000       0.0000       0.0000       2.5464      16.8244      23.0655      14.5814       5.1546    -554.1211      -3.7492     390.3998    -107.8446
      32      10.7721      29.2637       9.4358       4.2877    -546.8152       4.5440     163.6853    -324.8266       0.7876       3.4561       0.0000       0.0000       0.0000       0.0000       0.0000       4.2437       9.9845      25.8076       9.4358       4.2877    -546.8152      -4.6076     389.1803    -112.7269
      33      12.4378      29.5847       8.8162       4.3422    -551.3143       1.0052     170.6518    -324.4765       0.1734       0.3278       0.0000       0.0000       0.0000       0.0000       0.0000       0.5012      12.2644      29.2568       8.8162       4.3422    -551.3143      -3.5228     392.1940    -107.9636
      34      12.1631      21.9548       9.5814       4.1619    -539.3373       0.7549     153.5526    -337.1687       0.8645       0.3071       0.0000       0.0000       0.0000       0.0000       0.0000       1.1716      11.2986      21.6477       9.5814       4.1619    -539.3373      -3.2298     374.4928    -121.3847
      35      15.5178      25.2554      13.5669       3.9961    -547.2228       0.9404     165.3716    -322.5746       0.4056       1.8515       0.0000       0.0000       0.0000       0.0000       0.0000       2.2571      15.1122      23.4039      13.5669       3.9961    -547.2228      -3.5484     385.3978    -109.2943
      36      14.8720      25.3992       9.1794       3.9246    -549.8477       3.2986     163.9698    -329.2041       0.2262       3.4081       0.0000       0.0000       0.0000       0.0000       0.0000       3.6343      14.6458      21.9910       9.1794       3.9246    -549.8477      -4.1182     396.5908    -107.6343
      37      11.8684      26.1151      10.2805       4.5585    -542.7636       5.5042     152.7508    -331.6861       0.7498       2.9370       0.0000       0.0000       0.0000       0.0000       0.0000       3.6867      11.1186      23.1782      10.2805       4.5585    -542.7636      -3.6867     385.1203    -112.1942
      38      15.3841      24.9268       8.9322       4.9151    -557.8137       2.8527     163.7990    -337.0037       0.0129       0.8517       0.0000       0.0000       0.0000       0.0000       0.0000       0.8646      15.3712      24.0752       8.9322       4.9151    -557.8137      -3.4746     390.5559    -117.4387
      39      15.5042      27.6807      12.1647       4.1396    -546.0512       7.3589     151.6963    -327.5068       0.6176       2.7205       0.0000       0.0000       0.0000       0.0000       0.0000       3.3381      14.8867      24.9602      12.1647       4.1396    -546.0512      -4.4243     383.7120    -110.6124
      40      14.4338      35.4780       9.7081       3.1901    -545.3458       1.7419     159.3048    -321.4891       0.6161       3.4348       0.0000       0.0000       0.0000       0.0000       0.0000       4.0509      13.8177      32.0431       9.7081       3.1901    -545.3458      -3.2773     383.8232    -106.0409
      41       9.5154      18.2118       9.3532       4.9419    -539.8835       3.8151     164.7222    -329.3240       0.8287       1.7407       0.0000       0.0000       0.0000       0.0000       0.0000       2.5694       8.6867      16.4711       9.3532       4.9419    -539.8835      -1.5064     382.8527    -119.0844
      42       9.3912      28.1340      10.2471       4.8761    -541.0442       0.4942     155.6090    -332.2926       0.3476       2.7707       0.0000       0.0000       0.0000       0.0000       0.0000       3.1183       9.0436      25.3633      10.2471       4.8761    -541.0442      -3.9694     384.1057    -111.3777
      43      15.6821      25.7869      12.9046       4.2816    -552.7107       4.1043     157.7792    -332.1720       0.3932       2.0499       0.0000       0.0000       0.0000       0.0000       0.0000       2.4431      15.2889      23.7370      12.9046       4.2816    -552.7107      -1.6710     388.5846    -109.5850
      44      11.6005      24.6647      10.8924       4.9776    -545.3741       6.4074     154.5905    -332.2410       0.7209       2.1356       0.0000       0.0000       0.0000       0.0000       0.0000       2.8565      10.8796      22.5291      10.8924       4.9776    -545.3741      -1.9383     385.5679    -112.4658
      45       9.2784      21.3842      11.4676       3.5382    -547.7253       2.4249     161.7544    -337.8775       0.3643       1.3325       0.0000       0.0000       0.0000       0.0000       0.0000       1.6968       8.9141      20.0517      11.4676       3.5382    -547.7253      -1.8823     383.2218    -122.4141
      46      10.3949      29.1483      10.8433       4.5611    -543.1552      -2.1248     169.8121    -320.5202       0.0080       1.5224       0.0000       0.0000       0.0000       0.0000       0.0000       1.5305      10.3869      27.6259      10.8433       4.5611    -543.1552      -4.0711     385.0746    -108.7345
      47      10.5246      20.6620       8.2984       4.0994    -539.6957       2.5490     156.3783    -337.1841       0.6512       1.9305       0.0000       0.0000       0.0000       0.0000       0.0000       2.5817       9.8734      18.7315       8.2984       4.0994    -539.6957      -2.1033     380.6534    -120.1430
      48      13.9498      39.4155       9.7326       4.1109    -553.2648       3.3943     159.1643    -323.4975       0.2863       3.1720       0.0000       0.0000       0.0000       0.0000       0.0000       3.4583      13.6635      36.2435       9.7326       4.1109    -553.2648      -3.4415     385.1880    -107.7677
      49      13.8244      24.3642      10.9744       3.9459    -544.7138      -0.0130     167.0265    -324.5912       0.4938       1.5294       0.0000       0.0000       0.0000       0.0000       0.0000       2.0233      13.3306      22.8348      10.9744       3.9459    -544.7138      -0.7848     380.1111    -114.3017
      50      15.1553      29.0888      11.2156       4.9555    -557.0780       6.3453     159.1986    -331.1189       1.0683       3.6810       0.0000       0.0000       0.0000       0.0000       0.0000       4.7494      14.0870      25.4078      11.2156       4.9555    -557.0780      -4.4176     393.0517    -112.7781
      51      14.4711      21.1847      12.5791       4.1125    -543.7975       0.5137     158.8951    -332.0413       0.2687       0.1972       0.0000       0.0000       0.0000       0.0000       0.0000       0.4658      14.2024      20.9875      12.5791       4.1125    -543.7975      -3.5378     380.2287    -115.2250
      52      11.4200      24.9193      12.7345       3.0479    -542.5988       3.7830     154.2415    -332.4526       2.7001       3.6829       0.0000       0.0000       0.0000       0.0000       0.0000       6.3830       8.7199      21.2364      12.7345       3.0479    -542.5988      -4.0909     381.9858    -118.9652
      53      15.8908      26.5648      10.6955       2.9993    -547.9129       2.3826     161.3554    -328.0245       0.1352       3.6547       0.0000       0.0000       0.0000       0.0000       0.0000       3.7899      15.7556      22.9101      10.6955       2.9993    -547.9129      -2.8559     390.3685    -108.0398
      54      16.2549      23.8534      11.0588       3.7345    -537.8403       2.0678     156.0369    -324.8341       1.1865       1.6690       0.0000       0.0000       0.0000       0.0000       0.0000       2.8555      15.0684      22.1844      11.0588       3.7345    -537.8403      -0.8907     375.8788    -110.8061
      55      13.7196      27.9257      12.8190       4.5794    -545.1354       8.1020     154.4188    -323.5708       1.7542       0.1714       0.0000       0.0000       0.0000       0.0000       0.0000       1.9256      11.9654      27.7543      12.8190       4.5794    -545.1354      -2.2800     382.5379    -107.7593
      56       6.7002      29.3862      10.8884       4.9768    -541.1239       6.4997     151.5988    -331.0738       0.5557       4.0020       0.0000       0.0000       0.0000       0.0000       0.0000       4.5577       6.1445      25.3842      10.8884       4.9768    -541.1239      -3.6888     385.1598    -112.2591
      57      13.3582      29.2014      10.6060       4.0024    -539.5161       6.7126     144.4311    -331.2044       0.2132       5.6034       0.0000       0.0000       0.0000       0.0000       0.0000       5.8166      13.1451      23.5980      10.6060       4.0024    -539.5161      -3.1859     374.3381    -117.0124
      58      11.7205      23.5196       8.8844       4.0322    -552.2609       4.2003     163.2112    -336.6928       0.7215       1.5712       0.0000       0.0000       0.0000       0.0000       0.0000       2.2927      10.9990      21.9484       8.8844       4.0322    -552.2609      -4.5535     395.5464    -115.4040
      59      13.7579      25.5200      11.4160       5.2547    -542.8178      -1.1001     157.4343    -330.5349       0.2578       1.9072       0.0000       0.0000       0.0000       0.0000       0.0000       2.1650      13.5001      23.6128      11.4160       5.2547    -542.8178      -3.1421     379.0762    -113.0999
      60      16.7211      25.8356      11.0720       4.1087    -544.2189       3.9210     151.0046    -331.5558       0.9170       2.3808       0.0000       0.0000       0.0000       0.0000       0.0000       3.2978      15.8041      23.4548      11.0720       4.1087    -544.2189      -3.6070     383.6332    -109.7530
      61       9.0822      26.8313      11.0113       5.9646    -540.3312       6.0363     158.9686    -322.4370       0.8584       1.4601       0.0000       0.0000       0.0000       0.0000       0.0000       2.3186       8.2237      25.3711      11.0113       5.9646    -540.3312      -2.1501     385.2101    -106.7005
      62       6.9285      29.8416       8.8842       3.9636    -540.2231      -3.2131     166.0705    -327.7477       1.5617       3.1705       0.0000       0.0000       0.0000       0.0000       0.0000       4.7323       5.3668      26.6711       8.8842       3.9636    -540.2231      -4.2564     385.1680    -114.4258
      63      14.6847      24.7171      12.8757       4.7717    -544.5124       2.9762     170.9403    -313.5468       0.1651       0.3531       0.0000       0.0000       0.0000       0.0000       0.0000       0.5181      14.5196      24.3640      12.8757       4.7717    -544.5124      -3.7157     388.4163    -103.2809
      64      14.2527      25.7897       9.5587       3.3802    -546.6115       5.0189     158.1136    -330.4978       0.5321       1.0800       0.0000       0.0000       0.0000       0.0000       0.0000       1.6121      13.7205      24.7097       9.5587       3.3802    -546.6115      -4.0082     382.9724    -116.2782
      65      13.0961      26.1218       8.4124       4.1335    -545.7012       2.9196     156.9605    -334.0573       0.4508       1.1043       0.0000       0.0000       0.0000       0.0000       0.0000       1.5552      12.6452      25.0175       8.4124       4.1335    -545.7012      -3.4879     384.1124    -114.8681
      66       8.6146      28.6975       9.9423       4.3211    -540.8614       4.1104     154.1704    -331.0052       0.3005       4.6111       0.0000       0.0000       0.0000       0.0000       0.0000       4.9116       8.3141      24.0864       9.9423       4.3211    -540.8614      -3.4752     382.5316    -115.1411
      67       9.4779      28.3245       8.1671       3.3832    -545.0005       2.1346     153.8532    -339.6600       0.3939       1.6390       0.0000       0.0000       0.0000       0.0000       0.0000       2.0329       9.0841      26.6855       8.1671       3.3832    -545.0005      -3.0249     381.7540    -118.9516
      68      13.8513      23.4235       7.3328       4.7821    -546.8813       1.0596     158.9786    -337.4533       0.0297       5.1693       0.0000       0.0000       0.0000       0.0000       0.0000       5.1990      13.8216      18.2542       7.3328       4.7821    -546.8813      -3.1642     382.6886    -123.1661
      69      13.9829      24.7572      11.0793       3.5623    -543.5725      -0.0394     164.2487    -325.9816       0.3702       0.6361       0.0000       0.0000       0.0000       0.0000       0.0000       1.0063      13.6127      24.1211      11.0793       3.5623    -543.5725      -4.7918     388.4039    -107.5851
      70       7.4017      16.2984      10.5707       4.4567    -541.2830       1.2709     160.6661    -340.6186       0.6913       1.0844       0.0000       0.0000       0.0000       0.0000       0.0000       1.7757       6.7104      15.2140      10.5707       4.4567    -541.2830      -3.8266     384.3828    -123.7750
      71      14.0182      25.3790      11.2984       3.2040    -542.1975       2.5235     158.9222    -326.8522       0.2862       1.3228       0.0000       0.0000       0.0000       0.0000       0.0000       1.6090      13.7321      24.0562      11.2984       3.2040    -542.1975      -3.5444     386.4926    -106.9586
      72      10.7752      23.1967      11.1346       3.7113    -534.6633       5.2333     148.0778    -332.5345       0.0826       3.4346       0.0000       0.0000       0.0000       0.0000       0.0000       3.5171      10.6926      19.7621      11.1346       3.7113    -534.6633      -1.1907     375.7129    -114.8405
      73      10.1470      26.5193      10.9160       3.5165    -545.9639       2.1391     156.2552    -336.4709       0.8909       2.5663       0.0000       0.0000       0.0000       0.0000       0.0000       3.4572       9.2561      23.9530      10.9160       3.5165    -545.9639      -4.3755     383.2688    -119.4290
      74       8.4281      25.2951      13.3284       3.7933    -537.7281      -0.6492     157.6714    -329.8609       0.2844       1.7353       0.0000       0.0000       0.0000       0.0000       0.0000       2.0197       8.1437      23.5598      13.3284       3.7933    -537.7281      -3.2279     378.5518    -113.5789
      75      14.1792      21.2500      12.5892       5.9978    -538.2818       5.7541     152.1388    -326.3727       0.2251       2.7541       0.0000       0.0000       0.0000       0.0000       0.0000       2.9792      13.9541      18.4959      12.5892       5.9978    -538.2818      -2.3909     382.1029    -107.5328
      76      10.0523      24.4357       9.2651       4.1831    -543.2019       2.3716     157.2991    -335.5950       0.0596       0.3465       0.0000       0.0000       0.0000       0.0000       0.0000       0.4061       9.9927      24.0893       9.2651       4.1831    -543.2019      -2.9094     376.9063    -121.6749
      77       9.8035      24.1734       8.9524       4.4840    -550.1838       1.9583     164.0817    -336.7307       0.0029       2.4409       0.0000       0.0000       0.0000       0.0000       0.0000       2.4437       9.8006      21.7325       8.9524       4.4840    -550.1838      -2.3478     388.7926    -118.7696
      78      10.7708      26.1651      13.6065       4.7363    -544.5646       3.2002     161.0766    -325.0090       1.3972       5.5323       0.0000       0.0000       0.0000       0.0000       0.0000       6.9295       9.3736      20.6328      13.6065       4.7363    -544.5646      -2.1526     387.1939    -111.1740
      79      10.0160      33.8746       8.0076       3.6006    -545.1096      -1.2171     163.1005    -327.7273       0.6698       3.2440       0.0000       0.0000       0.0000       0.0000       0.0000       3.9138       9.3462      30.6306       8.0076       3.6006    -545.1096      -3.3372     385.8886    -110.9731
      80       9.2074      31.4776       8.2997       3.4952    -548.3644       3.4837     162.4318    -329.9690       0.2511       3.0103       0.0000       0.0000       0.0000       0.0000       0.0000       3.2614       8.9563      28.4673       8.2997       3.4952    -548.3644      -3.5701     389.0955    -113.6205
      81      10.7333      24.4284      18.0921       5.4593    -549.9724       3.8327     168.4072    -319.0195       0.1183       1.9438       0.0000       0.0000       0.0000       0.0000       0.0000       2.0620      10.6151      22.4846      18.0921       5.4593    -549.9724      -3.1947     398.8533     -97.6628
      82      12.5329      20.0441      10.1937       5.0220    -540.8274       0.5746     160.4524    -332.0077       0.0706       2.7033       0.0000       0.0000       0.0000       0.0000       0.0000       2.7739      12.4623      17.3408      10.1937       5.0220    -540.8274      -1.5359     381.2980    -116.0466
      83       6.4554      23.8804       9.9385       4.3846    -535.9177       1.9650     157.1492    -332.1447       0.1112       3.1590       0.0000       0.0000       0.0000       0.0000       0.0000       3.2703       6.3441      20.7214       9.9385       4.3846    -535.9177      -2.9897     380.4007    -117.1181
      84      10.3332      23.0629       8.4586       3.5609    -539.6533       4.9638     154.5803    -334.6936       1.7761       1.2088       0.0000       0.0000       0.0000       0.0000       0.0000       2.9848       8.5572      21.8541       8.4586       3.5609    -539.6533      -3.1145     382.5853    -117.7517
      85      13.0068      19.4270       9.6282       4.5346    -545.2423       6.5811     159.0341    -333.0305       0.0023       0.4186       0.0000       0.0000       0.0000       0.0000       0.0000       0.4209      13.0045      19.0084       9.6282       4.5346    -545.2423      -3.3396     384.1801    -118.2261
      86      11.6095      22.6091      11.0643       4.7958    -546.0885       3.6825     156.5218    -335.8056       0.4226       2.3318       0.0000       0.0000       0.0000       0.0000       0.0000       2.7544      11.1869      20.2773      11.0643       4.7958    -546.0885      -2.9745     385.8203    -115.9185
      87       9.5824      22.9886       9.0875       3.9727    -537.9540       2.9679     158.1675    -331.1874       0.3659       0.9174       0.0000       0.0000       0.0000       0.0000       0.0000       1.2833       9.2165      22.0712       9.0875       3.9727    -537.9540      -2.1267     381.8517    -113.8811
      88      11.9883      28.8528      10.0748       4.3593    -544.0931       1.7654     157.3422    -329.7102       0.1790       1.9968       0.0000       0.0000       0.0000       0.0000       0.0000       2.1758      11.8093      26.8561      10.0748       4.3593    -544.0931      -3.3658     378.7671    -115.5923
      89      14.4458      29.0467       9.3864       5.7715    -551.3704       2.1688     157.6678    -332.8834       2.0727       4.3033       0.0000       0.0000       0.0000       0.0000       0.0000       6.3760      12.3732      24.7433       9.3864       5.7715    -551.3704      -3.8134     384.9528    -117.9566
      90      11.1086      19.3497      10.1634       4.3588    -544.5701      -0.8305     161.7537    -338.6665       0.0471       1.9622       0.0000       0.0000       0.0000       0.0000       0.0000       2.0093      11.0615      17.3876      10.1634       4.3588    -544.5701      -4.1157     386.4079    -119.3067
      91      15.2091      27.2074      11.9598       4.1473    -546.7963       2.7603     151.2674    -334.2451       0.1628       1.7735       0.0000       0.0000       0.0000       0.0000       0.0000       1.9363      15.0463      25.4339      11.9598       4.1473    -546.7963      -4.6687     382.1534    -112.7243
      92       6.6881      25.8106      10.9538       5.4863    -539.5600       2.3998     157.5030    -330.7185       0.1527       4.1392       0.0000       0.0000       0.0000       0.0000       0.0000       4.2919       6.5354      21.6714      10.9538       5.4863    -539.5600      -4.1207     383.6412    -115.3926
      93      14.5643      22.4366       9.9159       3.0808    -546.6745       1.4386     166.2298    -329.0086       1.2114       1.8129       0.0000       0.0000       0.0000       0.0000       0.0000       3.0243      13.3529      20.6237       9.9159       3.0808    -546.6745      -3.9484     387.9437    -115.7060
      94      10.6859      22.4709       9.8736       3.0723    -543.1524      -2.1134     161.4527    -337.7104       0.0617       1.4930       0.0000       0.0000       0.0000       0.0000       0.0000       1.5547      10.6242      20.9779       9.8736       3.0723    -543.1524      -5.0223     382.5488    -121.0780
      95      16.5694      27.8668      11.6487       4.9554    -552.1608       0.0154     166.8236    -324.2815       3.2619       1.3689       0.0000       0.0000       0.0000       0.0000       0.0000       4.6308      13.3075      26.4980      11.6487       4.9554    -552.1608      -3.9242     389.0651    -110.6105
      96      18.1087      27.0063       9.6523       4.0836    -556.7838       0.1521     166.3638    -331.4169       0.6590       1.1387       0.0000       0.0000       0.0000       0.0000       0.0000       1.7978      17.4497      25.8675       9.6523       4.0836    -556.7838      -4.2113     394.5540    -109.3879
      97      13.2389      26.1494       9.7765       4.6015    -541.0056       6.7155     150.9401    -329.5836       2.4643       1.4474       0.0000       0.0000       0.0000       0.0000       0.0000       3.9117      10.7747      24.7020       9.7765       4.6015    -541.0056      -4.2708     383.7125    -111.7091
      98       8.1239      26.5838      11.7201       4.7584    -543.4056       0.9302     158.6603    -332.6289       0.1940       2.6452       0.0000       0.0000       0.0000       0.0000       0.0000       2.8393       7.9299      23.9386      11.7201       4.7584    -543.4056      -3.6217     383.2839    -115.3964
      99       8.0587      25.2061       6.7587       3.9092    -535.5287      -2.2754     162.7693    -331.1022       0.2674       2.5410       0.0000       0.0000       0.0000       0.0000       0.0000       2.8083       7.7913      22.6652       6.7587       3.9092    -535.5287      -4.3312     379.5106    -119.2249
     100       9.6908      27.7291       8.8804       3.1078    -540.5217       2.2222     153.0100    -335.8814       1.0401       3.3304       0.0000       0.0000       0.0000       0.0000       0.0000       4.3705       8.6507      24.3987       8.8804       3.1078    -540.5217      -3.2587     381.9757    -116.7670
     101      11.6510      32.7948      11.2031       3.9851    -553.0350      -0.8929     176.8719    -317.4221       0.0087       2.6750       0.0000       0.0000       0.0000       0.0000       0.0000       2.6837      11.6424      30.1197      11.2031       3.9851    -553.0350      -3.1463     390.4379    -108.7931
     102      11.6309      22.0765       8.7287       4.4182    -541.3602       2.2308     151.9456    -340.3295       0.0492       2.5112       0.0000       0.0000       0.0000       0.0000       0.0000       2.5604      11.5817      19.5652       8.7287       4.4182    -541.3602      -3.4909     376.3177    -124.2395
     103      18.1211      23.7597       8.7456       2.7706    -541.1396      -0.0310     154.6363    -333.1373       2.0496       1.3856       0.0000       0.0000       0.0000       0.0000       0.0000       3.4352      16.0715      22.3741       8.7456       2.7706    -541.1396      -4.5277     376.6732    -119.0323
     104       9.5913      29.4530      12.3852       3.7601    -546.0719       6.0774     152.7732    -332.0317       0.0769       4.0759       0.0000       0.0000       0.0000       0.0000       0.0000       4.1527       9.5145      25.3771      12.3852       3.7601    -546.0719      -1.9858     386.7745    -110.2463
     105       5.9867      32.7264       8.0606       6.9433    -543.3099       4.1029     150.0079    -335.4821       0.3388       4.3097       0.0000       0.0000       0.0000       0.0000       0.0000       4.6485       5.6478      28.4167       8.0606       6.9433    -543.3099      -4.1415     381.3086    -117.0742
     106      13.3688      27.8605       9.5885       5.7152    -538.9935       1.9714     158.4201    -322.0690       0.8150       5.2953       0.0000       0.0000       0.0000       0.0000       0.0000       6.1103      12.5539      22.5653       9.5885       5.7152    -538.9935      -3.5494     380.4166    -111.7035
     107       8.7678      20.5400      12.4845       3.9855    -536.9952      -0.8406     156.9013    -335.1567       0.0417       0.9496       0.0000       0.0000       0.0000       0.0000       0.0000       0.9912       8.7262      19.5904      12.4845       3.9855    -536.9952      -4.2306     373.4445    -122.9948
     108      12.4731      31.7051       9.8396       4.4944    -547.6426       6.1423     155.4676    -327.5204       2.0512       0.9414       0.0000       0.0000       0.0000       0.0000       0.0000       2.9926      10.4219      30.7636       9.8396       4.4944    -547.6426      -3.6926     386.7698    -109.0458
     109      19.3390      23.6482       9.4062       4.7240    -549.9218       8.5651     154.7063    -329.5330       0.0307       0.3228       0.0000       0.0000       0.0000       0.0000       0.0000       0.3535      19.3083      23.3254       9.4062       4.7240    -549.9218      -2.0473     386.8978    -108.3074
     110      10.5151      22.9664       7.9784       4.1129    -545.5334       1.0251     168.5843    -330.3511       0.1637       0.9803       0.0000       0.0000       0.0000       0.0000       0.0000       1.1440      10.3514      21.9861       7.9784       4.1129    -545.5334      -4.2300     385.1908    -120.1437
     111       8.6300      22.8498       7.8406       3.7628    -541.7759       4.2014     162.0214    -332.4700       0.1982       2.0782       0.0000       0.0000       0.0000       0.0000       0.0000       2.2764       8.4318      20.7716       7.8406       3.7628    -541.7759      -2.7750     387.4573    -116.2868
     112      16.8503      24.4465      11.0074       4.5268    -552.6896       6.6307     160.9153    -328.3125       1.0761       0.3022       0.0000       0.0000       0.0000       0.0000       0.0000       1.3783      15.7743      24.1443      11.0074       4.5268    -552.6896      -2.1816     388.6347    -110.7836
     113      12.3506      23.9905       8.3093       2.7018    -544.6358      -1.2230     162.8271    -335.6796       0.7041       2.5309       0.0000       0.0000       0.0000       0.0000       0.0000       3.2350      11.6464      21.4596       8.3093       2.7018    -544.6358      -3.4812     383.6787    -120.3212
     114      13.0533      31.0888      11.4850       3.2775    -547.7803       1.5963     159.8861    -327.3933       2.0274       2.3230       0.0000       0.0000       0.0000       0.0000       0.0000       4.3504      11.0258      28.7658      11.4850       3.2775    -547.7803      -4.1738     386.6665    -110.7334
     115      11.4106      28.9582       7.0485       5.4850    -540.0922       0.5079     158.4174    -328.2647       1.2918       1.1889       0.0000       0.0000       0.0000       0.0000       0.0000       2.4807      10.1189      27.7693       7.0485       5.4850    -540.0922      -2.8596     381.5213    -111.0089
     116      11.2032      25.1717      10.9217       5.5429    -545.1791       4.6373     162.4529    -325.2492       0.8311       3.0447       0.0000       0.0000       0.0000       0.0000       0.0000       3.8758      10.3722      22.1270      10.9217       5.5429    -545.1791      -2.3694     390.2771    -108.3076
     117       8.6354      22.2428       8.4486       4.4770    -538.2521       0.2908     156.4633    -337.6942       0.0137       0.3920       0.0000       0.0000       0.0000       0.0000       0.0000       0.4057       8.6217      21.8509       8.4486       4.4770    -538.2521      -3.7750     376.4576    -122.1713
     118      11.7637      23.7758       8.1015       5.1577    -545.9137       5.6704     154.7089    -336.7356       0.3610       2.8254       0.0000       0.0000       0.0000       0.0000       0.0000       3.1864      11.4027      20.9504       8.1015       5.1577    -545.9137      -3.1616     388.8526    -114.6104
     119      13.3642      25.0047       7.6308       4.3634    -544.8338       2.5174     154.8234    -337.1301       0.3197       2.2677       0.0000       0.0000       0.0000       0.0000       0.0000       2.5874      13.0445      22.7370       7.6308       4.3634    -544.8338      -4.0823     380.0022    -121.1382
     120       7.0126      29.2352      11.0884       4.4521    -539.4170       2.0364     153.0038    -332.5886       0.7207       4.8373       0.0000       0.0000       0.0000       0.0000       0.0000       5.5580       6.2919      24.3978      11.0884       4.4521    -539.4170      -4.2740     385.1566    -112.3042
     121      16.9924      36.5981      14.3689       4.9206    -552.5343      -0.9379     164.7120    -315.8803       0.3409       4.7762       0.0000       0.0000       0.0000       0.0000       0.0000       5.1170      16.6515      31.8219      14.3689       4.9206    -552.5343      -3.8091     390.4763     -98.1043
     122      12.7322      20.1758      14.4904       5.0392    -545.0590       2.6847     154.6094    -335.3273       1.0387       5.3929       0.0000       0.0000       0.0000       0.0000       0.0000       6.4316      11.6935      14.7829      14.4904       5.0392    -545.0590      -2.1028     383.7791    -117.3768
     123      10.6208      27.5077      11.3181       5.1451    -543.0546       1.2179     152.5871    -334.6579       1.3669       2.0135       0.0000       0.0000       0.0000       0.0000       0.0000       3.3804       9.2539      25.4942      11.3181       5.1451    -543.0546      -4.3750     380.1516    -116.0668
     124      13.4074      29.8738       8.3897       4.6395    -544.6056      -0.1405     166.6770    -321.7587       0.6072       3.3488       0.0000       0.0000       0.0000       0.0000       0.0000       3.9560      12.8003      26.5250       8.3897       4.6395    -544.6056      -2.3668     378.9291    -115.6889
     125       8.9670      29.0441       9.3581       5.0577    -535.7041       3.5474     147.0176    -332.7122       0.4503       1.7563       0.0000       0.0000       0.0000       0.0000       0.0000       2.2066       8.5167      27.2877       9.3581       5.0577    -535.7041      -3.4208     378.7337    -110.1709
     126      11.7613      30.5400      11.5847       6.1124    -542.0942       3.7426     149.2804    -329.0729       2.3210       3.5064       0.0000       0.0000       0.0000       0.0000       0.0000       5.8273       9.4403      27.0336      11.5847       6.1124    -542.0942      -3.3180     379.2050    -112.0363
