#Frame     p_ab[bond]  p_ab[angle]    p_ab[dih]  p_ab[vdw14] p_ab[elec14]    p_ab[vdw]   p_ab[elec]  p_ab[total]    p_a[bond]   p_a[angle]     p_a[dih]   p_a[vdw14]  p_a[elec14]     p_a[vdw]    p_a[elec]   p_a[total]    p_b[bond]   p_b[angle]     p_b[dih]   p_b[vdw14]  p_b[elec14]     p_b[vdw]    p_b[elec]   p_b[total]
       1       4.6093      14.3380       5.3196       2.6736    -268.6641       1.8575      40.6405    -199.2257       0.0530       1.0408       0.0000       0.0000       0.0000       0.0000       0.0000       1.0937       4.5563      13.2972       5.3196       2.6736    -268.6641      -1.0089     158.2778     -85.5485
       2       3.8930      17.4790       8.1722       1.1884    -273.1255      -0.4279      43.7298    -199.0910       0.8178       1.6466       0.0000       0.0000       0.0000       0.0000       0.0000       2.4643       3.0752      15.8324       8.1722       1.1884    -273.1255      -1.3293     159.4027     -86.7838
       3       6.7295      10.5342       4.1184       2.8633    -269.3910       1.1603      44.3255    -199.6598       2.9264       1.6305       0.0000       0.0000       0.0000       0.0000       0.0000       4.5569       3.8032       8.9037       4.1184       2.8633    -269.3910      -0.8494     159.1749     -91.3770
       4       3.9190      16.0704       5.7338       2.1457    -269.1576       1.6653      42.6410    -196.9823       1.2927       0.0580       0.0000       0.0000       0.0000       0.0000       0.0000       1.3506       2.6263      16.0124       5.7338       2.1457    -269.1576      -1.1595     157.3974     -86.4014
       5       4.7237      11.9849       3.6812       1.3202    -269.8550       3.4200      40.1860    -204.5390       1.6207       3.3496       0.0000       0.0000       0.0000       0.0000       0.0000       4.9703       3.1030       8.6353       3.6812       1.3202    -269.8550      -1.0403     158.5722     -95.5834
       6       2.4666       9.1849       6.8304       1.8243    -266.2030       0.3017      48.8964    -196.6987       0.4991       1.2240       0.0000       0.0000       0.0000       0.0000       0.0000       1.7232       1.9675       7.9609       6.8304       1.8243    -266.2030      -1.0239     158.2911     -90.3528
       7       2.9268      12.6674       4.2962       2.7360    -269.9606       1.5290      41.6420    -204.1631       0.3767       2.2581       0.0000       0.0000       0.0000       0.0000       0.0000       2.6348       2.5501      10.4093       4.2962       2.7360    -269.9606      -0.9411     154.9528     -95.9573
       8       6.5814      14.2465       7.4007       2.6929    -271.4368      -1.4705      51.9245    -190.0612       0.0864       2.2856       0.0000       0.0000       0.0000       0.0000       0.0000       2.3720       6.4950      11.9609       7.4007       2.6929    -271.4368      -0.6197     158.3872     -85.1197
       9       5.5061       9.3038       5.6991       1.3721    -269.4812       0.7100      42.4139    -204.4761       0.5492       2.6296       0.0000       0.0000       0.0000       0.0000       0.0000       3.1788       4.9570       6.6742       5.6991       1.3721    -269.4812      -1.0717     159.0119     -92.8387
      10       3.8362      11.3518       3.3748       1.5521    -263.2424       1.7240      36.7749    -204.6286       0.9461       0.9619       0.0000       0.0000       0.0000       0.0000       0.0000       1.9081       2.8901      10.3899       3.3748       1.5521    -263.2424      -1.2688     153.0473     -93.2571
      11       5.5526      13.8228       4.1930       1.2190    -265.1022       0.0801      37.3158    -202.9190       0.1355       3.3873       0.0000       0.0000       0.0000       0.0000       0.0000       3.5228       5.4171      10.4355       4.1930       1.2190    -265.1022      -1.1259     152.5098     -92.4539
      12       5.3819      15.9226       7.1558       1.2544    -266.8020       0.7626      38.2613    -198.0634       0.4199       2.1997       0.0000       0.0000       0.0000       0.0000       0.0000       2.6197       4.9620      13.7229       7.1558       1.2544    -266.8020      -1.2896     153.8548     -87.1417
      13       5.1316       8.5111       4.0368       1.9876    -262.0405       2.4634      35.4343    -204.4758       0.0005       0.5021       0.0000       0.0000       0.0000       0.0000       0.0000       0.5026       5.1311       8.0090       4.0368       1.9876    -262.0405      -1.1619     151.2803     -92.7576
      14       6.1143      10.4646       5.5585       0.8115    -270.2079       1.1043      41.9368    -204.2179       0.1288       0.3807       0.0000       0.0000       0.0000       0.0000       0.0000       0.5095       5.9855      10.0840       5.5585       0.8115    -270.2079      -1.5346     157.5425     -91.7605
      15       7.2208      11.9437       5.4353       1.7394    -265.8757      -0.0731      40.3414    -199.2682       2.6305       4.7188       0.0000       0.0000       0.0000       0.0000       0.0000       7.3493       4.5903       7.2249       5.4353       1.7394    -265.8757      -1.1604     153.8682     -94.1780
      16       3.6738      15.2934       4.8824       1.6420    -273.5916       0.1224      46.4907    -201.4869       0.2513       3.2478       0.0000       0.0000       0.0000       0.0000       0.0000       3.4991       3.4225      12.0456       4.8824       1.6420    -273.5916      -1.0544     162.5501     -90.1034
      17       8.4974      18.5697       8.1239       2.6518    -276.5985       0.7707      41.3623    -196.6226       0.2354       4.9532       0.0000       0.0000       0.0000       0.0000       0.0000       5.1886       8.2621      13.6164       8.1239       2.6518    -276.5985      -1.1102     161.0489     -84.0056
      18       5.5739      13.0526       5.9361       1.4977    -264.8336      -1.7968      46.6767    -193.8934       0.4190       1.4058       0.0000       0.0000       0.0000       0.0000       0.0000       1.8248       5.1549      11.6467       5.9361       1.4977    -264.8336      -1.4252     153.5112     -88.5121
      19       5.2976       9.4713       4.4244       2.5985    -271.1440       2.7475      40.7915    -205.8131       0.1949       0.8538       0.0000       0.0000       0.0000       0.0000       0.0000       1.0486       5.1027       8.6175       4.4244       2.5985    -271.1440      -0.6276     156.9902     -94.0382
      20       7.5991      12.2952       5.9620       1.9415    -272.1803      -0.5399      46.6672    -198.2552       1.4340       5.0744       0.0000       0.0000       0.0000       0.0000       0.0000       6.5084       6.1651       7.2208       5.9620       1.9415    -272.1803      -1.0439     159.1170     -92.8177
      21       4.7758       8.8209       6.6961       3.3115    -268.3685       2.4019      48.6667    -193.6957       0.1697       0.8021       0.0000       0.0000       0.0000       0.0000       0.0000       0.9718       4.6061       8.0188       6.6961       3.3115    -268.3685       0.1872     157.5781     -87.9708
      22       5.5956      12.2855       4.2163       1.4946    -271.3587      -0.5216      46.5487    -201.7396       0.8534       1.5944       0.0000       0.0000       0.0000       0.0000       0.0000       2.4479       4.7422      10.6911       4.2163       1.4946    -271.3587      -1.0042     158.9359     -92.2829
      23       3.6720      13.9046       4.3990       1.2801    -269.9406       3.8014      39.2906    -203.5928       0.2872       3.7566       0.0000       0.0000       0.0000       0.0000       0.0000       4.0438       3.3848      10.1480       4.3990       1.2801    -269.9406      -0.9807     157.4569     -94.2525
      24       5.5188      13.7962       6.4748       2.6128    -277.6300      -1.0793      50.3103    -199.9963       0.3877       3.2029       0.0000       0.0000       0.0000       0.0000       0.0000       3.5906       5.1311      10.5933       6.4748       2.6128    -277.6300      -1.3277     164.9072     -89.2384
      25       9.6165      10.9382       6.5851       3.4293    -273.6233       3.5475      41.2180    -198.2888       1.3098       2.1136       0.0000       0.0000       0.0000       0.0000       0.0000       3.4234       8.3067       8.8246       6.5851       3.4293    -273.6233      -0.4559     160.3354     -86.5981
      26       8.8729      20.5768       5.7570       2.7916    -276.1173       2.5580      45.1693    -190.3918       1.0408       3.2768       0.0000       0.0000       0.0000       0.0000       0.0000       4.3176       7.8321      17.3000       5.7570       2.7916    -276.1173      -0.9296     164.4863     -78.8800
      27      10.5206      14.5151       4.8587       1.6561    -273.4089       4.0396      36.5252    -201.2935       0.2454       3.9552       0.0000       0.0000       0.0000       0.0000       0.0000       4.2006      10.2752      10.5599       4.8587       1.6561    -273.4089      -0.8494     156.3032     -90.6051
      28       7.8958      14.4331       5.5999       2.8119    -271.1967      -0.4237      45.0833    -195.7964       0.5364       3.8795       0.0000       0.0000       0.0000       0.0000       0.0000       4.4159       7.3595      10.5536       5.5999       2.8119    -271.1967      -1.1078     156.1611     -89.8187
      29       8.3104      15.5788       3.9159       1.7083    -271.7320       1.0210      43.4041    -197.7936       2.5561       2.1962       0.0000       0.0000       0.0000       0.0000       0.0000       4.7523       5.7543      13.3826       3.9159       1.7083    -271.7320      -0.9781     158.7768     -89.1722
      30       7.5963      13.4777       7.4092       3.1063    -267.4709       2.4818      36.7341    -196.6655       1.4624       2.6913       0.0000       0.0000       0.0000       0.0000       0.0000       4.1537       6.1339      10.7864       7.4092       3.1063    -267.4709      -0.7338     155.9677     -84.8012
      31       6.4933      13.3888       7.0166       1.1807    -271.9584      -0.5775      46.1038    -198.3526       1.6493       1.3866       0.0000       0.0000       0.0000       0.0000       0.0000       3.0359       4.8440      12.0022       7.0166       1.1807    -271.9584      -1.2330     158.8198     -89.3281
      32       4.5417      12.8829       4.9167       1.5509    -275.6534       3.4652      44.9163    -203.3797       0.3627       1.7096       0.0000       0.0000       0.0000       0.0000       0.0000       2.0723       4.1790      11.1733       4.9167       1.5509    -275.6534      -1.1741     163.7978     -91.2098
      33       8.0318      11.1329       3.7040       2.1998    -270.6257       0.0589      46.5755    -198.9228       1.1962       0.9998       0.0000       0.0000       0.0000       0.0000       0.0000       2.1960       6.8356      10.1331       3.7040       2.1998    -270.6257      -0.9932     159.9305     -88.8159
      34       7.2277      13.3424       3.8423       2.0551    -268.8546       0.7853      44.6184    -196.9835       0.7928       2.1084       0.0000       0.0000       0.0000       0.0000       0.0000       2.9012       6.4348      11.2339       3.8423       2.0551    -268.8546      -1.2101     158.1335     -88.3650
      35       3.8870       7.9086       3.9983       2.5069    -265.1791       4.0692      40.7086    -202.1006       0.2082       0.1824       0.0000       0.0000       0.0000       0.0000       0.0000       0.3906       3.6788       7.7263       3.9983       2.5069    -265.1791       0.2998     152.4289     -94.5402
      36       4.3773      11.8760       6.4370       2.3181    -269.8354       4.2866      35.1973    -205.3431       0.2431       2.3828       0.0000       0.0000       0.0000       0.0000       0.0000       2.6259       4.1343       9.4932       6.4370       2.3181    -269.8354      -1.4939     158.4408     -90.5060
      37       5.2870      16.1215       5.9034       3.2577    -271.2862       1.4942      42.6368    -196.5856       0.5656       3.3302       0.0000       0.0000       0.0000       0.0000       0.0000       3.8958       4.7213      12.7913       5.9034       3.2577    -271.2862      -1.2425     160.1772     -85.6777
      38       7.5042      12.4380       8.7180       2.4894    -275.2984       2.3586      41.7319    -200.0584       0.1259       3.7196       0.0000       0.0000       0.0000       0.0000       0.0000       3.8454       7.3783       8.7184       8.7180       2.4894    -275.2984      -1.2724     160.0267     -89.2399
      39       3.3073      13.0452       4.5168       2.3312    -269.4739       3.6571      39.7667    -202.8496       0.5915       2.0591       0.0000       0.0000       0.0000       0.0000       0.0000       2.6507       2.7158      10.9860       4.5168       2.3312    -269.4739      -0.9729     157.8840     -92.0129
      40       3.6463      14.1977       5.9239       1.6032    -262.4945       1.7791      40.0681    -195.2763       0.9505       1.0204       0.0000       0.0000       0.0000       0.0000       0.0000       1.9709       2.6957      13.1773       5.9239       1.6032    -262.4945      -0.6306     155.2380     -84.4870
      41       6.3298      17.2577       5.6311       1.1861    -273.3879      -1.7938      51.0432    -193.7337       0.7820       2.1295       0.0000       0.0000       0.0000       0.0000       0.0000       2.9116       5.5478      15.1281       5.6311       1.1861    -273.3879      -1.2386     160.5550     -86.5783
      42       4.4595      12.1080       4.4710       1.6716    -269.1208       0.5362      44.1112    -201.7632       0.7627       1.8220       0.0000       0.0000       0.0000       0.0000       0.0000       2.5846       3.6968      10.2860       4.4710       1.6716    -269.1208      -1.1637     158.1298     -92.0292
      43       6.5725      13.5124       5.8147       3.2171    -269.9738       2.0657      42.6265    -196.1649       1.2910       1.5282       0.0000       0.0000       0.0000       0.0000       0.0000       2.8192       5.2816      11.9842       5.8147       3.2171    -269.9738      -0.7107     158.9556     -85.4314
      44       4.3583       9.9184       3.9584       2.1867    -268.4785      -0.9095      43.6669    -205.2993       0.9826       1.2725       0.0000       0.0000       0.0000       0.0000       0.0000       2.2551       3.3757       8.6459       3.9584       2.1867    -268.4785      -1.2809     155.6533     -95.9394
      45       6.1312      13.9960       5.4414       2.5041    -270.4976       2.5313      42.9921    -196.9015       2.2019       1.5675       0.0000       0.0000       0.0000       0.0000       0.0000       3.7693       3.9293      12.4285       5.4414       2.5041    -270.4976      -0.5379     160.1092     -86.6229
      46       7.2300      13.1448       3.2609       1.1041    -273.7029       2.2542      49.3714    -197.3375       0.7557       0.5321       0.0000       0.0000       0.0000       0.0000       0.0000       1.2878       6.4743      12.6127       3.2609       1.1041    -273.7029      -1.2848     164.1150     -87.4207
      47       8.5174      11.3451       5.6061       1.8448    -271.7138      -1.1929      52.3484    -193.2450       0.3114       3.3398       0.0000       0.0000       0.0000       0.0000       0.0000       3.6512       8.2060       8.0053       5.6061       1.8448    -271.7138      -0.6484     160.0955     -88.6047
      48       3.9124      17.6950       5.8072       2.1588    -266.6951      -1.2567      50.4294    -187.9489       1.7895       2.8959       0.0000       0.0000       0.0000       0.0000       0.0000       4.6854       2.1229      14.7991       5.8072       2.1588    -266.6951      -0.9458     157.5922     -85.1605
      49       5.6565      12.6993       5.1147       1.9709    -268.4865       3.2418      45.6611    -194.1421       0.4062       3.6066       0.0000       0.0000       0.0000       0.0000       0.0000       4.0128       5.2503       9.0928       5.1147       1.9709    -268.4865       0.2014     160.1091     -86.7472
      50       2.7793      10.7746       7.7235       2.7937    -267.5281      -1.0610      46.8745    -197.6434       0.1004       1.5838       0.0000       0.0000       0.0000       0.0000       0.0000       1.6841       2.6789       9.1909       7.7235       2.7937    -267.5281      -0.4529     154.2669     -91.3272
      51       6.2014      11.7906       4.8897       2.5737    -274.9585       0.2065      49.0094    -200.2872       0.7513       1.4263       0.0000       0.0000       0.0000       0.0000       0.0000       2.1776       5.4500      10.3643       4.8897       2.5737    -274.9585      -0.8984     160.5449     -92.0343
      52       7.8555      17.9862       7.5473       3.5562    -274.6334       1.8936      41.8761    -193.9184       0.3429       5.2716       0.0000       0.0000       0.0000       0.0000       0.0000       5.6144       7.5126      12.7147       7.5473       3.5562    -274.6334      -0.3318     161.5690     -82.0653
      53       4.3947      11.3679       5.5128       2.4552    -269.0127       2.1432      48.6358    -194.5030       0.4945       1.9460       0.0000       0.0000       0.0000       0.0000       0.0000       2.4405       3.9002       9.4219       5.5128       2.4552    -269.0127      -0.4976     155.6699     -92.5502
      54       6.6460      17.1290       4.1226       1.8239    -271.8486       0.6122      44.0592    -197.4557       0.6661       3.2515       0.0000       0.0000       0.0000       0.0000       0.0000       3.9176       5.9799      13.8776       4.1226       1.8239    -271.8486      -1.0830     159.3134     -87.8142
      55       3.8420      16.3400       3.7920       2.3872    -266.3255       0.9582      37.5882    -201.4179       0.3726       4.6135       0.0000       0.0000       0.0000       0.0000       0.0000       4.9861       3.4693      11.7265       3.7920       2.3872    -266.3255      -1.1775     154.9340     -91.1939
      56       4.7010       7.3248       8.1291       2.3850    -270.2145       0.6550      44.9570    -202.0625       1.0028       0.3006       0.0000       0.0000       0.0000       0.0000       0.0000       1.3034       3.6981       7.0242       8.1291       2.3850    -270.2145      -0.7665     156.3316     -93.4128
      57       7.1025      12.0202       5.2216       1.7752    -262.9702      -1.1607      40.9212    -197.0902       0.3840       4.2864       0.0000       0.0000       0.0000       0.0000       0.0000       4.6704       6.7185       7.7338       5.2216       1.7752    -262.9702      -1.2163     153.1043     -89.6330
      58       7.9716      13.4397       7.2782       2.7181    -274.8349      -0.2320      55.6271    -188.0323       1.1281       0.8695       0.0000       0.0000       0.0000       0.0000       0.0000       1.9976       6.8434      12.5702       7.2782       2.7181    -274.8349      -0.2774     160.9873     -84.7152
      59       6.1997      14.6565       6.1413       1.7387    -276.9973      -0.7529      49.9894    -199.0246       0.0278       4.5860       0.0000       0.0000       0.0000       0.0000       0.0000       4.6138       6.1719      10.0705       6.1413       1.7387    -276.9973      -1.2354     162.5821     -91.5283
      60       8.7845      18.3211       6.0994       3.8471    -270.4919       0.5540      38.7341    -194.1517       1.1819       5.4433       0.0000       0.0000       0.0000       0.0000       0.0000       6.6252       7.6026      12.8778       6.0994       3.8471    -270.4919      -1.1201     156.6485     -84.5367
      61       5.9582      11.6776       6.3461       1.5154    -269.8299       4.9981      38.0708    -201.2636       0.0682       2.3400       0.0000       0.0000       0.0000       0.0000       0.0000       2.4082       5.8900       9.3376       6.3461       1.5154    -269.8299      -1.2004     158.6031     -89.3380
      62       6.0722      19.7316       5.7161       1.9752    -279.7837      -1.1092      56.4505    -190.9474       0.5015       4.9525       0.0000       0.0000       0.0000       0.0000       0.0000       5.4540       5.5707      14.7791       5.7161       1.9752    -279.7837      -0.7675     165.7311     -86.7790
      63       7.8527       8.7228       4.6222       2.4029    -273.3597       0.1934      48.8871    -200.6786       0.8851       2.2173       0.0000       0.0000       0.0000       0.0000       0.0000       3.1024       6.9676       6.5055       4.6222       2.4029    -273.3597      -1.0935     158.7420     -95.2129
      64       4.0493      10.4843       6.5406       2.0158    -271.4132       3.4818      38.3083    -206.5332       0.2876       0.9906       0.0000       0.0000       0.0000       0.0000       0.0000       1.2783       3.7616       9.4937       6.5406       2.0158    -271.4132      -1.2830     158.7493     -92.1352
      65       7.4169      12.4204       4.7483       1.5915    -276.6275       0.3634      48.4015    -201.6855       0.5167       1.6355       0.0000       0.0000       0.0000       0.0000       0.0000       2.1522       6.9002      10.7849       4.7483       1.5915    -276.6275      -1.3209     162.6410     -91.2824
      66       4.5853      11.2947       4.3955       1.7781    -275.6284       0.6357      45.7874    -207.1518       0.1732       2.6247       0.0000       0.0000       0.0000       0.0000       0.0000       2.7980       4.4120       8.6700       4.3955       1.7781    -275.6284      -1.0316     162.1399     -95.2646
      67       7.7309      11.8217       9.1538       2.2009    -273.8482       2.9858      40.1026    -199.8526       0.1711       2.1190       0.0000       0.0000       0.0000       0.0000       0.0000       2.2901       7.5598       9.7027       9.1538       2.2009    -273.8482      -1.3981     159.1569     -87.4722
      68       4.5684      18.1490       3.7304       1.9191    -273.9259      -0.8223      45.4890    -200.8924       1.6537       3.7489       0.0000       0.0000       0.0000       0.0000       0.0000       5.4025       2.9147      14.4001       3.7304       1.9191    -273.9259      -1.2442     159.9611     -92.2448
      69       5.1287      15.3647       4.4585       1.4030    -273.2967       1.3657      42.8765    -202.6995       1.0341       2.1752       0.0000       0.0000       0.0000       0.0000       0.0000       3.2093       4.0946      13.1895       4.4585       1.4030    -273.2967      -1.3930     159.8958     -91.6482
      70       3.2345       9.8867       5.7383       2.2261    -270.9682       0.0763      48.3203    -201.4861       0.1718       0.0209       0.0000       0.0000       0.0000       0.0000       0.0000       0.1927       3.0627       9.8658       5.7383       2.2261    -270.9682      -1.0051     159.3683     -91.7122
      71       2.2771      14.2216       6.3575       1.9623    -270.5009       3.2417      39.4938    -202.9468       0.0158       2.7008       0.0000       0.0000       0.0000       0.0000       0.0000       2.7166       2.2613      11.5209       6.3575       1.9623    -270.5009      -1.1953     158.6538     -90.9403
      72      11.2085      12.9613       5.5476       1.9096    -270.8553       0.2225      48.6401    -190.3657       1.1965       4.7969       0.0000       0.0000       0.0000       0.0000       0.0000       5.9934      10.0121       8.1644       5.5476       1.9096    -270.8553      -0.7760     159.0230     -86.9746
      73       9.0399      15.5930       6.2448       1.4376    -274.9135       2.7988      37.9515    -201.8481       0.1672       0.9016       0.0000       0.0000       0.0000       0.0000       0.0000       1.0689       8.8726      14.6913       6.2448       1.4376    -274.9135      -1.3482     156.2313     -88.7841
      74       9.2655       9.1157       4.0606       1.8459    -273.3956      -0.8415      49.2402    -200.7091       0.2280       2.3586       0.0000       0.0000       0.0000       0.0000       0.0000       2.5867       9.0375       6.7571       4.0606       1.8459    -273.3956      -0.8614     158.0954     -94.4606
      75       5.1153      22.8154       6.3333       2.0585    -271.8755      -1.1342      45.6468    -191.0405       2.1534       4.1030       0.0000       0.0000       0.0000       0.0000       0.0000       6.2564       2.9619      18.7124       6.3333       2.0585    -271.8755      -1.1129     157.3992     -85.5232
      76       6.7555      14.8401       6.3317       2.1479    -275.1862       1.8908      44.8261    -198.3941       0.0023       2.4934       0.0000       0.0000       0.0000       0.0000       0.0000       2.4957       6.7532      12.3467       6.3317       2.1479    -275.1862      -0.9833     161.3816     -87.2084
      77       4.6976      12.3615       3.8943       1.0864    -268.0455       0.4588      42.8574    -202.6896       0.3719       3.8003       0.0000       0.0000       0.0000       0.0000       0.0000       4.1722       4.3257       8.5611       3.8943       1.0864    -268.0455      -1.4118     157.6008     -93.9890
      78       4.5110       6.8762       3.7345       3.9219    -271.0033       2.4067      44.5433    -205.0097       0.7840       1.0845       0.0000       0.0000       0.0000       0.0000       0.0000       1.8685       3.7270       5.7916       3.7345       3.9219    -271.0033       0.1223     158.5739     -95.1320
      79       3.4921      10.2045       6.0748       2.0356    -270.3248       0.8702      43.8590    -203.7885       0.5456       1.2759       0.0000       0.0000       0.0000       0.0000       0.0000       1.8215       2.9466       8.9286       6.0748       2.0356    -270.3248      -1.0551     158.1315     -93.2628
      80       9.5226      14.4037       4.6851       1.9972    -277.3006       4.0533      46.4133    -196.2255       0.7330       1.6709       0.0000       0.0000       0.0000       0.0000       0.0000       2.4039       8.7896      12.7328       4.6851       1.9972    -277.3006      -1.1940     161.6090     -88.6809
      81       5.7323      14.3680       4.9070       1.8912    -273.9726       9.3945      36.7895    -200.8902       0.7553       3.4037       0.0000       0.0000       0.0000       0.0000       0.0000       4.1590       4.9770      10.9643       4.9070       1.8912    -273.9726      -0.5004     161.7122     -90.0213
      82       1.4147      12.0714       5.5298       2.1261    -265.2356      -1.0591      47.0905    -198.0623       0.0656       1.0906       0.0000       0.0000       0.0000       0.0000       0.0000       1.1562       1.3491      10.9808       5.5298       2.1261    -265.2356      -1.2646     155.9327     -90.5819
      83       4.2519       9.3515       6.4974       2.1540    -270.7465      -1.4415      49.9898    -199.9433       0.4135       1.7679       0.0000       0.0000       0.0000       0.0000       0.0000       2.1815       3.8383       7.5835       6.4974       2.1540    -270.7465      -1.0666     158.5054     -93.2344
      84       2.2433      13.2301       3.9296       1.9080    -267.9223       4.6114      34.2436    -207.7565       0.3234       4.9246       0.0000       0.0000       0.0000       0.0000       0.0000       5.2480       1.9198       8.3055       3.9296       1.9080    -267.9223      -0.8769     155.5863     -97.1500
      85       1.7924      11.7800       6.8551       2.9485    -266.2194       2.6945      41.5067    -198.6422       0.4956       0.2435       0.0000       0.0000       0.0000       0.0000       0.0000       0.7391       1.2968      11.5364       6.8551       2.9485    -266.2194      -0.5894     155.3746     -88.7973
      86       7.9185      13.7327       6.7825       2.5194    -272.9750      -0.3711      47.6012    -194.7920       0.1364       4.2305       0.0000       0.0000       0.0000       0.0000       0.0000       4.3669       7.7821       9.5022       6.7825       2.5194    -272.9750      -0.1767     157.8979     -88.6677
      87       4.0457      17.8185       5.0658       1.5808    -274.8263      -0.9684      47.2237    -200.0602       0.1597       4.0149       0.0000       0.0000       0.0000       0.0000       0.0000       4.1745       3.8861      13.8036       5.0658       1.5808    -274.8263      -1.3605     160.4479     -91.4026
      88       5.9109      18.4762       4.4160       1.1577    -268.0957       1.6320      44.8127    -191.6903       2.3822       2.7817       0.0000       0.0000       0.0000       0.0000       0.0000       5.1639       3.5286      15.6945       4.4160       1.1577    -268.0957      -1.3218     156.5490     -88.0717
      89       7.4456      19.2292       2.8379       1.3819    -277.4560       1.6315      47.2660    -197.6638       0.7990       0.6176       0.0000       0.0000       0.0000       0.0000       0.0000       1.4166       6.6466      18.6116       2.8379       1.3819    -277.4560      -1.3555     163.3205     -86.0128
      90       5.2078       9.0218       5.0014       1.8335    -271.2045       1.0311      46.1378    -202.9711       0.3217       0.3184       0.0000       0.0000       0.0000       0.0000       0.0000       0.6401       4.8861       8.7034       5.0014       1.8335    -271.2045      -0.9783     158.9184     -92.8400
      91       5.5224      12.7203       3.9055       3.7850    -269.5465       2.2712      41.5872    -199.7549       1.3332       2.2041       0.0000       0.0000       0.0000       0.0000       0.0000       3.5372       4.1892      10.5163       3.9055       3.7850    -269.5465      -0.2960     158.7431     -88.7034
      92       4.7781      15.9622       4.2574       2.7297    -269.2080      -0.1856      49.2718    -192.3943       0.0396       0.7185       0.0000       0.0000       0.0000       0.0000       0.0000       0.7580       4.7385      15.2437       4.2574       2.7297    -269.2080      -0.4255     155.2776     -87.3865
      93       5.7144      13.9175       5.2427       2.0676    -272.4619       2.1869      46.9449    -196.3879       0.3346       3.4603       0.0000       0.0000       0.0000       0.0000       0.0000       3.7949       5.3798      10.4573       5.2427       2.0676    -272.4619       0.0501     161.5281     -87.7363
      94       7.7960      13.6054       5.5527       2.6798    -272.1203       0.7262      41.3784    -200.3818       0.3152       3.3655       0.0000       0.0000       0.0000       0.0000       0.0000       3.6807       7.4808      10.2398       5.5527       2.6798    -272.1203      -1.1209     158.6229     -88.6651
      95       4.2195      13.8865       7.4867       2.1727    -271.0524      -0.6585      46.0641    -197.8815       0.7608       1.1188       0.0000       0.0000       0.0000       0.0000       0.0000       1.8796       3.4587      12.7677       7.4867       2.1727    -271.0524      -1.1733     160.1829     -86.1571
      96       7.1237      14.3388       3.8949       2.6187    -277.0361       2.0216      49.6593    -197.3792       0.8820       3.6142       0.0000       0.0000       0.0000       0.0000       0.0000       4.4963       6.2417      10.7246       3.8949       2.6187    -277.0361      -0.6823     161.9532     -92.2854
      97       3.4710       8.5660       7.0568       1.9209    -265.2076       0.1814      39.7820    -204.2296       0.7272       2.0284       0.0000       0.0000       0.0000       0.0000       0.0000       2.7556       2.7439       6.5376       7.0568       1.9209    -265.2076      -1.1844     154.3450     -93.7879
      98       3.5342      17.5496       4.5720       1.3320    -271.2433       0.8985      40.7298    -202.6272       0.0594       5.2587       0.0000       0.0000       0.0000       0.0000       0.0000       5.3181       3.4748      12.2909       4.5720       1.3320    -271.2433      -1.3900     158.7086     -92.2550
      99       5.9598      10.0848       4.5094       2.8668    -264.6672      -1.3100      47.6672    -194.8892       0.2987       0.8075       0.0000       0.0000       0.0000       0.0000       0.0000       1.1062       5.6611       9.2772       4.5094       2.8668    -264.6672      -0.8287     156.1792     -87.0022
     100      15.2491      11.2096       7.0529       2.6991    -283.9775       3.0385      46.2636    -198.4647       0.1754       1.9436       0.0000       0.0000       0.0000       0.0000       0.0000       2.1191      15.0737       9.2659       7.0529       2.6991    -283.9775      -1.2712     166.2970     -84.8601
     101       6.8402      19.2380       4.5012       1.9557    -273.7648       2.4651      43.2034    -195.5612       2.3384       1.9017       0.0000       0.0000       0.0000       0.0000       0.0000       4.2400       4.5019      17.3363       4.5012       1.9557    -273.7648      -0.4690     158.6253     -87.3134
     102      10.2469      13.7740       7.8633       1.7686    -268.2475      -0.5709      43.3311    -191.8345       1.1465       2.5728       0.0000       0.0000       0.0000       0.0000       0.0000       3.7193       9.1003      11.2013       7.8633       1.7686    -268.2475      -1.4376     155.0064     -84.7453
     103       5.2425      14.1022       5.1953       1.9354    -273.5961      -0.9756      47.6747    -200.4216       0.1930       1.8374       0.0000       0.0000       0.0000       0.0000       0.0000       2.0304       5.0495      12.2648       5.1953       1.9354    -273.5961      -1.4019     159.7009     -90.8522
     104       4.4555       9.3035       4.4077       2.0561    -270.7297       1.1155      45.4484    -203.9429       0.0923       2.4208       0.0000       0.0000       0.0000       0.0000       0.0000       2.5131       4.3632       6.8827       4.4077       2.0561    -270.7297      -0.9382     160.2604     -93.6978
     105       8.3393      14.7419       3.3731       3.1706    -267.7318       3.3624      34.9357    -199.8088       0.1309       2.5910       0.0000       0.0000       0.0000       0.0000       0.0000       2.7218       8.2085      12.1509       3.3731       3.1706    -267.7318      -1.0192     155.7563     -86.0916
     106       5.7314      11.4784       7.7469       2.4467    -276.3881       1.3512      49.2473    -198.3864       0.0875       0.7426       0.0000       0.0000       0.0000       0.0000       0.0000       0.8301       5.6438      10.7358       7.7469       2.4467    -276.3881      -1.0446     161.6876     -89.1721
     107       3.2141      11.7895       4.9110       2.8819    -266.6062      -1.5918      45.8019    -199.5996       0.8402       4.2646       0.0000       0.0000       0.0000       0.0000       0.0000       5.1048       2.3739       7.5249       4.9110       2.8819    -266.6062      -1.1554     153.8327     -96.2373
     108       4.4687      16.3460       4.4102       2.8408    -266.7903      -1.5966      47.7415    -192.5797       1.3297       3.1651       0.0000       0.0000       0.0000       0.0000       0.0000       4.4948       3.1390      13.1808       4.4102       2.8408    -266.7903      -1.2357     157.0583     -87.3969
     109       6.1161      19.7802       4.1788       2.4122    -276.1190      -0.3987      49.8812    -194.1493       0.4762       3.7483       0.0000       0.0000       0.0000       0.0000       0.0000       4.2245       5.6399      16.0319       4.1788       2.4122    -276.1190      -1.2233     161.2419     -87.8377
     110       2.6814      11.7951       4.7107       2.0106    -269.0152       1.5161      40.4459    -205.8554       0.5995       2.1696       0.0000       0.0000       0.0000       0.0000       0.0000       2.7691       2.0819       9.6255       4.7107       2.0106    -269.0152      -0.9848     158.7878     -92.7835
     111       6.0370      16.5995       4.8089       2.0136    -273.0463       0.8439      46.4594    -196.2840       1.5023       1.0137       0.0000       0.0000       0.0000       0.0000       0.0000       2.5160       4.5347      15.5857       4.8089       2.0136    -273.0463      -1.1071     160.9823     -86.2281
     112       5.3038      15.7852       6.4897       2.3385    -267.8437      -0.0377      43.3200    -194.6442       0.9432       2.4765       0.0000       0.0000       0.0000       0.0000       0.0000       3.4197       4.3606      13.3087       6.4897       2.3385    -267.8437      -0.5186     155.2831     -86.5817
     113       5.5872      14.3133       8.5613       2.6960    -271.0886       4.9083      38.4655    -196.5571       0.5346       3.2900       0.0000       0.0000       0.0000       0.0000       0.0000       3.8246       5.0526      11.0233       8.5613       2.6960    -271.0886      -0.5358     158.9499     -85.3413
     114       5.5267      13.5201       8.4369       1.4989    -272.1729       1.1524      46.0175    -196.0204       0.2613       2.4013       0.0000       0.0000       0.0000       0.0000       0.0000       2.6626       5.2654      11.1187       8.4369       1.4989    -272.1729      -1.0360     159.5921     -87.2968
     115       5.8488      18.9174       5.3460       1.4237    -272.1281       0.4548      41.4413    -198.6960       0.3267       5.9329       0.0000       0.0000       0.0000       0.0000       0.0000       6.2596       5.5221      12.9846       5.3460       1.4237    -272.1281      -1.3390     160.5764     -87.6143
     116       3.2147      10.5442       4.2799       1.8057    -265.6202      -0.4815      46.2069    -200.0502       0.0913       0.8385       0.0000       0.0000       0.0000       0.0000       0.0000       0.9299       3.1234       9.7057       4.2799       1.8057    -265.6202      -1.2381     155.0572     -92.8864
     117       6.7411      13.6186       6.6343       1.6193    -275.0821      -0.7653      47.1091    -200.1250       0.5673       4.2248       0.0000       0.0000       0.0000       0.0000       0.0000       4.7921       6.1739       9.3938       6.6343       1.6193    -275.0821      -1.0016     160.1162     -92.1461
     118       4.1015      11.5679       5.5858       2.1067    -272.6645       3.0750      42.9557    -203.2719       0.2117       2.5820       0.0000       0.0000       0.0000       0.0000       0.0000       2.7937       3.8898       8.9859       5.5858       2.1067    -272.6645      -1.1547     159.8927     -93.3583
     119       2.7503       9.5404       3.1776       2.4194    -267.5384       2.2981      38.4018    -208.9508       0.0033       0.9975       0.0000       0.0000       0.0000       0.0000       0.0000       1.0008       2.7470       8.5429       3.1776       2.4194    -267.5384      -1.2120     154.3983     -97.4652
     120       9.9408      14.6220       4.9842       1.6194    -278.6859      -1.1789      53.2184    -195.4802       0.2962       1.0498       0.0000       0.0000       0.0000       0.0000       0.0000       1.3460       9.6446      13.5722       4.9842       1.6194    -278.6859      -1.1020     162.9196     -87.0481
     121       6.5639      13.3645       4.2611       1.7115    -269.0711      -0.1328      64.6771    -178.6260       2.3744       1.6275       0.0000       0.0000       0.0000       0.0000       0.0000       4.0019       4.1895      11.7370       4.2611       1.7115    -269.0711      -1.0929     157.7105     -90.5544
     122       6.5385      14.7164       4.8347       1.4612    -273.3531      -1.7122      69.7043    -177.8102       1.2069       3.3457       0.0000       0.0000       0.0000       0.0000       0.0000       4.5526       5.3316      11.3707       4.8347       1.4612    -273.3531      -1.5769     160.2799     -91.6519
     123       8.5957      15.9175       7.5368       2.5926    -271.8543       1.9726      60.9152    -174.3239       1.8021       2.0983       0.0000       0.0000       0.0000       0.0000       0.0000       3.9004       6.7936      13.8192       7.5368       2.5926    -271.8543      -1.5117     157.4717     -85.1521
     124      10.8857       9.5629       5.5654       2.3744    -269.1272       0.8505      56.3596    -183.5287       2.2519       2.4691       0.0000       0.0000       0.0000       0.0000       0.0000       4.7210       8.6339       7.0938       5.5654       2.3744    -269.1272      -1.0814     156.6243     -89.9168
     125       6.1886       8.9837       4.1046       3.0689    -269.6227      -1.4792      59.6623    -189.0938       0.4021       0.7233       0.0000       0.0000       0.0000       0.0000       0.0000       1.1255       5.7864       8.2604       4.1046       3.0689    -269.6227      -0.9176     156.8719     -92.4481
     126       3.3496       9.6829       3.8965       2.5884    -272.2600       0.7736      49.0344    -202.9345       0.2612       2.9624       0.0000       0.0000       0.0000       0.0000       0.0000       3.2236       3.0884       6.7205       3.8965       2.5884    -272.2600      -1.0263     159.7296     -97.2628
