#Frame     e_ab[bond]  e_ab[angle]    e_ab[dih]  e_ab[vdw14] e_ab[elec14]    e_ab[vdw]   e_ab[elec]  e_ab[total]    e_a[bond]   e_a[angle]     e_a[dih]   e_a[vdw14]  e_a[elec14]     e_a[vdw]    e_a[elec]   e_a[total]    e_b[bond]   e_b[angle]     e_b[dih]   e_b[vdw14]  e_b[elec14]     e_b[vdw]    e_b[elec]   e_b[total]
       1       6.0185      24.8725      12.7668       5.4012    -543.4990       3.2572     136.6549    -354.5279       0.1844       3.3695       0.0000       0.0000       0.0000       0.0000       0.0000       3.5539       5.8341      21.5030      12.7668       5.4012    -543.4990      -2.7797     383.6246    -117.1490
       2      13.0956      23.3764       9.6488       3.0221    -546.4867       7.5987     130.2526    -359.4925       0.4272       3.3581       0.0000       0.0000       0.0000       0.0000       0.0000       3.7853      12.6684      20.0183       9.6488       3.0221    -546.4867      -3.4743     385.9610    -118.6422
       3       5.5066      21.4267      10.8289       4.1238    -532.1957       0.5702     127.8023    -361.9371       0.0737       5.0921       0.0000       0.0000       0.0000       0.0000       0.0000       5.1659       5.4329      16.3345      10.8289       4.1238    -532.1957      -4.4725     376.1729    -123.7751
       4      14.4575      29.7373       9.4335       4.6809    -558.4107       2.8346     146.9541    -350.3130       0.1159       4.7075       0.0000       0.0000       0.0000       0.0000       0.0000       4.8233      14.3416      25.0298       9.4335       4.6809    -558.4107      -3.4344     394.1238    -114.2356
       5      12.0589      29.6582       8.9591       3.8909    -556.9516       7.4128     141.7494    -353.2223       0.4620       1.1802       0.0000       0.0000       0.0000       0.0000       0.0000       1.6423      11.5968      28.4780       8.9591       3.8909    -556.9516      -3.2456     396.4587    -110.8137
       6      10.8554      23.7478      13.7660       4.1122    -540.5037      -0.5859     140.4290    -348.1793       1.0776       2.7425       0.0000       0.0000       0.0000       0.0000       0.0000       3.8201       9.7778      21.0053      13.7660       4.1122    -540.5037      -3.7704     383.9866    -111.6263
       7      11.0305      31.1012       9.3054       3.4914    -538.9393       5.4575     137.5616    -340.9916       0.2132       3.9243       0.0000       0.0000       0.0000       0.0000       0.0000       4.1376      10.8173      27.1769       9.3054       3.4914    -538.9393      -2.0940     382.1241    -108.1182
       8      13.5850      26.3407       9.3090       4.9181    -545.6733       1.8928     141.2779    -348.3498       1.6980       4.4328       0.0000       0.0000       0.0000       0.0000       0.0000       6.1308      11.8870      21.9079       9.3090       4.9181    -545.6733      -2.7844     389.6514    -110.7842
       9      13.9718      23.3057       9.7207       5.1189    -547.5154       3.8539     141.0273    -350.5172       0.6712       1.3417       0.0000       0.0000       0.0000       0.0000       0.0000       2.0129      13.3006      21.9640       9.7207       5.1189    -547.5154      -3.0187     384.5892    -115.8408
      10       9.2179      26.0602      15.3747       3.2013    -536.5505       3.5582     129.6237    -349.5146       0.3424       3.8096       0.0000       0.0000       0.0000       0.0000       0.0000       4.1520       8.8755      22.2505      15.3747       3.2013    -536.5505      -4.5447     387.9962    -103.3969
      11      10.5438      25.8390      10.7449       3.0448    -536.8104       4.8344     131.1669    -350.6366       0.1688       3.7815       0.0000       0.0000       0.0000       0.0000       0.0000       3.9503      10.3751      22.0575      10.7449       3.0448    -536.8104      -3.9238     380.5164    -113.9955
      12      12.4464      29.2490       9.2112       3.9130    -550.2428       1.8754     134.0051    -359.5426       1.4974       6.5963       0.0000       0.0000       0.0000       0.0000       0.0000       8.0937      10.9491      22.6527       9.2112       3.9130    -550.2428      -3.5952     392.3984    -114.7137
      13      18.1619      24.0982       7.5028       3.1841    -549.7126       0.6740     138.1668    -357.9247       1.0076       3.1069       0.0000       0.0000       0.0000       0.0000       0.0000       4.1144      17.1543      20.9913       7.5028       3.1841    -549.7126      -4.5416     391.1571    -114.2645
      14      12.2440      26.5071       7.0516       4.0601    -545.3351       2.1882     146.8634    -346.4207       1.0384       2.7843       0.0000       0.0000       0.0000       0.0000       0.0000       3.8226      11.2057      23.7229       7.0516       4.0601    -545.3351      -2.9944     386.8894    -115.3999
      15      17.5036      23.1920       9.2673       4.8918    -538.3982       6.1085     128.9415    -348.4936       0.4692       3.6996       0.0000       0.0000       0.0000       0.0000       0.0000       4.1688      17.0344      19.4924       9.2673       4.8918    -538.3982      -1.8158     384.9727    -104.5554
      16       7.8257      26.1867       9.9182       4.0092    -547.0327      -0.3037     144.0994    -355.2971       0.3946       3.5167       0.0000       0.0000       0.0000       0.0000       0.0000       3.9113       7.4311      22.6700       9.9182       4.0092    -547.0327      -3.4270     391.6219    -114.8092
      17      16.5512      27.1136       7.6044       2.4432    -548.4828       0.1634     137.5867    -357.0203       0.9788       4.5712       0.0000       0.0000       0.0000       0.0000       0.0000       5.5500      15.5723      22.5424       7.6044       2.4432    -548.4828      -3.3256     385.5586    -118.0874
      18      10.0537      20.9137      10.6753       2.9686    -544.8213       0.9100     144.2328    -355.0673       0.2207       1.6656       0.0000       0.0000       0.0000       0.0000       0.0000       1.8862       9.8330      19.2481      10.6753       2.9686    -544.8213      -2.9896     388.4831    -116.6029
      19      11.0307      21.9554       8.5323       4.1162    -545.1640       1.5925     142.0112    -355.9257       0.8400       1.0182       0.0000       0.0000       0.0000       0.0000       0.0000       1.8582      10.1907      20.9372       8.5323       4.1162    -545.1640      -3.8125     386.5587    -118.6414
      20      12.7734      22.5791       9.5312       4.9090    -541.9820       8.7616     141.9582    -341.4696       0.4957       2.6597       0.0000       0.0000       0.0000       0.0000       0.0000       3.1554      12.2777      19.9194       9.5312       4.9090    -541.9820      -2.2425     387.1482    -110.4391
      21      11.3189      29.8803      10.5851       2.6048    -537.9330       0.8161     144.7018    -338.0260       1.1530       6.4043       0.0000       0.0000       0.0000       0.0000       0.0000       7.5573      10.1659      23.4760      10.5851       2.6048    -537.9330      -2.5364     392.6419    -100.9957
      22      13.2619      24.4640       8.1572       4.9903    -546.2900       4.3276     137.2449    -353.8441       0.2259       4.3626       0.0000       0.0000       0.0000       0.0000       0.0000       4.5885      13.0360      20.1014       8.1572       4.9903    -546.2900      -2.8701     389.9775    -112.8975
      23      10.3941      25.4206      13.0765       4.3488    -542.4117       3.2813     133.4667    -352.4237       0.7432       2.3161       0.0000       0.0000       0.0000       0.0000       0.0000       3.0592       9.6509      23.1046      13.0765       4.3488    -542.4117      -3.6314     389.7054    -106.1569
      24       7.5473      21.1657       9.1393       4.1524    -533.3504       1.9661     132.2968    -357.0829       0.1673       0.9781       0.0000       0.0000       0.0000       0.0000       0.0000       1.1454       7.3800      20.1876       9.1393       4.1524    -533.3504      -3.6011     376.8368    -119.2554
      25       7.2733      27.6802      10.0783       4.1955    -535.1651       5.7707     134.2281    -345.9390       1.1272       2.9869       0.0000       0.0000       0.0000       0.0000       0.0000       4.1141       6.1461      24.6933      10.0783       4.1955    -535.1651      -3.5128     377.5995    -115.9653
      26      13.1617      24.0210      11.3670       4.4440    -543.1582       1.5726     141.1681    -347.4238       0.0029       0.2163       0.0000       0.0000       0.0000       0.0000       0.0000       0.2192      13.1589      23.8047      11.3670       4.4440    -543.1582      -3.9139     384.9552    -109.3424
      27      12.2422      30.5406       8.3388       6.8409    -552.2009       6.1756     140.8750    -347.1876       1.6130       5.4357       0.0000       0.0000       0.0000       0.0000       0.0000       7.0487      10.6292      25.1050       8.3388       6.8409    -552.2009      -1.3060     389.4411    -113.1518
      28       6.6432      24.4717      11.7630       4.1517    -544.5064       4.5344     139.5104    -353.4320       0.1318       0.3036       0.0000       0.0000       0.0000       0.0000       0.0000       0.4354       6.5113      24.1681      11.7630       4.1517    -544.5064      -4.7254     387.4444    -115.1933
      29      11.7789      23.0644       9.5995       4.7794    -547.2675       4.1743     153.9127    -339.9582       1.4162       2.0977       0.0000       0.0000       0.0000       0.0000       0.0000       3.5140      10.3627      20.9667       9.5995       4.7794    -547.2675      -4.1839     397.7894    -107.9538
      30       6.3163      24.8768      10.2242       2.8323    -542.3182       5.1070     139.8544    -353.1072       0.4487       2.1760       0.0000       0.0000       0.0000       0.0000       0.0000       2.6247       5.8676      22.7008      10.2242       2.8323    -542.3182      -3.5137     389.3565    -114.8504
      31      10.3221      27.1189      16.5539       4.5973    -544.7623       5.4586     134.8782    -345.8333       0.0123       1.9862       0.0000       0.0000       0.0000       0.0000       0.0000       1.9985      10.3098      25.1327      16.5539       4.5973    -544.7623      -4.4437     383.8014    -108.8109
      32      13.5442      25.1992      10.1297       4.2486    -550.7404       9.4577     133.5354    -354.6256       0.2799       2.7520       0.0000       0.0000       0.0000       0.0000       0.0000       3.0319      13.2643      22.4472      10.1297       4.2486    -550.7404      -4.5438     393.8732    -111.3213
      33      12.0995      20.8780      12.9988       5.0041    -548.3203       3.7860     138.4042    -355.1498       0.5246       1.7193       0.0000       0.0000       0.0000       0.0000       0.0000       2.2439      11.5749      19.1587      12.9988       5.0041    -548.3203      -2.6018     386.0876    -116.0980
      34      11.2646      23.6489      10.9398       4.8113    -542.7517       1.9921     131.6688    -358.4261       0.7030       3.3824       0.0000       0.0000       0.0000       0.0000       0.0000       4.0854      10.5616      20.2665      10.9398       4.8113    -542.7517      -4.5059     381.1432    -119.5351
      35       9.5603      25.4336      11.2703       4.5664    -537.2088       6.9960     122.9597    -356.4225       0.8204       5.7279       0.0000       0.0000       0.0000       0.0000       0.0000       6.5483       8.7399      19.7058      11.2703       4.5664    -537.2088      -3.6389     379.3034    -117.2620
      36      12.5645      21.9398       8.2780       2.6514    -546.6346       6.2445     130.0789    -364.8775       0.0351       2.5399       0.0000       0.0000       0.0000       0.0000       0.0000       2.5750      12.5293      19.4000       8.2780       2.6514    -546.6346      -4.3588     384.0266    -124.1081
      37       8.9268      24.8297       8.6071       5.8067    -545.3012       6.1274     131.5722    -359.4312       0.1931       2.6466       0.0000       0.0000       0.0000       0.0000       0.0000       2.8397       8.7337      22.1831       8.6071       5.8067    -545.3012      -3.9597     385.3875    -118.5427
      38      15.0262      26.1261      12.3001       4.8720    -540.0758      -0.0836     132.2471    -349.5878       0.4515       2.1880       0.0000       0.0000       0.0000       0.0000       0.0000       2.6395      14.5748      23.9381      12.3001       4.8720    -540.0758      -3.1891     376.2862    -111.2937
      39       8.9204      22.6396       8.5038       3.9957    -543.6506       2.8346     138.2891    -358.4675       0.1559       5.2801       0.0000       0.0000       0.0000       0.0000       0.0000       5.4361       8.7644      17.3594       8.5038       3.9957    -543.6506      -0.9560     384.8389    -121.1443
      40      15.6937      26.5575       8.1394       4.4262    -546.6913       3.5414     142.8226    -345.5105       2.0043       0.7563       0.0000       0.0000       0.0000       0.0000       0.0000       2.7607      13.6894      25.8011       8.1394       4.4262    -546.6913      -3.3568     390.1082    -107.8838
      41       9.1930      31.3676      11.1694       6.6708    -543.6754       9.2936     133.9863    -341.9947       0.0036       2.2951       0.0000       0.0000       0.0000       0.0000       0.0000       2.2987       9.1894      29.0724      11.1694       6.6708    -543.6754      -3.4043     386.9467    -104.0310
      42      14.4409      18.7170      11.5063       4.5671    -542.2122       0.1344     142.5309    -350.3155       0.0530       2.3294       0.0000       0.0000       0.0000       0.0000       0.0000       2.3825      14.3878      16.3876      11.5063       4.5671    -542.2122      -3.3137     381.0942    -117.5829
      43      14.6111      23.2065      10.8807       3.5108    -548.1525       0.2726     148.1450    -347.5257       0.3916       2.5354       0.0000       0.0000       0.0000       0.0000       0.0000       2.9270      14.2196      20.6711      10.8807       3.5108    -548.1525      -3.5406     387.7181    -114.6928
      44      11.4617      22.4110       8.6220       5.6300    -544.4267       0.9114     138.8273    -356.5632       1.0222       1.2424       0.0000       0.0000       0.0000       0.0000       0.0000       2.2646      10.4395      21.1686       8.6220       5.6300    -544.4267      -2.8359     388.5359    -112.8665
      45      11.0966      27.8819      13.3542       3.2726    -542.8097       0.3993     137.0743    -349.7308       0.3939       2.2378       0.0000       0.0000       0.0000       0.0000       0.0000       2.6317      10.7027      25.6441      13.3542       3.2726    -542.8097      -4.2628     390.1125    -103.9864
      46      12.8545      27.1289       8.2165       2.9698    -550.8973       6.3806     137.2401    -356.1070       0.2508       3.6324       0.0000       0.0000       0.0000       0.0000       0.0000       3.8832      12.6037      23.4964       8.2165       2.9698    -550.8973      -2.3657     394.1351    -111.8415
      47       7.5281      25.9885      10.3784       4.0759    -542.7029       7.3506     132.3094    -355.0720       0.1239       0.7885       0.0000       0.0000       0.0000       0.0000       0.0000       0.9123       7.4042      25.2000      10.3784       4.0759    -542.7029      -3.6920     382.7559    -116.5805
      48      13.6236      29.2213      11.9374       4.5689    -549.8956       0.9584     135.8232    -353.7627       0.5777       2.9486       0.0000       0.0000       0.0000       0.0000       0.0000       3.5262      13.0460      26.2727      11.9374       4.5689    -549.8956      -3.7492     384.4986    -113.3212
      49       6.5920      18.5952       8.6032       3.9266    -529.6019       0.1951     135.6286    -356.0612       0.4966       0.2186       0.0000       0.0000       0.0000       0.0000       0.0000       0.7151       6.0954      18.3767       8.6032       3.9266    -529.6019      -3.3366     372.9466    -122.9901
      50      13.6990      28.6392      12.2533       3.8917    -549.0791       2.6403     138.8305    -349.1251       1.6586       3.1513       0.0000       0.0000       0.0000       0.0000       0.0000       4.8099      12.0405      25.4879      12.2533       3.8917    -549.0791      -2.9022     377.8558    -120.4523
      51      10.3154      22.7722      10.5211       2.6976    -542.0033       1.8509     140.5325    -353.3137       0.3629       2.7106       0.0000       0.0000       0.0000       0.0000       0.0000       3.0735       9.9525      20.0616      10.5211       2.6976    -542.0033      -4.3277     385.0088    -118.0894
      52      11.5505      24.4101       8.9782       4.2902    -542.9553       9.5460     126.0575    -358.1227       0.2483       3.8530       0.0000       0.0000       0.0000       0.0000       0.0000       4.1013      11.3022      20.5571       8.9782       4.2902    -542.9553      -5.1645     390.6609    -112.3310
      53      15.2106      23.8908       7.7309       3.5013    -550.9274       6.7065     140.9899    -352.8974       0.1317       1.6740       0.0000       0.0000       0.0000       0.0000       0.0000       1.8057      15.0789      22.2168       7.7309       3.5013    -550.9274      -4.3827     393.1205    -113.6617
      54      15.4245      25.3773       9.3625       3.0910    -544.3239      -0.3058     146.0715    -345.3030       0.0148       5.1751       0.0000       0.0000       0.0000       0.0000       0.0000       5.1899      15.4097      20.2021       9.3625       3.0910    -544.3239      -3.2442     382.4140    -117.0888
      55      10.2949      22.7685      10.1150       3.3555    -542.6114       4.8137     134.7349    -356.5288       0.0468       1.1627       0.0000       0.0000       0.0000       0.0000       0.0000       1.2094      10.2482      21.6059      10.1150       3.3555    -542.6114      -3.8501     384.1741    -116.9629
      56      12.0628      34.3244      10.4729       2.9064    -543.1410      -1.5085     140.8159    -344.0671       1.4205       2.5925       0.0000       0.0000       0.0000       0.0000       0.0000       4.0131      10.6423      31.7319      10.4729       2.9064    -543.1410      -3.3059     383.1915    -107.5020
      57      15.0836      23.4503       9.2134       2.4918    -541.9392       2.8328     136.6507    -352.2166       0.4245       2.3384       0.0000       0.0000       0.0000       0.0000       0.0000       2.7629      14.6591      21.1119       9.2134       2.4918    -541.9392      -4.3647     384.9721    -113.8557
      58       9.5097      31.2314      10.2470       3.1453    -544.4091       0.8856     140.9083    -348.4817       0.6583       2.5815       0.0000       0.0000       0.0000       0.0000       0.0000       3.2398       8.8514      28.6500      10.2470       3.1453    -544.4091      -4.8809     388.7681    -109.6282
      59       7.7338      20.7608       8.0480       4.9595    -547.0453       0.1625     146.4105    -358.9700       0.2352       1.7308       0.0000       0.0000       0.0000       0.0000       0.0000       1.9660       7.4986      19.0301       8.0480       4.9595    -547.0453      -3.3410     389.4715    -121.3786
      60       9.7369      14.9062       5.9389       4.8615    -539.9734       2.7599     136.6182    -365.1518       0.1703       0.3927       0.0000       0.0000       0.0000       0.0000       0.0000       0.5629       9.5667      14.5135       5.9389       4.8615    -539.9734      -3.5082     382.6793    -125.9217
      61      17.7260      29.9192      20.0417       3.9752    -547.9709       1.4967     134.2303    -340.5818       0.6593       6.0191       0.0000       0.0000       0.0000       0.0000       0.0000       6.6784      17.0667      23.9001      20.0417       3.9752    -547.9709      -3.0188     387.2797     -98.7264
      62      11.7355      29.8580      11.7937       3.8336    -544.4128       8.4930     126.4624    -352.2366       0.3980       5.6882       0.0000       0.0000       0.0000       0.0000       0.0000       6.0862      11.3375      24.1698      11.7937       3.8336    -544.4128      -3.5713     383.0487    -113.8009
      63       9.9930      17.9403      14.9918       6.0878    -540.4981       8.4659     127.2039    -355.8154       0.4925       1.9650       0.0000       0.0000       0.0000       0.0000       0.0000       2.4575       9.5005      15.9754      14.9918       6.0878    -540.4981      -4.3228     389.4591    -108.8064
      64      11.6512      30.6808       7.7170       4.4271    -545.2083       6.6150     137.2414    -346.8759       0.6206       2.4346       0.0000       0.0000       0.0000       0.0000       0.0000       3.0552      11.0306      28.2462       7.7170       4.4271    -545.2083      -1.3259     385.0938    -110.0196
      65      11.9243      26.1811      13.6064       4.5583    -547.1798       0.1167     138.3978    -352.3950       0.8589       3.7589       0.0000       0.0000       0.0000       0.0000       0.0000       4.6178      11.0655      22.4222      13.6064       4.5583    -547.1798      -3.6786     386.0073    -113.1986
      66      13.5113      28.9345      10.7629       7.6904    -553.9197       4.2892     140.4073    -348.3240       0.2873       2.2324       0.0000       0.0000       0.0000       0.0000       0.0000       2.5197      13.2240      26.7021      10.7629       7.6904    -553.9197      -3.3892     393.3381    -105.5914
      67      12.4716      28.0893      11.3351       2.9657    -539.3383      -2.1552     140.3086    -346.3233       0.7205       3.5737       0.0000       0.0000       0.0000       0.0000       0.0000       4.2941      11.7511      24.5156      11.3351       2.9657    -539.3383      -3.9484     385.0564    -107.6628
      68       9.0669      22.9055      10.0746       2.9629    -538.8827       2.2881     143.3376    -348.2472       0.2235       2.4664       0.0000       0.0000       0.0000       0.0000       0.0000       2.6899       8.8434      20.4391      10.0746       2.9629    -538.8827      -3.2018     381.5367    -118.2279
      69       7.6691      22.4118      13.6513       3.8706    -536.8054       7.4622     134.2778    -347.4625       0.9617       1.0372       0.0000       0.0000       0.0000       0.0000       0.0000       1.9989       6.7074      21.3746      13.6513       3.8706    -536.8054      -2.5314     379.2430    -114.4899
      70       9.8507      22.8907      11.6953       5.0109    -535.8776       5.0286     129.9466    -351.4548       0.2497       1.7045       0.0000       0.0000       0.0000       0.0000       0.0000       1.9542       9.6010      21.1863      11.6953       5.0109    -535.8776      -4.6326     381.7381    -111.2786
      71       9.5890      23.5233       8.7317       5.2204    -537.3367      -0.3847     140.3618    -350.2952       0.2932       1.8207       0.0000       0.0000       0.0000       0.0000       0.0000       2.1139       9.2958      21.7027       8.7317       5.2204    -537.3367      -3.3172     377.1980    -118.5054
      72      10.7632      22.6407      11.8298       7.1493    -541.7945       5.4854     142.1609    -341.7650       0.5118       2.1532       0.0000       0.0000       0.0000       0.0000       0.0000       2.6650      10.2515      20.4875      11.8298       7.1493    -541.7945      -1.5695     385.3837    -108.2622
      73      12.5669      32.8631       9.8417       4.2178    -544.9924       3.5644     145.7383    -336.2004       0.7246       2.0535       0.0000       0.0000       0.0000       0.0000       0.0000       2.7781      11.8423      30.8095       9.8417       4.2178    -544.9924      -3.0885     387.2298    -104.1398
      74      10.5498      30.3172       9.2180       4.5640    -543.2425       4.7618     140.3479    -343.4838       0.0318       2.1498       0.0000       0.0000       0.0000       0.0000       0.0000       2.1817      10.5180      28.1673       9.2180       4.5640    -543.2425      -2.7038     386.7278    -106.7512
      75       9.0072      31.1792      11.2166       3.4912    -535.6232       6.1896     116.0493    -358.4902       0.5180       8.0014       0.0000       0.0000       0.0000       0.0000       0.0000       8.5193       8.4892      23.1778      11.2166       3.4912    -535.6232      -4.4491     380.9298    -112.7677
      76      10.5497      21.4967      12.5965       3.1095    -542.0839      -0.6645     143.3049    -351.6910       0.4441       0.9797       0.0000       0.0000       0.0000       0.0000       0.0000       1.4239      10.1056      20.5170      12.5965       3.1095    -542.0839      -3.6337     381.9588    -117.4302
      77       9.7490      21.3568       9.8495       3.8322    -536.7092       8.7551     121.9364    -361.2303       0.3351       0.7341       0.0000       0.0000       0.0000       0.0000       0.0000       1.0693       9.4138      20.6227       9.8495       3.8322    -536.7092      -3.7496     374.7308    -122.0099
      78      20.0225      28.2095       8.4277       3.8880    -547.2381      -0.4607     149.1698    -337.9812       0.1004       1.5192       0.0000       0.0000       0.0000       0.0000       0.0000       1.6196      19.9221      26.6903       8.4277       3.8880    -547.2381      -3.6196     384.7320    -107.1975
      79      15.2425      27.3575      14.2034       3.7844    -548.7587       7.5779     133.8162    -346.7768       1.1739       2.3947       0.0000       0.0000       0.0000       0.0000       0.0000       3.5686      14.0686      24.9628      14.2034       3.7844    -548.7587      -1.3699     384.9399    -108.1694
      80      15.5667      26.1883       9.3988       5.9980    -544.4438       7.7968     133.8790    -345.6161       0.7025       3.1899       0.0000       0.0000       0.0000       0.0000       0.0000       3.8924      14.8642      22.9984       9.3988       5.9980    -544.4438      -2.2150     387.0362    -106.3631
      81      10.0357      23.6080      13.1843       5.2560    -543.8061       5.0085     132.7623    -353.9512       0.6204       5.2751       0.0000       0.0000       0.0000       0.0000       0.0000       5.8955       9.4153      18.3328      13.1843       5.2560    -543.8061      -2.6835     385.4681    -114.8330
      82      12.6529      22.9601      13.6854       3.3218    -541.9819       5.0195     139.0175    -345.3248       0.1243       3.4294       0.0000       0.0000       0.0000       0.0000       0.0000       3.5537      12.5286      19.5307      13.6854       3.3218    -541.9819      -1.5892     383.3207    -111.1840
      83      14.0781      20.8523       8.5328       4.3619    -543.5196       1.3338     135.4917    -358.8691       0.0212       2.3337       0.0000       0.0000       0.0000       0.0000       0.0000       2.3549      14.0569      18.5186       8.5328       4.3619    -543.5196      -3.0849     383.0492    -118.0851
      84      14.2235      21.9235      11.7621       5.7144    -550.5346       6.7551     148.9199    -341.2360       1.0313       1.5319       0.0000       0.0000       0.0000       0.0000       0.0000       2.5632      13.1922      20.3917      11.7621       5.7144    -550.5346      -2.6113     389.3661    -112.7194
      85      12.0557      26.9361      10.9348       4.1059    -544.7185       0.3057     154.0879    -336.2925       0.3312       3.1339       0.0000       0.0000       0.0000       0.0000       0.0000       3.4651      11.7245      23.8022      10.9348       4.1059    -544.7185      -3.3555     382.0970    -115.4097
      86       9.5931      30.1581      11.5202       4.6979    -543.4157       2.1952     144.9009    -340.3504       1.0385       1.5329       0.0000       0.0000       0.0000       0.0000       0.0000       2.5714       8.5546      28.6252      11.5202       4.6979    -543.4157      -2.3841     383.9772    -108.4247
      87      13.6053      31.1332       8.7712       3.5924    -549.1044      -0.0960     148.6401    -343.4583       0.1522       1.2880       0.0000       0.0000       0.0000       0.0000       0.0000       1.4402      13.4531      29.8452       8.7712       3.5924    -549.1044      -3.4744     386.8217    -110.0953
      88      14.0436      27.7034      11.4805       5.7034    -543.2533      -0.1717     138.2117    -346.2823       1.7706       2.9941       0.0000       0.0000       0.0000       0.0000       0.0000       4.7647      12.2730      24.7093      11.4805       5.7034    -543.2533      -4.8148     387.1601    -106.7418
      89      11.6169      20.0578      11.1131       4.1041    -542.6263       2.5877     137.2594    -355.8874       0.5152       1.0607       0.0000       0.0000       0.0000       0.0000       0.0000       1.5758      11.1017      18.9972      11.1131       4.1041    -542.6263      -3.9188     386.6607    -114.5683
      90      15.1239      20.6253       9.0840       4.4493    -542.3573       1.5157     139.5549    -352.0041       1.5264       2.5740       0.0000       0.0000       0.0000       0.0000       0.0000       4.1005      13.5975      18.0512       9.0840       4.4493    -542.3573      -3.3038     388.7098    -111.7693
      91      11.9237      24.4250       7.7989       3.2209    -550.4113       1.7283     139.3269    -361.9876       0.3955       0.5375       0.0000       0.0000       0.0000       0.0000       0.0000       0.9330      11.5282      23.8875       7.7989       3.2209    -550.4113      -4.4279     388.1197    -120.2839
      92      10.9789      26.7779      12.0573       4.3364    -550.1962       2.6440     138.4831    -354.9188       0.3904       2.3551       0.0000       0.0000       0.0000       0.0000       0.0000       2.7456      10.5884      24.4227      12.0573       4.3364    -550.1962      -4.5032     391.4865    -111.8082
      93      15.0210      24.9174       7.4668       3.2376    -539.3461       0.9022     129.8930    -357.9080       0.0437       6.1037       0.0000       0.0000       0.0000       0.0000       0.0000       6.1474      14.9773      18.8137       7.4668       3.2376    -539.3461      -3.2523     378.2313    -119.8716
      94      17.4737      27.8993       8.2284       3.1591    -549.8382       4.4973     134.0329    -354.5475       0.3873       4.7631       0.0000       0.0000       0.0000       0.0000       0.0000       5.1504      17.0864      23.1362       8.2284       3.1591    -549.8382      -4.5548     388.9534    -113.8294
      95      12.3040      28.4046      12.6507       4.0567    -551.4050       0.2037     149.9109    -343.8744       0.3109       2.2303       0.0000       0.0000       0.0000       0.0000       0.0000       2.5412      11.9931      26.1743      12.6507       4.0567    -551.4050      -3.5190     389.7536    -110.2955
      96      11.9798      24.3537       9.3226       2.8259    -539.4005       2.0032     140.3529    -348.5624       0.1811       4.7892       0.0000       0.0000       0.0000       0.0000       0.0000       4.9703      11.7987      19.5645       9.3226       2.8259    -539.4005      -2.4082     382.2576    -116.0394
      97       9.6772      22.9495      11.3144       3.9920    -542.9889       4.1610     143.3068    -347.5880       1.1732       3.6885       0.0000       0.0000       0.0000       0.0000       0.0000       4.8617       8.5040      19.2610      11.3144       3.9920    -542.9889      -3.0700     387.7370    -115.2505
      98      10.1304      25.5684      13.4118       3.9881    -542.5760       3.6183     134.4887    -351.3701       3.1733       3.1386       0.0000       0.0000       0.0000       0.0000       0.0000       6.3120       6.9571      22.4298      13.4118       3.9881    -542.5760      -3.2170     383.9577    -115.0485
      99      12.3158      27.3356       8.4905       4.3625    -544.3123       2.5060     138.4625    -350.8393       1.5394       2.0563       0.0000       0.0000       0.0000       0.0000       0.0000       3.5957      10.7764      25.2793       8.4905       4.3625    -544.3123      -3.9509     387.2828    -112.0716
     100      17.6849      23.7399      12.5910       4.2443    -553.0753       3.5557     139.3647    -351.8948       1.9089       4.4316       0.0000       0.0000       0.0000       0.0000       0.0000       6.3405      15.7760      19.3083      12.5910       4.2443    -553.0753      -3.8510     385.7547    -119.2519
     101      10.2065      20.1664      14.5545       5.4235    -538.1973      -0.6138     147.7822    -340.6780       0.5872       0.1054       0.0000       0.0000       0.0000       0.0000       0.0000       0.6926       9.6193      20.0609      14.5545       5.4235    -538.1973      -2.7391     378.0471    -113.2311
     102      11.2369      20.8273      10.8124       5.2302    -535.0492       0.8635     142.1616    -343.9173       1.1188       1.1201       0.0000       0.0000       0.0000       0.0000       0.0000       2.2389      10.1181      19.7073      10.8124       5.2302    -535.0492      -3.7850     380.9203    -112.0460
     103      11.6403      24.7069      11.2436       4.8575    -541.3360       5.9074     133.6167    -349.3636       0.5040       1.2857       0.0000       0.0000       0.0000       0.0000       0.0000       1.7897      11.1363      23.4212      11.2436       4.8575    -541.3360      -1.2014     385.2795    -106.5994
     104      10.7954      26.6832       9.2242       5.8742    -539.9976       6.7170     123.0610    -357.6426       0.0277       5.8212       0.0000       0.0000       0.0000       0.0000       0.0000       5.8489      10.7677      20.8620       9.2242       5.8742    -539.9976      -1.5409     384.4001    -110.4103
     105      11.5409      28.9864      10.2038       4.0634    -540.0890       4.4830     125.7001    -355.1114       0.2728       6.0520       0.0000       0.0000       0.0000       0.0000       0.0000       6.3248      11.2681      22.9344      10.2038       4.0634    -540.0890      -3.3818     381.7916    -113.2094
     106      16.5592      22.2800       9.0286       4.8618    -548.5198       5.8361     155.5465    -334.4076       1.3913       1.4677       0.0000       0.0000       0.0000       0.0000       0.0000       2.8590      15.1680      20.8122       9.0286       4.8618    -548.5198       2.2220     392.7633    -103.6639
     107      12.5679      27.8160      13.9315       5.0175    -550.5034       3.7567     143.1339    -344.2801       0.2858       3.3502       0.0000       0.0000       0.0000       0.0000       0.0000       3.6359      12.2821      24.4658      13.9315       5.0175    -550.5034      -3.3614     392.7074    -105.4606
     108      11.8152      21.2017       9.6317       4.7131    -535.2778       6.6038     132.0082    -349.3041       2.3792       1.3761       0.0000       0.0000       0.0000       0.0000       0.0000       3.7553       9.4360      19.8256       9.6317       4.7131    -535.2778      -3.3659     386.4239    -108.6134
     109       8.9764      27.2231      10.0996       6.0116    -543.2465       2.6632     136.0536    -352.2189       0.8752       2.9853       0.0000       0.0000       0.0000       0.0000       0.0000       3.8605       8.1013      24.2377      10.0996       6.0116    -543.2465      -3.6683     390.9930    -107.4715
     110      14.5840      19.9239      11.7537       5.6635    -540.1780       8.3871     130.2803    -349.5855       0.8625       1.3065       0.0000       0.0000       0.0000       0.0000       0.0000       2.1690      13.7215      18.6173      11.7537       5.6635    -540.1780      -2.8481     383.5663    -109.7038
     111      10.1178      24.5342      15.2126       5.4932    -543.6457      -0.5217     144.0533    -344.7563       0.8492       3.9729       0.0000       0.0000       0.0000       0.0000       0.0000       4.8221       9.2686      20.5613      15.2126       5.4932    -543.6457      -4.2831     382.0979    -115.2952
     112      12.6577      24.6300       8.5886       2.8752    -547.2078      -1.5542     150.5556    -349.4549       0.7823       3.2015       0.0000       0.0000       0.0000       0.0000       0.0000       3.9838      11.8754      21.4284       8.5886       2.8752    -547.2078      -4.5982     393.0696    -113.9687
     113       7.5860      17.3845      11.3699       4.6470    -536.9113       2.9930     131.4916    -361.4394       0.0424       1.1077       0.0000       0.0000       0.0000       0.0000       0.0000       1.1501       7.5436      16.2768      11.3699       4.6470    -536.9113      -4.4613     386.0704    -115.4650
     114       7.8813      28.1974      12.3711       4.5178    -547.1877       0.0377     158.2751    -335.9074       0.0122       0.8901       0.0000       0.0000       0.0000       0.0000       0.0000       0.9022       7.8691      27.3073      12.3711       4.5178    -547.1877      -4.1443     390.6434    -108.6232
     115      18.1119      25.7318      13.9769       4.7621    -547.6981       7.6693     136.2133    -341.2328       0.6492       3.0183       0.0000       0.0000       0.0000       0.0000       0.0000       3.6675      17.4627      22.7135      13.9769       4.7621    -547.6981      -2.9806     389.4594    -102.3041
     116      10.5259      25.4991      12.3449       5.7304    -537.5830       3.6301     125.8858    -353.9668       0.1151       1.8852       0.0000       0.0000       0.0000       0.0000       0.0000       2.0004      10.4107      23.6139      12.3449       5.7304    -537.5830      -3.6869     382.5289    -106.6409
     117      13.5103      27.3913      11.0674       5.0257    -550.7562       2.8817     143.3371    -347.5427       0.5701       4.2632       0.0000       0.0000       0.0000       0.0000       0.0000       4.8333      12.9402      23.1281      11.0674       5.0257    -550.7562      -1.1082     389.5421    -110.1611
     118      13.9952      25.5828      10.5311       4.4175    -548.7987       0.4656     147.5917    -346.2149       1.6325       1.4921       0.0000       0.0000       0.0000       0.0000       0.0000       3.1246      12.3627      24.0907      10.5311       4.4175    -548.7987      -3.9658     391.1370    -110.2255
     119      11.9618      21.0691      11.6338       5.2095    -554.3368      -0.4701     157.2205    -347.7122       0.2993       1.7800       0.0000       0.0000       0.0000       0.0000       0.0000       2.0793      11.6624      19.2891      11.6338       5.2095    -554.3368      -2.4753     397.0069    -112.0105
     120      10.8993      22.2177       8.8894       3.9250    -539.2384       0.8724     133.5899    -358.8448       0.8027       5.2778       0.0000       0.0000       0.0000       0.0000       0.0000       6.0805      10.0966      16.9399       8.8894       3.9250    -539.2384      -4.9332     383.0522    -121.2685
     121      13.2107      31.6861       9.9721       4.7653    -546.4597       0.4318     145.6936    -340.7001       0.0256       2.2809       0.0000       0.0000       0.0000       0.0000       0.0000       2.3066      13.1850      29.4052       9.9721       4.7653    -546.4597      -2.7003     388.6126    -103.2198
     122       7.4246      21.3629      10.7248       3.4801    -537.1935       2.4139     137.7906    -353.9966       1.3010       0.4804       0.0000       0.0000       0.0000       0.0000       0.0000       1.7814       6.1236      20.8825      10.7248       3.4801    -537.1935      -3.7884     382.3745    -117.3964
     123      11.2963      25.7835       7.8758       3.9807    -540.3637       3.1243     133.7365    -354.5667       0.4395       2.1979       0.0000       0.0000       0.0000       0.0000       0.0000       2.6374      10.8568      23.5855       7.8758       3.9807    -540.3637      -3.0040     384.7347    -112.3341
     124       8.1116      24.9424       9.3238       6.7122    -539.7953       9.0926     127.5220    -354.0907       0.7818       0.8025       0.0000       0.0000       0.0000       0.0000       0.0000       1.5843       7.3298      24.1399       9.3238       6.7122    -539.7953      -1.5348     383.8597    -109.9647
     125       8.9489      32.9018       9.7902       4.2746    -542.3659       2.5460     135.5400    -348.3643       0.3841       3.8703       0.0000       0.0000       0.0000       0.0000       0.0000       4.2544       8.5648      29.0315       9.7902       4.2746    -542.3659      -3.8561     392.2983    -102.2626
     126       7.0091      24.6779      13.1067       3.1895    -541.3401       2.6404     149.4634    -341.2530       0.0788       3.0957       0.0000       0.0000       0.0000       0.0000       0.0000       3.1746       6.9303      21.5822      13.1067       3.1895    -541.3401      -3.7164     394.1287    -106.1191
