#Frame     e_ab[bond]  e_ab[angle]    e_ab[dih]  e_ab[vdw14] e_ab[elec14]    e_ab[vdw]   e_ab[elec]  e_ab[total]    e_a[bond]   e_a[angle]     e_a[dih]   e_a[vdw14]  e_a[elec14]     e_a[vdw]    e_a[elec]   e_a[total]    e_b[bond]   e_b[angle]     e_b[dih]   e_b[vdw14]  e_b[elec14]     e_b[vdw]    e_b[elec]   e_b[total]
       1      15.0431      26.8373      11.0443       3.7761    -549.2361       9.7939     137.8492    -344.8923       0.5571       1.9978       0.0000       0.0000       0.0000       0.0000       0.0000       2.5548      14.4861      24.8395      11.0443       3.7761    -549.2361      -4.3798     386.0402    -113.4298
       2       7.7376      33.9049      16.2682       3.4119    -543.8469       3.9618     137.5136    -341.0489       0.5981       5.6670       0.0000       0.0000       0.0000       0.0000       0.0000       6.2651       7.1395      28.2379      16.2682       3.4119    -543.8469      -4.1358     384.4013    -108.5238
       3      13.4066      29.2218       9.7169       4.8108    -548.1763      -1.6862     153.4873    -339.2191       0.1926       1.7222       0.0000       0.0000       0.0000       0.0000       0.0000       1.9148      13.2140      27.4996       9.7169       4.8108    -548.1763      -4.5721     391.5473    -105.9599
       4      11.8112      29.4927      12.0301       4.1795    -556.8339      -0.0889     157.3465    -342.0629       0.2986       1.2764       0.0000       0.0000       0.0000       0.0000       0.0000       1.5750      11.5125      28.2163      12.0301       4.1795    -556.8339      -4.9153     397.5500    -108.2608
       5      24.2009      21.3230      10.2340       5.2600    -559.3943       3.0684     143.6223    -351.6858       0.6488       0.9649       0.0000       0.0000       0.0000       0.0000       0.0000       1.6137      23.5521      20.3581      10.2340       5.2600    -559.3943      -3.1898     392.0854    -111.0946
       6       7.3773      24.4451       8.8330       4.2409    -539.8535       2.8158     145.6894    -346.4519       0.4097       0.8728       0.0000       0.0000       0.0000       0.0000       0.0000       1.2826       6.9676      23.5723       8.8330       4.2409    -539.8535      -4.1783     391.5823    -108.8357
       7      10.9685      21.5576      10.8384       4.7302    -541.8789       0.5681     147.0291    -346.1870       0.1904       1.8064       0.0000       0.0000       0.0000       0.0000       0.0000       1.9968      10.7781      19.7512      10.8384       4.7302    -541.8789      -1.6173     385.5257    -111.8726
       8      10.4865      27.9700      11.0491       4.9119    -544.7249       0.2468     142.7982    -347.2624       0.3923       4.5558       0.0000       0.0000       0.0000       0.0000       0.0000       4.9481      10.0942      23.4142      11.0491       4.9119    -544.7249      -3.6648     389.3500    -109.5702
       9      11.4694      20.5727       8.0250       5.1934    -531.5266      -0.8509     143.9756    -343.1415       0.1076       3.7423       0.0000       0.0000       0.0000       0.0000       0.0000       3.8499      11.3618      16.8304       8.0250       5.1934    -531.5266      -2.9920     380.7433    -112.3647
      10       9.6940      22.6868      10.0110       4.3474    -542.3876       2.7481     135.0007    -357.8997       0.1587       3.2377       0.0000       0.0000       0.0000       0.0000       0.0000       3.3964       9.5353      19.4491      10.0110       4.3474    -542.3876      -3.8776     383.8262    -119.0963
      11       9.6463      27.1120      11.5552       3.6474    -536.7047       3.1131     139.6815    -341.9493       0.4264       2.7477       0.0000       0.0000       0.0000       0.0000       0.0000       3.1741       9.2199      24.3642      11.5552       3.6474    -536.7047      -4.3147     385.1535    -107.0792
      12      10.3080      21.4431      10.3327       4.6040    -540.9527       2.3638     145.9089    -345.9922       0.8001       0.9161       0.0000       0.0000       0.0000       0.0000       0.0000       1.7162       9.5078      20.5270      10.3327       4.6040    -540.9527      -2.0376     384.5026    -113.5162
      13       8.5876      23.2284       9.9436       5.3324    -537.5940      -2.0854     145.4935    -347.0940       0.8166       1.0775       0.0000       0.0000       0.0000       0.0000       0.0000       1.8941       7.7711      22.1508       9.9436       5.3324    -537.5940      -4.2387     381.8268    -114.8080
      14      13.1165      23.8011       8.8439       3.6136    -542.6129       1.4729     146.2338    -345.5312       0.4935       2.4818       0.0000       0.0000       0.0000       0.0000       0.0000       2.9753      12.6230      21.3193       8.8439       3.6136    -542.6129      -3.0626     387.4472    -111.8286
      15      16.2517      28.1512      11.0478       5.8843    -539.0675       0.7994     136.7744    -340.1587       0.1765       5.9070       0.0000       0.0000       0.0000       0.0000       0.0000       6.0835      16.0752      22.2442      11.0478       5.8843    -539.0675      -3.2563     378.1709    -108.9014
      16      10.4847      28.3669      10.3387       3.0203    -538.7878       6.4017     131.8756    -348.3000       0.6073       6.1417       0.0000       0.0000       0.0000       0.0000       0.0000       6.7490       9.8774      22.2252      10.3387       3.0203    -538.7878      -4.2574     382.8910    -114.6927
      17      17.7958      27.0320      11.0275       3.1705    -554.3376       0.0090     154.5177    -340.7850       0.5417       1.6719       0.0000       0.0000       0.0000       0.0000       0.0000       2.2136      17.2541      25.3602      11.0275       3.1705    -554.3376      -3.6749     387.8437    -113.3565
      18      15.0621      21.4062       9.1483       5.7925    -553.0967       3.0748     152.6634    -345.9494       0.7344       3.7181       0.0000       0.0000       0.0000       0.0000       0.0000       4.4525      14.3277      17.6881       9.1483       5.7925    -553.0967      -3.4139     392.8340    -116.7200
      19      14.1307      27.7226      13.3817       3.5788    -540.5228       1.8383     141.1235    -338.7473       0.3364       1.8917       0.0000       0.0000       0.0000       0.0000       0.0000       2.2281      13.7943      25.8309      13.3817       3.5788    -540.5228      -4.1225     383.8752    -104.1845
      20      13.4444      28.6079      10.6283       5.1530    -542.0842       7.3526     133.5020    -343.3961       0.6185       5.8471       0.0000       0.0000       0.0000       0.0000       0.0000       6.4656      12.8259      22.7608      10.6283       5.1530    -542.0842      -3.8953     388.9277    -105.6838
      21      13.8717      18.3345       9.8231       3.0467    -536.3140       3.4837     139.7701    -347.9842       0.2464       0.6024       0.0000       0.0000       0.0000       0.0000       0.0000       0.8488      13.6253      17.7321       9.8231       3.0467    -536.3140      -2.8184     378.6474    -116.2578
      22      11.5108      33.0058      12.8260       4.0551    -550.7626       2.7394     146.8508    -339.7747       0.8418       2.5802       0.0000       0.0000       0.0000       0.0000       0.0000       3.4220      10.6690      30.4256      12.8260       4.0551    -550.7626      -3.9729     391.9618    -104.7981
      23      12.8780      35.7973      10.8838       4.4978    -549.1390       4.0823     140.5557    -340.4442       0.7407       6.0011       0.0000       0.0000       0.0000       0.0000       0.0000       6.7418      12.1373      29.7962      10.8838       4.4978    -549.1390      -3.6192     392.9158    -102.5274
      24       7.8418      26.0646       9.4652       4.2404    -537.3164       0.4960     143.4434    -345.7651       0.3579       1.8286       0.0000       0.0000       0.0000       0.0000       0.0000       2.1865       7.4840      24.2359       9.4652       4.2404    -537.3164      -3.3785     381.4946    -113.7749
      25       8.5469      25.6258      12.8037       5.3956    -529.7441       5.4386     126.5348    -345.3987       0.0442       2.4973       0.0000       0.0000       0.0000       0.0000       0.0000       2.5415       8.5028      23.1285      12.8037       5.3956    -529.7441      -4.0795     372.1643    -111.8287
      26      11.8570      23.7857      10.0176       4.9435    -541.3590       5.5837     139.7377    -345.4337       0.2401       2.2608       0.0000       0.0000       0.0000       0.0000       0.0000       2.5009      11.6169      21.5248      10.0176       4.9435    -541.3590      -3.5923     386.4196    -110.4288
      27       8.4968      22.8546      10.1920       3.9935    -540.2541       1.7110     143.1052    -349.9009       0.3521       1.4697       0.0000       0.0000       0.0000       0.0000       0.0000       1.8218       8.1447      21.3849      10.1920       3.9935    -540.2541      -3.2223     379.9186    -119.8427
      28       6.5163      25.7038      10.8000       5.6584    -537.2527       5.8170     134.6987    -348.0585       0.9025       2.2915       0.0000       0.0000       0.0000       0.0000       0.0000       3.1940       5.6138      23.4123      10.8000       5.6584    -537.2527      -2.6722     377.3537    -117.0867
      29      12.1238      24.9140      11.2500       3.9025    -541.4611       1.8432     147.7670    -339.6605       0.0833       0.9572       0.0000       0.0000       0.0000       0.0000       0.0000       1.0405      12.0405      23.9568      11.2500       3.9025    -541.4611      -3.9473     387.5699    -106.6887
      30       8.8005      27.2990      11.9590       3.7406    -537.0335       4.9807     137.9711    -342.2827       1.7288       5.0183       0.0000       0.0000       0.0000       0.0000       0.0000       6.7471       7.0716      22.2807      11.9590       3.7406    -537.0335      -4.2583     389.4898    -106.7502
      31       4.9790      27.0345      12.4132       6.0147    -540.4977       3.8652     142.9123    -343.2788       0.5179       4.0550       0.0000       0.0000       0.0000       0.0000       0.0000       4.5729       4.4611      22.9795      12.4132       6.0147    -540.4977      -3.8358     385.9642    -112.5007
      32      14.8142      25.9225      10.9831       3.9683    -543.6215       3.4729     140.3706    -344.0898       0.9646       2.1886       0.0000       0.0000       0.0000       0.0000       0.0000       3.1532      13.8496      23.7340      10.9831       3.9683    -543.6215      -4.0228     383.2407    -111.8686
      33       6.8183      24.4649      10.3195       4.5995    -538.4313       0.0258     147.9721    -344.2311       1.0902       2.3985       0.0000       0.0000       0.0000       0.0000       0.0000       3.4887       5.7281      22.0665      10.3195       4.5995    -538.4313      -1.4230     381.4164    -115.7243
      34       9.4883      23.5934       9.9824       5.1279    -537.8968       0.0878     142.4444    -347.1726       0.3368       3.0488       0.0000       0.0000       0.0000       0.0000       0.0000       3.3856       9.1514      20.5446       9.9824       5.1279    -537.8968      -4.5168     378.1000    -119.5072
      35       5.3187      20.4954      14.6436       4.1711    -536.3179       4.4343     133.4457    -353.8090       0.2360       1.1350       0.0000       0.0000       0.0000       0.0000       0.0000       1.3710       5.0827      19.3604      14.6436       4.1711    -536.3179      -4.3048     380.8735    -116.4913
      36      14.7164      22.1098       9.3410       4.6029    -544.7024      -0.8530     140.0838    -354.7015       0.0463       4.0708       0.0000       0.0000       0.0000       0.0000       0.0000       4.1171      14.6701      18.0390       9.3410       4.6029    -544.7024      -3.6402     382.1294    -119.5602
      37      11.9359      23.8833       7.1414       5.7530    -544.3434      -0.3519     147.5384    -348.4433       0.5998       0.3268       0.0000       0.0000       0.0000       0.0000       0.0000       0.9266      11.3361      23.5566       7.1414       5.7530    -544.3434      -4.5362     387.9141    -113.1784
      38      12.4218      26.0438       8.4404       5.3917    -544.2155       3.2564     136.0771    -352.5843       0.0290       2.5778       0.0000       0.0000       0.0000       0.0000       0.0000       2.6068      12.3927      23.4660       8.4404       5.3917    -544.2155      -5.0134     383.5605    -115.9776
      39      11.2249      28.8451       8.3573       3.2545    -545.9124       1.1033     148.1862    -344.9411       0.2603       3.0913       0.0000       0.0000       0.0000       0.0000       0.0000       3.3516      10.9646      25.7539       8.3573       3.2545    -545.9124      -2.9875     385.7428    -114.8269
      40      14.4888      28.0357      14.0571       5.4440    -542.1268       4.5851     137.1794    -338.3367       0.0918       1.4886       0.0000       0.0000       0.0000       0.0000       0.0000       1.5804      14.3970      26.5471      14.0571       5.4440    -542.1268      -2.9724     378.5561    -106.0978
      41      16.5556      22.3111       8.5832       4.3844    -543.8820       2.4488     151.1786    -338.4203       0.4717       1.2364       0.0000       0.0000       0.0000       0.0000       0.0000       1.7080      16.0839      21.0747       8.5832       4.3844    -543.8820      -2.4626     384.5522    -111.6660
      42       7.4976      23.2428      11.3710       3.8479    -540.5716       6.7141     133.8426    -354.0555       0.1332       3.7571       0.0000       0.0000       0.0000       0.0000       0.0000       3.8904       7.3644      19.4857      11.3710       3.8479    -540.5716      -3.1887     383.9498    -117.7415
      43      13.2647      32.9102       8.5686       3.1418    -551.9534       0.5809     146.0067    -347.4806       0.0341       5.7266       0.0000       0.0000       0.0000       0.0000       0.0000       5.7607      13.2306      27.1836       8.5686       3.1418    -551.9534      -4.3188     387.9011    -116.2466
      44      13.5696      21.7311      10.8688       4.0444    -542.9530       1.6308     143.3592    -347.7491       1.4703       3.6166       0.0000       0.0000       0.0000       0.0000       0.0000       5.0870      12.0993      18.1145      10.8688       4.0444    -542.9530      -1.7986     382.0894    -117.5353
      45      10.5740      23.4329      11.4276       4.7512    -541.9439      -0.5038     143.0337    -349.2283       0.1683       1.3222       0.0000       0.0000       0.0000       0.0000       0.0000       1.4905      10.4057      22.1106      11.4276       4.7512    -541.9439      -3.9091     385.4792    -111.6786
      46      11.0579      23.9606      10.4264       4.8707    -550.1815       0.5102     151.0090    -348.3467       0.3853       2.5221       0.0000       0.0000       0.0000       0.0000       0.0000       2.9075      10.6726      21.4385      10.4264       4.8707    -550.1815      -3.1283     390.2537    -115.6479
      47       8.4499      28.5394      11.2208       3.7373    -542.4106       2.9242     141.5480    -345.9910       0.1483       2.6100       0.0000       0.0000       0.0000       0.0000       0.0000       2.7583       8.3016      25.9294      11.2208       3.7373    -542.4106      -4.6631     383.5666    -114.3181
      48      12.7937      29.7249      10.9461       4.5883    -548.3324      -0.9757     151.3172    -339.9380       0.4887       3.3081       0.0000       0.0000       0.0000       0.0000       0.0000       3.7968      12.3050      26.4168      10.9461       4.5883    -548.3324      -3.0958     386.8410    -110.3311
      49      11.0969      23.5191       9.9266       6.1070    -537.7466       1.1977     147.4892    -338.4101       0.2328       3.1076       0.0000       0.0000       0.0000       0.0000       0.0000       3.3405      10.8641      20.4115       9.9266       6.1070    -537.7466      -1.4017     384.7414    -107.0977
      50      10.4895      28.0717       8.7092       3.7509    -533.3935       2.2013     141.7872    -338.3838       0.4626       1.8979       0.0000       0.0000       0.0000       0.0000       0.0000       2.3605      10.0269      26.1738       8.7092       3.7509    -533.3935      -2.7375     377.0685    -110.4019
      51       7.0750      23.9571      12.0846       2.8449    -539.1786       2.3626     143.0671    -347.7873       0.4655       2.8312       0.0000       0.0000       0.0000       0.0000       0.0000       3.2967       6.6095      21.1259      12.0846       2.8449    -539.1786      -5.1614     384.7926    -116.8824
      52      12.2832      22.0549      13.7445       4.5258    -546.3934      -0.1047     145.2345    -348.6551       0.0510       2.0913       0.0000       0.0000       0.0000       0.0000       0.0000       2.1423      12.2323      19.9636      13.7445       4.5258    -546.3934      -3.9937     386.5792    -113.3416
      53      14.2966      21.0053       7.1325       5.0727    -549.2146       0.8451     143.5999    -357.2626       0.0110       3.3654       0.0000       0.0000       0.0000       0.0000       0.0000       3.3764      14.2857      17.6399       7.1325       5.0727    -549.2146      -4.2190     388.4213    -120.8818
      54      10.5588      28.7290      11.7921       4.3137    -544.8602       2.6922     140.2945    -346.4798       0.4397       5.4924       0.0000       0.0000       0.0000       0.0000       0.0000       5.9321      10.1191      23.2366      11.7921       4.3137    -544.8602      -2.7237     381.9841    -116.1383
      55      11.2317      24.3584       8.5682       5.3319    -545.7155       2.2861     147.3942    -346.5449       1.2646       0.6078       0.0000       0.0000       0.0000       0.0000       0.0000       1.8724       9.9671      23.7506       8.5682       5.3319    -545.7155      -2.8024     392.1746    -108.7254
      56       9.6266      27.2151       8.7247       4.1720    -536.5270      -0.8915     146.7322    -340.9480       1.4408       2.7057       0.0000       0.0000       0.0000       0.0000       0.0000       4.1465       8.1858      24.5093       8.7247       4.1720    -536.5270      -3.0993     377.2906    -116.7438
      57      18.5370      26.4730      14.4026       4.0283    -556.1961       5.7649     148.7660    -338.2242       0.0172       3.0964       0.0000       0.0000       0.0000       0.0000       0.0000       3.1135      18.5199      23.3766      14.4026       4.0283    -556.1961      -4.8371     402.3369     -98.3690
      58      11.2980      37.5525      11.1003       2.4126    -539.9038       6.3464     136.2679    -334.9261       0.2433       8.2462       0.0000       0.0000       0.0000       0.0000       0.0000       8.4895      11.0548      29.3064      11.1003       2.4126    -539.9038      -4.2604     387.7889    -102.5012
      59       8.3514      24.8285      11.8790       4.7699    -547.6655       4.5595     149.9440    -343.3332       0.0411       2.3038       0.0000       0.0000       0.0000       0.0000       0.0000       2.3449       8.3103      22.5246      11.8790       4.7699    -547.6655      -1.2180     388.9110    -112.4887
      60      11.4711      26.2650       9.2309       3.8427    -537.7898       2.0463     136.5891    -348.3447       1.3868       2.9584       0.0000       0.0000       0.0000       0.0000       0.0000       4.3452      10.0843      23.3065       9.2309       3.8427    -537.7898      -3.2866     379.5022    -115.1097
      61      13.2371      25.3478      13.6036       4.5774    -550.8159      -0.9140     151.9066    -343.0575       0.4166       1.4240       0.0000       0.0000       0.0000       0.0000       0.0000       1.8406      12.8205      23.9238      13.6036       4.5774    -550.8159      -3.6456     385.9523    -113.5839
      62       7.4018      28.5869      12.5666       3.2892    -537.3819       2.4991     138.1172    -344.9211       0.0906       1.1707       0.0000       0.0000       0.0000       0.0000       0.0000       1.2613       7.3112      27.4163      12.5666       3.2892    -537.3819      -3.9126     385.1385    -105.5728
      63      14.1652      27.8362      10.7439       5.9755    -549.2615       4.4681     140.2962    -345.7766       0.4485       5.4275       0.0000       0.0000       0.0000       0.0000       0.0000       5.8760      13.7166      22.4087      10.7439       5.9755    -549.2615      -3.6808     390.4149    -109.6828
      64      13.0902      21.2669      11.5809       5.3945    -543.1327       2.6983     147.4246    -341.6773       0.3169       1.3278       0.0000       0.0000       0.0000       0.0000       0.0000       1.6447      12.7733      19.9391      11.5809       5.3945    -543.1327      -1.4097     383.0124    -111.8422
      65      18.5314      27.5756      11.1147       5.5948    -551.8305       1.4553     144.6242    -342.9345       1.2283       2.8786       0.0000       0.0000       0.0000       0.0000       0.0000       4.1068      17.3032      24.6970      11.1147       5.5948    -551.8305      -3.6668     389.5067    -107.2809
      66      20.3707      17.3244       9.8227       3.9388    -551.5373       2.3649     148.0479    -349.6680       1.1383       1.1618       0.0000       0.0000       0.0000       0.0000       0.0000       2.3001      19.2324      16.1626       9.8227       3.9388    -551.5373      -4.3245     394.5901    -112.1153
      67      14.5702      27.9241      12.2414       3.4236    -546.7130       3.0329     148.7322    -336.7888       1.1101       4.2209       0.0000       0.0000       0.0000       0.0000       0.0000       5.3310      13.4601      23.7031      12.2414       3.4236    -546.7130      -3.6646     389.9479    -107.6017
      68      15.7026      24.9359      11.0558       3.8462    -542.8843       7.2745     139.6778    -340.3913       0.0760       1.4670       0.0000       0.0000       0.0000       0.0000       0.0000       1.5430      15.6266      23.4689      11.0558       3.8462    -542.8843      -2.5986     379.5018    -111.9836
      69      10.0267      24.4282       8.1991       4.1986    -540.3119       0.8266     144.0563    -348.5764       0.5746       2.7348       0.0000       0.0000       0.0000       0.0000       0.0000       3.3094       9.4521      21.6934       8.1991       4.1986    -540.3119      -3.1762     384.4628    -115.4820
      70      12.7880      21.1727      10.6609       5.2865    -541.6615       7.0845     128.9715    -355.6974       0.0394       1.8604       0.0000       0.0000       0.0000       0.0000       0.0000       1.8998      12.7486      19.3123      10.6609       5.2865    -541.6615      -2.3309     376.6924    -119.2916
      71      10.3905      22.9509      13.0962       3.7734    -536.9041       8.2980     127.8082    -350.5868       0.5020       2.3941       0.0000       0.0000       0.0000       0.0000       0.0000       2.8961       9.8885      20.5568      13.0962       3.7734    -536.9041      -2.7058     382.6440    -109.6510
      72      14.0980      22.2612       8.1245       4.1904    -543.6531       4.1293     139.4815    -351.3681       1.6816       2.6961       0.0000       0.0000       0.0000       0.0000       0.0000       4.3777      12.4164      19.5651       8.1245       4.1904    -543.6531      -1.8035     381.5970    -119.5631
      73      13.4087      18.8097      11.2748       4.0923    -553.6739       6.5170     148.6160    -350.9553       0.2758       1.1035       0.0000       0.0000       0.0000       0.0000       0.0000       1.3793      13.1329      17.7062      11.2748       4.0923    -553.6739      -3.1177     391.5100    -119.0753
      74       9.0429      24.4484       9.3740       4.7441    -551.4536       1.1333     160.0619    -342.6490       0.4880       0.7440       0.0000       0.0000       0.0000       0.0000       0.0000       1.2319       8.5549      23.7045       9.3740       4.7441    -551.4536      -2.2346     392.3400    -114.9708
      75      16.5924      24.3716      18.2902       5.5747    -553.6572       0.7752     141.6203    -346.4327       0.7318       2.5172       0.0000       0.0000       0.0000       0.0000       0.0000       3.2490      15.8606      21.8544      18.2902       5.5747    -553.6572      -4.7037     389.8490    -106.9319
      76      13.4399      22.8404      11.1119       3.0952    -543.6695       2.3909     134.9133    -355.8778       0.0878       3.7468       0.0000       0.0000       0.0000       0.0000       0.0000       3.8346      13.3521      19.0936      11.1119       3.0952    -543.6695      -4.7640     386.8631    -114.9176
      77       7.9275      24.5129      10.4988       5.3914    -534.0410       5.7198     126.4773    -353.5133       0.1813       2.0528       0.0000       0.0000       0.0000       0.0000       0.0000       2.2341       7.7462      22.4600      10.4988       5.3914    -534.0410      -3.4563     384.0944    -107.3063
      78       9.0358      24.1261       8.5064       3.3756    -533.7735       2.1649     133.6262    -352.9386       0.0302       2.8741       0.0000       0.0000       0.0000       0.0000       0.0000       2.9043       9.0055      21.2520       8.5064       3.3756    -533.7735      -3.4227     380.6641    -114.3925
      79      14.4141      27.0746      15.1199       5.0087    -549.4214       2.9207     135.3864    -349.4970       2.9505       3.4552       0.0000       0.0000       0.0000       0.0000       0.0000       6.4057      11.4636      23.6195      15.1199       5.0087    -549.4214      -3.2462     388.0459    -109.4100
      80      15.7428      32.7430       9.0151       4.4965    -551.8069       5.7337     147.5594    -336.5163       0.8040       4.2936       0.0000       0.0000       0.0000       0.0000       0.0000       5.0975      14.9389      28.4495       9.0151       4.4965    -551.8069      -3.6137     397.5166    -101.0041
      81      11.5479      20.9072       9.3741       3.7433    -539.3434      -0.3623     143.1816    -350.9516       0.8846       3.5772       0.0000       0.0000       0.0000       0.0000       0.0000       4.4618      10.6633      17.3300       9.3741       3.7433    -539.3434      -3.7893     381.8388    -120.1832
      82      11.9913      28.8667      11.4691       2.7433    -543.0259       1.7761     139.8614    -346.3182       0.4815       2.6217       0.0000       0.0000       0.0000       0.0000       0.0000       3.1032      11.5098      26.2450      11.4691       2.7433    -543.0259      -4.0416     382.2704    -112.8300
      83      11.6397      30.7899      10.4921       4.0552    -544.5630       0.1845     135.1887    -352.2128       0.3176       4.0127       0.0000       0.0000       0.0000       0.0000       0.0000       4.3303      11.3221      26.7772      10.4921       4.0552    -544.5630      -4.2026     383.2674    -112.8515
      84       9.3257      28.6465       9.3445       5.0293    -545.5486       0.4017     156.6806    -336.1203       0.7997       1.6013       0.0000       0.0000       0.0000       0.0000       0.0000       2.4010       8.5260      27.0452       9.3445       5.0293    -545.5486      -3.4393     390.4529    -108.5901
      85      16.0933      31.8789      10.5702       4.9923    -550.2539      14.0517     133.0255    -339.6420       0.7427       4.2292       0.0000       0.0000       0.0000       0.0000       0.0000       4.9719      15.3505      27.6497      10.5702       4.9923    -550.2539      -3.6862     391.1241    -104.2532
      86      15.0478      21.3664       8.2592       4.1438    -539.7936       7.3190     131.2293    -352.4282       1.1502       1.9981       0.0000       0.0000       0.0000       0.0000       0.0000       3.1483      13.8976      19.3683       8.2592       4.1438    -539.7936      -2.8034     385.0042    -111.9239
      87       8.4654      23.5824      10.7817       3.2580    -538.0264       1.7429     136.6525    -353.5435       0.2185       1.9907       0.0000       0.0000       0.0000       0.0000       0.0000       2.2092       8.2469      21.5917      10.7817       3.2580    -538.0264      -4.3841     383.2325    -115.2996
      88      14.3226      21.7190      10.5460       4.1833    -539.6994       5.5409     122.6617    -360.7259       0.9775       6.9720       0.0000       0.0000       0.0000       0.0000       0.0000       7.9494      13.3451      14.7470      10.5460       4.1833    -539.6994      -3.4273     387.5070    -112.7982
      89      12.0148      27.2224      10.3120       4.7026    -545.9902      11.9829     128.0680    -351.6875       0.1045       4.3924       0.0000       0.0000       0.0000       0.0000       0.0000       4.4969      11.9103      22.8300      10.3120       4.7026    -545.9902      -3.2969     390.6255    -108.9067
      90      13.3793      24.2884      10.7004       3.5880    -540.7447       3.3318     138.7558    -346.7010       0.2359       0.2117       0.0000       0.0000       0.0000       0.0000       0.0000       0.4477      13.1434      24.0767      10.7004       3.5880    -540.7447      -4.1207     390.9316    -102.4254
      91      13.0526      20.8665      10.8339       3.3001    -548.9666       4.9760     146.4101    -349.5275       0.6271       2.6661       0.0000       0.0000       0.0000       0.0000       0.0000       3.2932      12.4254      18.2005      10.8339       3.3001    -548.9666       0.0859     391.0242    -113.0966
      92      11.9639      26.6998       9.9358       4.5986    -547.6492       4.9139     136.9757    -352.5616       0.0424       1.7776       0.0000       0.0000       0.0000       0.0000       0.0000       1.8199      11.9215      24.9223       9.9358       4.5986    -547.6492      -3.5468     384.4493    -115.3687
      93       8.2726      37.0812      11.7320       3.7217    -545.7543       2.4711     134.1802    -348.2954       1.2616       9.5993       0.0000       0.0000       0.0000       0.0000       0.0000      10.8609       7.0110      27.4820      11.7320       3.7217    -545.7543      -4.4472     391.2008    -109.0540
      94       9.7682      24.6755      10.2872       2.9450    -537.1332       6.2121     130.5245    -352.7207       0.0153       1.5168       0.0000       0.0000       0.0000       0.0000       0.0000       1.5321       9.7529      23.1587      10.2872       2.9450    -537.1332      -4.3612     384.6736    -110.6770
      95       9.9260      18.8445      10.1485       5.1433    -537.6472       0.5116     139.1378    -353.9355       0.4581       0.7238       0.0000       0.0000       0.0000       0.0000       0.0000       1.1819       9.4679      18.1207      10.1485       5.1433    -537.6472      -4.3966     384.5736    -114.5898
      96      21.5959      26.0950       8.1201       4.1953    -555.5180       2.2074     150.0148    -343.2895       0.6743       2.8171       0.0000       0.0000       0.0000       0.0000       0.0000       3.4914      20.9216      23.2780       8.1201       4.1953    -555.5180      -3.1175     392.5365    -109.5841
      97      14.0700      21.2455       9.8147       5.0774    -549.1273       7.5694     144.6597    -346.6907       1.5025       1.9438       0.0000       0.0000       0.0000       0.0000       0.0000       3.4462      12.5675      19.3017       9.8147       5.0774    -549.1273      -2.8384     388.9391    -116.2653
      98       9.1519      24.5951      15.4197       3.7463    -544.1310      -0.9122     141.1451    -350.9849       1.1627       3.1503       0.0000       0.0000       0.0000       0.0000       0.0000       4.3130       7.9892      21.4448      15.4197       3.7463    -544.1310      -3.7189     386.3494    -112.9004
      99      19.7148      24.1795       8.4772       4.7812    -556.6083       4.5021     145.8968    -349.0568       0.3720       1.5894       0.0000       0.0000       0.0000       0.0000       0.0000       1.9614      19.3428      22.5901       8.4772       4.7812    -556.6083      -2.7620     391.5014    -112.6777
     100      17.3200      29.3432      11.3225       4.3347    -543.1669       3.0699     140.3382    -337.4383       0.1795       7.5904       0.0000       0.0000       0.0000       0.0000       0.0000       7.7699      17.1405      21.7528      11.3225       4.3347    -543.1669      -2.4993     386.8648    -104.2508
     101       8.9531      27.2371      10.3175       6.0785    -541.5423       3.0627     146.6729    -339.2205       0.2574       0.9379       0.0000       0.0000       0.0000       0.0000       0.0000       1.1953       8.6957      26.2992      10.3175       6.0785    -541.5423      -3.0141     387.5242    -105.6414
     102      15.7290      23.1109      12.0549       4.7693    -540.7088       5.6170     135.9607    -343.4669       0.4250       2.3738       0.0000       0.0000       0.0000       0.0000       0.0000       2.7988      15.3039      20.7372      12.0549       4.7693    -540.7088      -3.9325     388.4034    -103.3726
     103      12.1590      25.0095      10.7420       2.3578    -549.2653       4.8531     144.5990    -349.5449       0.6178       2.0939       0.0000       0.0000       0.0000       0.0000       0.0000       2.7117      11.5412      22.9157      10.7420       2.3578    -549.2653      -2.1021     389.8121    -113.9986
     104      11.3827      30.8714      14.0067       6.9780    -552.8587       3.6356     146.5576    -339.4268       1.7052       3.1073       0.0000       0.0000       0.0000       0.0000       0.0000       4.8125       9.6774      27.7641      14.0067       6.9780    -552.8587      -2.8766     391.5525    -105.7565
     105      15.2751      22.8373       9.8324       5.2021    -549.0056       4.6670     138.2811    -352.9106       0.7064       3.8151       0.0000       0.0000       0.0000       0.0000       0.0000       4.5215      14.5687      19.0222       9.8324       5.2021    -549.0056      -3.8131     383.1147    -121.0785
     106      10.3598      24.3791      15.1419       4.8377    -537.8997       5.3217     138.8363    -339.0232       1.3841       3.2084       0.0000       0.0000       0.0000       0.0000       0.0000       4.5926       8.9757      21.1706      15.1419       4.8377    -537.8997      -0.2024     382.5765    -105.3998
     107      11.6170      23.4059       9.8003       6.2397    -546.3027       1.5700     145.5562    -348.1137       0.2764       0.3069       0.0000       0.0000       0.0000       0.0000       0.0000       0.5833      11.3406      23.0990       9.8003       6.2397    -546.3027      -3.5049     390.1934    -109.1347
     108      11.8207      28.6886       8.8742       3.7038    -545.3909      -0.3021     151.5610    -341.0447       0.2490       3.0954       0.0000       0.0000       0.0000       0.0000       0.0000       3.3443      11.5717      25.5933       8.8742       3.7038    -545.3909      -3.0717     387.2255    -111.4941
     109      14.7934      23.6844       9.6348       6.0125    -541.7927       0.3870     148.0251    -339.2555       1.8346       3.9172       0.0000       0.0000       0.0000       0.0000       0.0000       5.7518      12.9588      19.7672       9.6348       6.0125    -541.7927      -3.8259     388.5699    -108.6754
     110       4.7659      21.3213      13.0408       4.5054    -530.7512       4.7257     139.3124    -343.0796       0.1052       0.8679       0.0000       0.0000       0.0000       0.0000       0.0000       0.9730       4.6607      20.4535      13.0408       4.5054    -530.7512      -2.7060     384.2560    -106.5408
     111       7.3879      24.6761      13.5127       4.4739    -539.5694       2.9117     136.9281    -349.6790       0.0105       2.5634       0.0000       0.0000       0.0000       0.0000       0.0000       2.5739       7.3774      22.1127      13.5127       4.4739    -539.5694      -3.8613     380.2538    -115.7001
     112      14.7319      21.5512       9.6813       4.0836    -544.2579       2.5281     143.8625    -347.8192       0.0586       4.2695       0.0000       0.0000       0.0000       0.0000       0.0000       4.3281      14.6733      17.2817       9.6813       4.0836    -544.2579      -3.9487     382.8019    -119.6847
     113       9.0534      25.5378      11.8123       4.4292    -542.7513       0.2318     143.5249    -348.1620       0.3510       2.6680       0.0000       0.0000       0.0000       0.0000       0.0000       3.0190       8.7024      22.8698      11.8123       4.4292    -542.7513      -2.6971     381.4736    -116.1612
     114      16.4728      26.2502      11.6141       4.5512    -549.5496       7.1052     131.2337    -352.3222       0.4660       3.9426       0.0000       0.0000       0.0000       0.0000       0.0000       4.4086      16.0068      22.3077      11.6141       4.5512    -549.5496      -5.3596     389.5407    -110.8887
     115      14.8116      21.8916      13.1582       5.2982    -546.3196      -1.7399     149.5672    -343.3327       0.2144       3.4896       0.0000       0.0000       0.0000       0.0000       0.0000       3.7040      14.5973      18.4020      13.1582       5.2982    -546.3196      -3.3935     385.4811    -112.7764
     116      12.8057      26.8766       8.9984       3.3807    -547.0596       1.3490     148.3223    -345.3268       0.4868       1.0951       0.0000       0.0000       0.0000       0.0000       0.0000       1.5819      12.3188      25.7815       8.9984       3.3807    -547.0596      -3.0489     389.2780    -110.3509
     117      11.1834      29.5077       8.6740       5.8945    -546.6343       5.0006     136.1888    -350.1853       0.0888       1.6238       0.0000       0.0000       0.0000       0.0000       0.0000       1.7127      11.0945      27.8839       8.6740       5.8945    -546.6343      -2.9371     384.4996    -111.5249
     118       8.3804      27.2498       8.8592       4.5634    -540.6096       5.2514     132.8853    -353.4199       0.0615       3.6406       0.0000       0.0000       0.0000       0.0000       0.0000       3.7021       8.3189      23.6092       8.8592       4.5634    -540.6096      -3.9736     387.0680    -112.1645
     119       9.2085      29.4460       7.8377       3.8831    -546.7047       1.0230     137.0518    -358.2544       0.8349       2.5112       0.0000       0.0000       0.0000       0.0000       0.0000       3.3460       8.3736      26.9349       7.8377       3.8831    -546.7047      -3.7330     384.1653    -119.2431
     120      14.7712      24.9346       9.8342       5.0892    -540.5534       4.4008     134.4175    -347.1060       1.2335       5.8138       0.0000       0.0000       0.0000       0.0000       0.0000       7.0473      13.5377      19.1208       9.8342       5.0892    -540.5534      -3.6688     387.1601    -109.4803
     121      11.7737      30.7244      13.6482       4.7930    -546.4347       8.3820     128.1973    -348.9161       1.5623       4.2777       0.0000       0.0000       0.0000       0.0000       0.0000       5.8400      10.2114      26.4467      13.6482       4.7930    -546.4347      -3.9160     385.5266    -109.7247
     122      12.0498      26.9438      10.4028       3.9267    -545.7131      -1.5751     141.4164    -352.5488       2.7504       2.5936       0.0000       0.0000       0.0000       0.0000       0.0000       5.3440       9.2995      24.3501      10.4028       3.9267    -545.7131      -5.4177     391.2007    -111.9511
     123      10.9733      26.0656      11.8502       3.7611    -538.0881       5.8720     125.7770    -353.7890       0.5820       4.7127       0.0000       0.0000       0.0000       0.0000       0.0000       5.2947      10.3914      21.3529      11.8502       3.7611    -538.0881      -3.8885     389.1548    -105.4664
     124      13.9356      24.2162      12.1708       5.2232    -537.4875       2.7968     126.1051    -353.0397       2.5682       3.3461       0.0000       0.0000       0.0000       0.0000       0.0000       5.9143      11.3674      20.8701      12.1708       5.2232    -537.4875      -4.7248     380.8184    -111.7623
     125       8.7375      22.5776      13.6877       4.8877    -535.5120       4.1641     127.5874    -353.8699       0.3563       3.1182       0.0000       0.0000       0.0000       0.0000       0.0000       3.4745       8.3812      19.4594      13.6877       4.8877    -535.5120      -2.7350     382.5888    -109.2422
     126      13.5558      31.5076       9.8313       4.9250    -549.1016       1.4556     135.5394    -352.2868       0.6153       4.9445       0.0000       0.0000       0.0000       0.0000       0.0000       5.5597      12.9405      26.5631       9.8313       4.9250    -549.1016      -3.5920     389.8379    -108.5957
