#Frame     e_ab[bond]  e_ab[angle]    e_ab[dih]  e_ab[vdw14] e_ab[elec14]    e_ab[vdw]   e_ab[elec]  e_ab[total]    e_a[bond]   e_a[angle]     e_a[dih]   e_a[vdw14]  e_a[elec14]     e_a[vdw]    e_a[elec]   e_a[total]    e_b[bond]   e_b[angle]     e_b[dih]   e_b[vdw14]  e_b[elec14]     e_b[vdw]    e_b[elec]   e_b[total]
       1      14.8096      22.4086      13.3426       5.8634    -547.0861       1.2380     164.5237    -324.9004       0.4940       1.1534       0.0000       0.0000       0.0000       0.0000       0.0000       1.6474      14.3156      21.2552      13.3426       5.8634    -547.0861      -2.5661     379.9362    -114.9393
       2      10.4155      24.0666      11.0070       5.1579    -537.6162       9.4851     139.2975    -338.1866       0.3443       2.9036       0.0000       0.0000       0.0000       0.0000       0.0000       3.2479      10.0713      21.1629      11.0070       5.1579    -537.6162      -2.6497     378.7460    -114.1208
       3      10.9606      33.5777      10.6202       5.4584    -542.7621       1.5237     155.8232    -324.7983       0.6052       3.3089       0.0000       0.0000       0.0000       0.0000       0.0000       3.9141      10.3553      30.2688      10.6202       5.4584    -542.7621      -2.5863     386.8497    -101.7959
       4      17.7664      24.7455      12.1214       4.5804    -552.4663       4.3728     157.3437    -331.5360       0.3769       2.1464       0.0000       0.0000       0.0000       0.0000       0.0000       2.5232      17.3895      22.5991      12.1214       4.5804    -552.4663      -3.7977     390.8963    -108.6771
       5      22.5020      26.9789      10.5055       3.4986    -552.4332       7.2027     152.2774    -329.4682       0.3135       2.2333       0.0000       0.0000       0.0000       0.0000       0.0000       2.5468      22.1884      24.7456      10.5055       3.4986    -552.4332      -3.2441     389.5561    -105.1831
       6      10.2035      22.7903      11.4547       4.1938    -530.7084       1.9515     148.4535    -331.6611       0.1734       1.0437       0.0000       0.0000       0.0000       0.0000       0.0000       1.2171      10.0301      21.7465      11.4547       4.1938    -530.7084      -1.7982     373.9388    -111.1426
       7      15.3379      23.2906      15.5044       5.2856    -543.8560       6.0594     158.6214    -319.7568       0.2980       2.3409       0.0000       0.0000       0.0000       0.0000       0.0000       2.6389      15.0399      20.9496      15.5044       5.2856    -543.8560      -1.1457     385.6212    -102.6010
       8      13.5828      21.4072       9.3098       4.7036    -543.4054       4.4870     161.1768    -328.7382       0.2447       0.0006       0.0000       0.0000       0.0000       0.0000       0.0000       0.2452      13.3381      21.4066       9.3098       4.7036    -543.4054      -3.1939     387.5276    -110.3136
       9      16.1606      24.2891      12.0316       2.9136    -543.7046       6.8234     159.2572    -322.2291       0.8827       0.3983       0.0000       0.0000       0.0000       0.0000       0.0000       1.2810      15.2779      23.8909      12.0316       2.9136    -543.7046      -0.0024     380.1272    -109.4658
      10      14.7214      21.5596      11.1255       4.4651    -547.6464       0.0584     162.5211    -333.1952       0.5808       1.8287       0.0000       0.0000       0.0000       0.0000       0.0000       2.4095      14.1406      19.7309      11.1255       4.4651    -547.6464      -4.0397     385.7412    -116.4827
      11       9.1054      25.6280       9.2944       2.3833    -538.0558       2.4350     159.3579    -329.8518       0.8773       2.2058       0.0000       0.0000       0.0000       0.0000       0.0000       3.0831       8.2281      23.4222       9.2944       2.3833    -538.0558      -3.9816     382.5314    -116.1780
      12      14.5144      29.0007      11.9617       3.2407    -544.9155       4.8225     146.7376    -334.6379       0.4285       2.7163       0.0000       0.0000       0.0000       0.0000       0.0000       3.1448      14.0859      26.2844      11.9617       3.2407    -544.9155      -4.2223     385.0889    -108.4762
      13       8.9037      38.7509      11.5214       4.4127    -539.8368       0.8156     159.3976    -316.0350       0.0736       1.5916       0.0000       0.0000       0.0000       0.0000       0.0000       1.6652       8.8301      37.1593      11.5214       4.4127    -539.8368      -3.4538     379.7534    -101.6139
      14      10.8721      27.0072       9.1960       3.8405    -542.1776       1.5678     154.9775    -334.7165       0.1104       0.8897       0.0000       0.0000       0.0000       0.0000       0.0000       1.0001      10.7616      26.1175       9.1960       3.8405    -542.1776      -4.0074     383.6336    -112.6358
      15      12.4702      25.3971      12.0550       6.2711    -543.3780       1.4621     163.3539    -322.3687       0.7788       1.0867       0.0000       0.0000       0.0000       0.0000       0.0000       1.8655      11.6914      24.3104      12.0550       6.2711    -543.3780      -2.8499     389.9366    -101.9634
      16      13.4266      29.9092      15.7346       2.8474    -551.5103      -0.0508     168.6886    -320.9547       0.3866       1.4817       0.0000       0.0000       0.0000       0.0000       0.0000       1.8683      13.0400      28.4275      15.7346       2.8474    -551.5103      -4.5705     390.5717    -105.4597
      17      17.2844      31.8574      12.2568       2.2925    -550.1038       8.9247     157.4589    -320.0292       0.8356       2.7508       0.0000       0.0000       0.0000       0.0000       0.0000       3.5863      16.4488      29.1066      12.2568       2.2925    -550.1038      -2.1432     390.0267    -102.1156
      18      10.1424      22.2744       9.0150       5.0208    -549.1804      -0.6876     169.4728    -333.9426       0.5783       1.4485       0.0000       0.0000       0.0000       0.0000       0.0000       2.0268       9.5640      20.8260       9.0150       5.0208    -549.1804      -2.2444     386.8186    -120.1804
      19      13.2253      23.9530       7.7306       4.0747    -545.0135       4.2746     159.8882    -331.8670       0.7600       1.5479       0.0000       0.0000       0.0000       0.0000       0.0000       2.3079      12.4654      22.4051       7.7306       4.0747    -545.0135      -2.5963     381.4295    -119.5045
      20      15.5955      34.2422      10.3334       4.5830    -545.0584       5.0018     143.3288    -331.9736       0.5866       7.9511       0.0000       0.0000       0.0000       0.0000       0.0000       8.5377      15.0089      26.2912      10.3334       4.5830    -545.0584      -3.1851     378.0516    -113.9754
      21      17.8412      31.2927      11.6182       2.3131    -544.3179       5.7999     152.7499    -322.7028       0.8712       3.5461       0.0000       0.0000       0.0000       0.0000       0.0000       4.4173      16.9700      27.7466      11.6182       2.3131    -544.3179      -4.1081     391.6204     -98.1576
      22      16.1110      21.8524      10.5809       4.4825    -554.1537       3.3850     166.7068    -331.0351       0.8947       0.4390       0.0000       0.0000       0.0000       0.0000       0.0000       1.3337      15.2163      21.4135      10.5809       4.4825    -554.1537      -2.8577     396.8547    -108.4635
      23      11.2458      26.1479       9.6465       4.9379    -543.8445       4.4282     155.1704    -332.2677       0.9476       5.2782       0.0000       0.0000       0.0000       0.0000       0.0000       6.2258      10.2982      20.8697       9.6465       4.9379    -543.8445      -3.1934     387.5460    -113.7395
      24      14.4680      28.6896      13.3432       4.5411    -548.8321      -1.3313     167.7992    -321.3223       0.8202       1.8555       0.0000       0.0000       0.0000       0.0000       0.0000       2.6757      13.6478      26.8340      13.3432       4.5411    -548.8321      -3.7924     390.0211    -104.2372
      25       7.6109      21.7373      10.8171       3.5113    -536.3773       1.3591     158.1583    -333.1834       0.2706       0.9447       0.0000       0.0000       0.0000       0.0000       0.0000       1.2153       7.3402      20.7926      10.8171       3.5113    -536.3773      -2.4593     379.4934    -116.8819
      26       9.9241      20.6562      10.6369       6.8664    -539.5452       0.6571     156.2654    -334.5390       1.2851       0.7369       0.0000       0.0000       0.0000       0.0000       0.0000       2.0220       8.6390      19.9193      10.6369       6.8664    -539.5452      -2.3764     383.6616    -112.1984
      27       8.9881      26.4676       9.0828       4.0127    -542.5509       4.3550     148.4344    -341.2103       0.2854       3.0578       0.0000       0.0000       0.0000       0.0000       0.0000       3.3431       8.7028      23.4099       9.0828       4.0127    -542.5509      -3.5468     384.0000    -116.8895
      28       8.4710      28.1412       8.7793       4.1752    -543.3882       3.4256     154.7805    -335.6153       0.2522       5.2573       0.0000       0.0000       0.0000       0.0000       0.0000       5.5094       8.2189      22.8839       8.7793       4.1752    -543.3882      -4.2743     386.0467    -117.5585
      29      14.5131      24.0806      12.2471       5.2365    -544.3494       4.9781     144.1117    -339.1824       1.6548       4.1598       0.0000       0.0000       0.0000       0.0000       0.0000       5.8145      12.8583      19.9209      12.2471       5.2365    -544.3494      -3.5930     384.7578    -112.9218
      30      13.1761      21.3143      13.5419       4.4035    -541.0478       5.1438     155.3861    -328.0820       0.2458       2.0625       0.0000       0.0000       0.0000       0.0000       0.0000       2.3082      12.9304      19.2519      13.5419       4.4035    -541.0478      -3.0456     383.0666    -110.8991
      31       9.2445      20.3456      10.2829       4.1184    -547.5813       5.3466     160.7038    -337.5395       0.1913       0.3352       0.0000       0.0000       0.0000       0.0000       0.0000       0.5265       9.0532      20.0104      10.2829       4.1184    -547.5813      -4.6926     388.1307    -120.6784
      32      14.4613      27.7469      12.7183       3.8860    -549.9168       0.2556     159.9437    -330.9051       0.2416       3.2567       0.0000       0.0000       0.0000       0.0000       0.0000       3.4984      14.2196      24.4901      12.7183       3.8860    -549.9168      -3.7348     382.6461    -115.6915
      33      16.6505      17.2766       9.9042       3.9418    -548.1085       0.4402     163.4097    -336.4855       0.7631       1.8595       0.0000       0.0000       0.0000       0.0000       0.0000       2.6227      15.8874      15.4171       9.9042       3.9418    -548.1085      -3.1315     385.4196    -120.6699
      34      12.2149      22.7000      12.5609       4.7988    -545.7179       8.4946     149.3489    -335.5998       0.4767       1.7089       0.0000       0.0000       0.0000       0.0000       0.0000       2.1855      11.7382      20.9911      12.5609       4.7988    -545.7179      -4.3418     383.9602    -116.0103
      35      11.4445      26.1562      12.9838       3.9676    -536.7894       0.0763     155.5295    -326.6317       0.1416       2.5002       0.0000       0.0000       0.0000       0.0000       0.0000       2.6419      11.3028      23.6559      12.9838       3.9676    -536.7894      -2.9875     381.0262    -106.8407
      36       9.3226      25.4938       9.4571       3.7478    -552.3813       1.7979     161.4208    -341.1414       0.0057       1.4014       0.0000       0.0000       0.0000       0.0000       0.0000       1.4071       9.3169      24.0924       9.4571       3.7478    -552.3813      -3.3227     387.7444    -121.3454
      37       8.6300      24.0286      10.4794       5.0360    -544.5569       2.3607     162.3456    -331.6767       0.5707       0.6028       0.0000       0.0000       0.0000       0.0000       0.0000       1.1735       8.0593      23.4258      10.4794       5.0360    -544.5569      -3.0836     388.4840    -112.1561
      38      13.2318      33.7858      10.0937       5.3169    -551.2185       3.7873     154.5167    -330.4862       0.2855       1.7460       0.0000       0.0000       0.0000       0.0000       0.0000       2.0315      12.9463      32.0398      10.0937       5.3169    -551.2185      -3.4273     387.1439    -107.1052
      39      16.1692      28.0798      10.8770       3.7146    -544.2077       1.6749     159.0144    -324.6777       1.3098       2.0102       0.0000       0.0000       0.0000       0.0000       0.0000       3.3200      14.8594      26.0696      10.8770       3.7146    -544.2077      -1.9953     386.3759    -104.3065
      40      12.1622      33.9852      13.0210       4.4650    -553.2990      -0.6362     163.4926    -326.8092       0.7563       1.5481       0.0000       0.0000       0.0000       0.0000       0.0000       2.3044      11.4058      32.4371      13.0210       4.4650    -553.2990      -3.2142     387.7436    -107.4406
      41      14.0441      30.3633      12.0146       5.5174    -545.6731      -0.3085     156.4859    -327.5563       1.7100       5.4105       0.0000       0.0000       0.0000       0.0000       0.0000       7.1205      12.3341      24.9528      12.0146       5.5174    -545.6731      -3.7139     378.1545    -116.4137
      42      15.0906      23.8019      12.4130       4.6423    -552.2803      -0.8313     164.8897    -332.2740       0.3265       3.3583       0.0000       0.0000       0.0000       0.0000       0.0000       3.6848      14.7641      20.4436      12.4130       4.6423    -552.2803      -4.4299     389.6948    -114.7525
      43      16.1445      28.1160      10.9021       3.9022    -544.9713       1.9069     151.0365    -332.9632       0.8955       7.3686       0.0000       0.0000       0.0000       0.0000       0.0000       8.2641      15.2490      20.7474      10.9021       3.9022    -544.9713      -2.8916     382.7748    -114.2875
      44      11.9630      20.1578      13.5134       4.9274    -540.1693       5.0882     149.6032    -334.9164       1.2413       3.0019       0.0000       0.0000       0.0000       0.0000       0.0000       4.2431      10.7217      17.1559      13.5134       4.9274    -540.1693      -2.9223     379.2616    -117.5116
      45       6.4134      23.0876      11.8472       4.6085    -531.5520      -3.3194     156.2613    -332.6534       0.5962       1.4588       0.0000       0.0000       0.0000       0.0000       0.0000       2.0550       5.8172      21.6288      11.8472       4.6085    -531.5520      -4.5981     373.8775    -118.3708
      46       5.6972      31.7558       8.9597       5.1639    -541.1459       3.9979     153.0862    -332.4852       0.1678       4.5629       0.0000       0.0000       0.0000       0.0000       0.0000       4.7306       5.5294      27.1929       8.9597       5.1639    -541.1459      -2.4475     383.1322    -113.6152
      47      16.1961      21.3989      10.0986       3.2556    -547.0475       2.7639     154.1916    -339.1428       0.3864       0.6656       0.0000       0.0000       0.0000       0.0000       0.0000       1.0520      15.8097      20.7333      10.0986       3.2556    -547.0475      -3.6625     382.8937    -117.9191
      48       8.8303      29.5361      13.3864       4.5350    -547.7202       0.3485     164.6646    -326.4194       0.0794       3.9183       0.0000       0.0000       0.0000       0.0000       0.0000       3.9978       8.7508      25.6177      13.3864       4.5350    -547.7202      -4.1322     391.7417    -107.8207
      49      10.9301      25.2342      10.0684       4.8698    -539.0937       3.0931     151.2741    -333.6241       0.0811       3.0609       0.0000       0.0000       0.0000       0.0000       0.0000       3.1420      10.8490      22.1733      10.0684       4.8698    -539.0937      -4.2188     384.2310    -111.1211
      50      12.8958      28.2007       8.1874       5.3314    -541.1721       4.4202     148.8938    -333.2429       1.4863       1.8879       0.0000       0.0000       0.0000       0.0000       0.0000       3.3742      11.4095      26.3128       8.1874       5.3314    -541.1721      -3.8386     376.9801    -116.7895
      51      11.2191      26.5063      10.5405       3.8616    -545.8592      -0.6806     165.2624    -329.1500       1.1920       2.2079       0.0000       0.0000       0.0000       0.0000       0.0000       3.3998      10.0271      24.2984      10.5405       3.8616    -545.8592      -3.6255     388.2631    -112.4941
      52      11.8679      25.7842      13.2881       3.9524    -547.4748       2.8446     154.1362    -335.6015       0.0825       1.1799       0.0000       0.0000       0.0000       0.0000       0.0000       1.2624      11.7854      24.6043      13.2881       3.9524    -547.4748      -2.7571     386.0538    -110.5480
      53      15.7462      23.1670       9.2725       4.1671    -546.1079       1.3496     160.7030    -331.7025       0.0155       5.4496       0.0000       0.0000       0.0000       0.0000       0.0000       5.4651      15.7307      17.7174       9.2725       4.1671    -546.1079      -3.8785     385.0179    -118.0808
      54      14.5190      27.3947      11.3862       4.6488    -549.6290       3.2214     159.2998    -329.1591       0.7303       2.1099       0.0000       0.0000       0.0000       0.0000       0.0000       2.8402      13.7887      25.2848      11.3862       4.6488    -549.6290      -1.6015     385.3100    -110.8120
      55       9.6034      15.7322      10.5571       5.2943    -538.9000       3.7883     158.9197    -335.0051       2.2636       0.9321       0.0000       0.0000       0.0000       0.0000       0.0000       3.1956       7.3398      14.8002      10.5571       5.2943    -538.9000       0.8483     380.9323    -119.1281
      56      11.6925      27.3045       9.8112       4.3966    -546.2984      -0.0963     158.6341    -334.5559       0.7124       0.8016       0.0000       0.0000       0.0000       0.0000       0.0000       1.5141      10.9801      26.5029       9.8112       4.3966    -546.2984      -3.7009     380.4961    -117.8125
      57      12.1755      18.5112      11.7332       3.6749    -538.9133       3.0261     158.6706    -331.1217       0.0050       0.8391       0.0000       0.0000       0.0000       0.0000       0.0000       0.8441      12.1705      17.6721      11.7332       3.6749    -538.9133      -2.2844     383.7334    -112.2135
      58       7.8440      28.9409      12.2057       3.5631    -540.6470       3.4440     152.9425    -331.7067       0.9160       4.9339       0.0000       0.0000       0.0000       0.0000       0.0000       5.8500       6.9280      24.0069      12.2057       3.5631    -540.6470      -2.5947     381.7216    -114.8163
      59       8.5475      22.0292      12.4349       5.3968    -544.7700       8.0660     153.5272    -334.7684       1.1903       0.9543       0.0000       0.0000       0.0000       0.0000       0.0000       2.1446       7.3572      21.0749      12.4349       5.3968    -544.7700      -1.2826     384.0737    -115.7152
      60       9.9739      22.5952       9.2700       4.0169    -539.4371       3.7478     148.8562    -340.9772       0.3624       3.3749       0.0000       0.0000       0.0000       0.0000       0.0000       3.7374       9.6115      19.2202       9.2700       4.0169    -539.4371      -3.6859     376.8779    -124.1265
      61      13.2043      21.6713       8.1341       5.2464    -550.2497       1.9918     159.8175    -340.1843       0.2536       1.5475       0.0000       0.0000       0.0000       0.0000       0.0000       1.8011      12.9507      20.1238       8.1341       5.2464    -550.2497      -2.2093     386.0443    -119.9597
      62       8.3186      22.1920      15.5544       3.9943    -547.5636       3.5942     159.2104    -334.6997       0.7153       0.4875       0.0000       0.0000       0.0000       0.0000       0.0000       1.2027       7.6033      21.7045      15.5544       3.9943    -547.5636      -3.9357     385.7733    -116.8694
      63       9.7310      27.6550      11.2567       3.4853    -546.6933       0.0810     159.6560    -334.8284       0.5458       2.3822       0.0000       0.0000       0.0000       0.0000       0.0000       2.9280       9.1851      25.2728      11.2567       3.4853    -546.6933      -3.4775     380.9070    -120.0638
      64      11.8024      23.6609      10.7532       3.6811    -537.7752       2.2637     155.5930    -330.0210       1.7448       1.2316       0.0000       0.0000       0.0000       0.0000       0.0000       2.9764      10.0576      22.4293      10.7532       3.6811    -537.7752      -2.7047     381.2851    -112.2737
      65      11.3797      25.5172      13.1512       3.5806    -541.0117       7.0769     147.8075    -332.4985       0.2300       1.5807       0.0000       0.0000       0.0000       0.0000       0.0000       1.8107      11.1497      23.9365      13.1512       3.5806    -541.0117      -3.3809     383.9577    -108.6170
      66      15.8691      23.9009      10.1809       3.4850    -553.7050      -0.6522     171.6636    -329.2578       0.1657       2.8781       0.0000       0.0000       0.0000       0.0000       0.0000       3.0439      15.7033      21.0228      10.1809       3.4850    -553.7050      -3.8252     394.4525    -112.6857
      67      11.7934      30.2744       7.5669       3.8652    -539.0262       2.8102     149.4550    -333.2611       0.7859       4.8928       0.0000       0.0000       0.0000       0.0000       0.0000       5.6787      11.0075      25.3816       7.5669       3.8652    -539.0262      -4.3527     382.4750    -113.0828
      68       8.4956      25.2279      11.0392       4.1237    -542.2215       4.5765     158.9045    -329.8541       0.1666       0.1079       0.0000       0.0000       0.0000       0.0000       0.0000       0.2746       8.3289      25.1200      11.0392       4.1237    -542.2215      -3.8231     379.9133    -117.5195
      69       6.4149      25.6016       9.0879       5.3983    -542.1763       4.1664     153.9287    -337.5784       0.5879       2.9107       0.0000       0.0000       0.0000       0.0000       0.0000       3.4986       5.8271      22.6909       9.0879       5.3983    -542.1763      -3.2378     379.5394    -122.8705
      70      14.3626      23.4591      12.0139       4.6803    -545.3110       5.1250     153.1728    -332.4973       0.4999       2.2422       0.0000       0.0000       0.0000       0.0000       0.0000       2.7421      13.8628      21.2169      12.0139       4.6803    -545.3110      -3.0780     385.6072    -111.0079
      71       6.8556      26.4172      10.7934       5.7276    -534.6090       0.9429     159.0997    -324.7726       0.1913       4.9955       0.0000       0.0000       0.0000       0.0000       0.0000       5.1868       6.6642      21.4217      10.7934       5.7276    -534.6090      -2.9067     384.3174    -108.5912
      72      12.3817      20.1457      11.5100       6.8302    -537.4555       3.1631     152.6398    -330.7851       0.4579       1.6236       0.0000       0.0000       0.0000       0.0000       0.0000       2.0815      11.9238      18.5220      11.5100       6.8302    -537.4555      -1.3772     379.8234    -110.2233
      73      11.0048      27.0645      10.7525       3.0414    -537.9116      -3.8751     165.4651    -324.4584       0.1436       2.3646       0.0000       0.0000       0.0000       0.0000       0.0000       2.5082      10.8612      24.6999      10.7525       3.0414    -537.9116      -4.5172     377.3721    -115.7017
      74      14.9611      27.4462       9.6170       3.1723    -551.2676       6.1725     160.4175    -329.4811       0.6662       0.6146       0.0000       0.0000       0.0000       0.0000       0.0000       1.2807      14.2949      26.8317       9.6170       3.1723    -551.2676      -3.3860     389.6060    -111.1319
      75      18.9203      31.4364       9.8380       4.4601    -546.7643       2.9672     148.4091    -330.7332       0.7672       5.1236       0.0000       0.0000       0.0000       0.0000       0.0000       5.8908      18.1531      26.3128       9.8380       4.4601    -546.7643      -4.2206     383.9699    -108.2509
      76      16.9805      20.9974      12.1756       4.5022    -544.6653       0.0827     164.0544    -325.8726       1.0594       0.3449       0.0000       0.0000       0.0000       0.0000       0.0000       1.4043      15.9211      20.6525      12.1756       4.5022    -544.6653      -3.0826     384.1091    -110.3876
      77      11.8140      19.6334      10.6316       4.0325    -543.0816       3.4651     157.7301    -335.7749       0.5766       2.9560       0.0000       0.0000       0.0000       0.0000       0.0000       3.5325      11.2374      16.6775      10.6316       4.0325    -543.0816      -3.2297     384.9477    -118.7846
      78      14.6088      28.3833      11.1894       3.5150    -538.7093       0.5834     155.8518    -324.5777       0.4067       2.2937       0.0000       0.0000       0.0000       0.0000       0.0000       2.7004      14.2022      26.0895      11.1894       3.5150    -538.7093      -3.8447     378.4287    -109.1293
      79      11.1051      33.7399      10.1540       3.8452    -550.3951       4.8084     157.2146    -329.5279       0.2750       5.1279       0.0000       0.0000       0.0000       0.0000       0.0000       5.4029      10.8301      28.6120      10.1540       3.8452    -550.3951      -1.8570     386.3904    -112.4204
      80      12.5924      22.6199       8.4802       3.8201    -543.0714       4.5484     149.5252    -341.4852       0.6305       1.8765       0.0000       0.0000       0.0000       0.0000       0.0000       2.5070      11.9619      20.7433       8.4802       3.8201    -543.0714      -3.6055     379.8190    -121.8523
      81      10.5061      27.3590      11.5241       3.6477    -539.6817       2.3891     154.3903    -329.8655       0.5883       1.3987       0.0000       0.0000       0.0000       0.0000       0.0000       1.9869       9.9179      25.9603      11.5241       3.6477    -539.6817      -2.7870     382.3521    -109.0667
      82      10.6704      22.9581      13.5936       4.9886    -539.2296       0.6529     151.7952    -334.5707       0.2288       1.6481       0.0000       0.0000       0.0000       0.0000       0.0000       1.8769      10.4416      21.3100      13.5936       4.9886    -539.2296      -4.5402     381.6858    -111.7502
      83       9.0602      23.2927       9.0285       3.2443    -539.7274       2.2644     150.5489    -342.2883       0.7015       2.7123       0.0000       0.0000       0.0000       0.0000       0.0000       3.4138       8.3587      20.5804       9.0285       3.2443    -539.7274      -4.7332     380.6107    -122.6379
      84       9.2265      25.1551       9.6269       4.4849    -539.0340       1.9429     148.1231    -340.4746       0.6179       3.1546       0.0000       0.0000       0.0000       0.0000       0.0000       3.7725       8.6086      22.0005       9.6269       4.4849    -539.0340      -3.0445     380.7589    -116.5987
      85      14.7994      33.5210       9.8027       4.7681    -552.7390       5.9721     158.9053    -324.9704       1.3496       1.9409       0.0000       0.0000       0.0000       0.0000       0.0000       3.2905      13.4498      31.5801       9.8027       4.7681    -552.7390      -4.3846     395.9616    -101.5613
      86      10.8541      26.9245       9.7956       3.5921    -542.1165       5.4935     150.8329    -334.6238       0.0834       1.6293       0.0000       0.0000       0.0000       0.0000       0.0000       1.7126      10.7708      25.2953       9.7956       3.5921    -542.1165      -3.9219     386.4068    -110.1779
      87      10.4036      23.5072      13.6545       3.4869    -543.3986       9.0403     143.1012    -340.2048       0.7008       2.1890       0.0000       0.0000       0.0000       0.0000       0.0000       2.8898       9.7029      21.3182      13.6545       3.4869    -543.3986      -4.1978     387.2303    -112.2036
      88      18.2205      31.1093      10.7185       3.6097    -541.7182       6.9019     146.9459    -324.2124       0.8271       3.2294       0.0000       0.0000       0.0000       0.0000       0.0000       4.0564      17.3934      27.8799      10.7185       3.6097    -541.7182      -2.8101     378.7218    -106.2049
      89      13.2829      22.2272       8.6284       4.8230    -540.8654       5.5353     156.1795    -330.1890       1.2443       2.1136       0.0000       0.0000       0.0000       0.0000       0.0000       3.3578      12.0386      20.1137       8.6284       4.8230    -540.8654      -3.0633     380.7485    -117.5765
      90      16.1388      22.9427      12.2347       5.1916    -547.7943       0.5747     159.8925    -330.8192       0.6998       0.6847       0.0000       0.0000       0.0000       0.0000       0.0000       1.3845      15.4390      22.2580      12.2347       5.1916    -547.7943      -3.7732     385.6349    -110.8093
      91      10.5988      27.5409       9.1793       2.4042    -542.2338       5.5260     151.7972    -335.1873       0.6832       1.0152       0.0000       0.0000       0.0000       0.0000       0.0000       1.6984       9.9156      26.5257       9.1793       2.4042    -542.2338      -4.5430     388.5616    -110.1904
      92      11.4979      30.1254       9.9919       3.5672    -550.0861       5.5039     157.7459    -331.6539       0.6928       2.3263       0.0000       0.0000       0.0000       0.0000       0.0000       3.0191      10.8051      27.7992       9.9919       3.5672    -550.0861      -4.1522     389.7154    -112.3596
      93      10.2092      24.0600      11.9879       3.5990    -539.1951       2.1708     157.3446    -329.8236       0.0284       4.0872       0.0000       0.0000       0.0000       0.0000       0.0000       4.1156      10.1808      19.9728      11.9879       3.5990    -539.1951      -2.4921     380.9006    -115.0461
      94      16.4258      24.2803       7.6476       2.6472    -548.1213       0.9437     156.3340    -339.8426       1.0526       1.1574       0.0000       0.0000       0.0000       0.0000       0.0000       2.2100      15.3732      23.1230       7.6476       2.6472    -548.1213      -4.6658     385.9064    -118.0897
      95       8.9728      29.9274      10.9780       3.6485    -544.2792       2.9720     149.1976    -338.5830       0.1357       2.4961       0.0000       0.0000       0.0000       0.0000       0.0000       2.6318       8.8371      27.4313      10.9780       3.6485    -544.2792      -3.8519     383.4156    -113.8206
      96      18.4758      19.6140      11.1283       4.5171    -538.1169       4.8174     149.2954    -330.2690       0.8999       3.3598       0.0000       0.0000       0.0000       0.0000       0.0000       4.2597      17.5758      16.2542      11.1283       4.5171    -538.1169      -2.6832     384.0406    -107.2841
      97       7.6852      23.4840      10.2910       3.6739    -542.7216       3.3270     161.5497    -332.7108       1.5614       2.4871       0.0000       0.0000       0.0000       0.0000       0.0000       4.0484       6.1239      20.9969      10.2910       3.6739    -542.7216      -3.6277     389.6922    -115.5713
      98       8.8936      21.9767      12.0681       4.0661    -530.4405      -0.3739     151.3383    -332.4716       0.3147       4.1142       0.0000       0.0000       0.0000       0.0000       0.0000       4.4289       8.5789      17.8625      12.0681       4.0661    -530.4405      -3.6996     370.4461    -121.1185
      99      11.5693      26.6108       9.6504       5.2706    -554.0015       1.3067     163.5307    -336.0630       0.1564       5.5684       0.0000       0.0000       0.0000       0.0000       0.0000       5.7248      11.4129      21.0424       9.6504       5.2706    -554.0015      -2.6250     394.6115    -114.6387
     100      15.9928      23.5235      10.8316       3.3586    -545.3993       2.9856     152.7340    -335.9732       0.9129       1.6487       0.0000       0.0000       0.0000       0.0000       0.0000       2.5617      15.0798      21.8747      10.8316       3.3586    -545.3993      -3.7917     387.4111    -110.6351
     101      11.3483      30.1332      11.1472       4.0465    -550.8398      -1.7507     169.3325    -326.5828       0.5906       3.2072       0.0000       0.0000       0.0000       0.0000       0.0000       3.7978      10.7577      26.9260      11.1472       4.0465    -550.8398      -4.1202     392.9249    -109.1576
     102      12.3723      24.9625      11.0927       4.2034    -541.9094       4.1640     157.3766    -327.7381       0.3745       2.4331       0.0000       0.0000       0.0000       0.0000       0.0000       2.8077      11.9977      22.5293      11.0927       4.2034    -541.9094      -3.6657     388.1597    -107.5923
     103      12.2599      28.2352      11.0597       4.0844    -547.2244       7.1226     154.7235    -329.7392       0.8332       1.7415       0.0000       0.0000       0.0000       0.0000       0.0000       2.5747      11.4267      26.4937      11.0597       4.0844    -547.2244      -5.0813     392.7826    -106.4587
     104      13.2599      26.2297      11.7377       4.5220    -542.2508       3.1447     150.8355    -332.5214       0.0504       2.5832       0.0000       0.0000       0.0000       0.0000       0.0000       2.6336      13.2095      23.6465      11.7377       4.5220    -542.2508      -4.2505     382.6636    -110.7221
     105      13.0454      19.7901      10.0619       4.1100    -544.8321       2.2875     157.9327    -337.6046       0.7126       1.5176       0.0000       0.0000       0.0000       0.0000       0.0000       2.2303      12.3327      18.2725      10.0619       4.1100    -544.8321      -2.6601     382.6751    -120.0400
     106      11.8993      21.3759      12.3566       4.1322    -536.3192       7.1523     148.5839    -330.8190       1.5326       0.8397       0.0000       0.0000       0.0000       0.0000       0.0000       2.3723      10.3668      20.5362      12.3566       4.1322    -536.3192      -3.5901     379.2296    -113.2879
     107      10.3419      36.6780      11.6034       4.4875    -546.5050       8.6747     148.9160    -325.8035       0.6841       4.7316       0.0000       0.0000       0.0000       0.0000       0.0000       5.4157       9.6578      31.9464      11.6034       4.4875    -546.5050      -2.6840     386.5232    -104.9707
     108      13.2703      32.1004      11.5457       4.6660    -548.5289       0.2418     171.8023    -314.9025       0.2467       2.7727       0.0000       0.0000       0.0000       0.0000       0.0000       3.0195      13.0235      29.3276      11.5457       4.6660    -548.5289      -2.1023     387.8308    -104.2375
     109      11.0457      22.3903      15.4567       4.4895    -537.8933       0.9688     153.7545    -329.7878       0.5405       3.2651       0.0000       0.0000       0.0000       0.0000       0.0000       3.8056      10.5051      19.1253      15.4567       4.4895    -537.8933      -3.6798     383.3980    -108.5985
     110       7.4051      26.7707      13.3473       3.7155    -546.9858      -2.1110     175.8902    -321.9680       0.0634       2.2444       0.0000       0.0000       0.0000       0.0000       0.0000       2.3077       7.3418      24.5264      13.3473       3.7155    -546.9858      -2.5036     388.5744    -111.9841
     111      12.2334      29.2867      10.9961       3.9927    -550.3871       5.6640     150.4216    -337.7926       0.7101       1.3731       0.0000       0.0000       0.0000       0.0000       0.0000       2.0833      11.5232      27.9136      10.9961       3.9927    -550.3871      -4.7286     390.2503    -110.4398
     112      15.6039      18.4981       9.4331       3.5817    -544.4130       5.9137     156.3069    -335.0755       0.2776       3.8026       0.0000       0.0000       0.0000       0.0000       0.0000       4.0801      15.3263      14.6956       9.4331       3.5817    -544.4130      -2.6982     387.0220    -117.0524
     113       9.3500      27.3814      10.4940       4.3725    -552.9274      -0.2335     167.4215    -334.1417       1.1606       1.0519       0.0000       0.0000       0.0000       0.0000       0.0000       2.2125       8.1893      26.3295      10.4940       4.3725    -552.9274      -4.8470     391.2310    -117.1580
     114      12.5132      30.5919      10.5400       3.8373    -549.9547       0.4782     162.6947    -329.2995       0.1218       2.2053       0.0000       0.0000       0.0000       0.0000       0.0000       2.3272      12.3914      28.3866      10.5400       3.8373    -549.9547      -3.7747     389.5727    -109.0015
     115      20.0566      21.7758      12.6345       3.2445    -551.8959      -3.9428     172.7562    -325.3711       0.5069       1.2303       0.0000       0.0000       0.0000       0.0000       0.0000       1.7372      19.5497      20.5455      12.6345       3.2445    -551.8959      -3.2992     385.6949    -113.5260
     116      12.8546      24.2893      12.7434       4.9268    -545.2596      -0.8516     167.4072    -323.8899       0.2616       2.7558       0.0000       0.0000       0.0000       0.0000       0.0000       3.0174      12.5930      21.5335      12.7434       4.9268    -545.2596      -2.3799     384.9335    -110.9092
     117       9.1451      25.2417      10.2892       5.1257    -537.8203       2.0081     152.2254    -333.7852       0.7669       2.8602       0.0000       0.0000       0.0000       0.0000       0.0000       3.6271       8.3783      22.3815      10.2892       5.1257    -537.8203      -4.5607     383.8661    -112.3403
     118       6.9555      19.6215      12.1420       5.5314    -538.7780       7.1651     150.0445    -337.3181       0.7796       2.5283       0.0000       0.0000       0.0000       0.0000       0.0000       3.3080       6.1759      17.0931      12.1420       5.5314    -538.7780      -1.7307     380.3159    -119.2504
     119      13.5079      30.0941       8.7216       3.7172    -540.9536       4.5596     147.2925    -333.0606       0.4553       5.5845       0.0000       0.0000       0.0000       0.0000       0.0000       6.0398      13.0526      24.5095       8.7216       3.7172    -540.9536      -2.8235     384.3065    -109.4697
     120      13.6994      22.9373       9.8995       2.2736    -541.4402       2.0479     156.9217    -333.6608       0.9456       1.8548       0.0000       0.0000       0.0000       0.0000       0.0000       2.8004      12.7538      21.0825       9.8995       2.2736    -541.4402      -4.0653     383.0930    -116.4031
     121       9.8332      34.0398       9.2057       4.4855    -547.3351      -0.3088     154.2770    -335.8028       1.2878       3.5096       0.0000       0.0000       0.0000       0.0000       0.0000       4.7975       8.5453      30.5301       9.2057       4.4855    -547.3351      -3.6102     382.3707    -115.8080
     122      10.5665      24.5559      10.4481       5.1706    -549.7051       0.5921     161.5855    -336.7863       0.0319       1.5281       0.0000       0.0000       0.0000       0.0000       0.0000       1.5600      10.5346      23.0278      10.4481       5.1706    -549.7051      -3.6642     388.8304    -115.3578
     123      17.6357      22.2593      11.6326       2.9592    -547.6705       2.4056     161.3878    -329.3903       0.3424       1.7947       0.0000       0.0000       0.0000       0.0000       0.0000       2.1371      17.2932      20.4646      11.6326       2.9592    -547.6705      -1.5034     390.7446    -106.0797
     124       8.5414      23.7129      12.4223       2.9577    -536.8894      -3.5241     158.4183    -334.3608       1.0759       2.8331       0.0000       0.0000       0.0000       0.0000       0.0000       3.9090       7.4656      20.8798      12.4223       2.9577    -536.8894      -4.1581     376.5849    -120.7372
     125       8.0538      27.8791      10.4876       6.4773    -542.6750       2.6964     160.8920    -326.1888       0.1273       0.7272       0.0000       0.0000       0.0000       0.0000       0.0000       0.8545       7.9264      27.1519      10.4876       6.4773    -542.6750      -2.4716     383.9841    -109.1192
     126      13.2967      24.2682       9.9697       2.6617    -548.8618       3.6890     156.9615    -338.0150       0.1854       1.7440       0.0000       0.0000       0.0000       0.0000       0.0000       1.9294      13.1113      22.5242       9.9697       2.6617    -548.8618      -4.0807     390.6994    -113.9762
