#Frame     p_ab[bond]  p_ab[angle]    p_ab[dih]  p_ab[vdw14] p_ab[elec14]    p_ab[vdw]   p_ab[elec]  p_ab[total]    p_a[bond]   p_a[angle]     p_a[dih]   p_a[vdw14]  p_a[elec14]     p_a[vdw]    p_a[elec]   p_a[total]    p_b[bond]   p_b[angle]     p_b[dih]   p_b[vdw14]  p_b[elec14]     p_b[vdw]    p_b[elec]   p_b[total]
       1      14.8940      13.5882       4.4356       2.5306    -278.7709      -0.1601      56.3381    -187.1445       0.6737       0.6244       0.0000       0.0000       0.0000       0.0000       0.0000       1.2980      14.2203      12.9638       4.4356       2.5306    -278.7709      -0.4590     164.1709     -80.9086
       2       3.9263       8.4574       5.2791       4.3948    -267.7177       5.3988      37.1337    -203.1277       0.5276       3.2565       0.0000       0.0000       0.0000       0.0000       0.0000       3.7841       3.3987       5.2008       5.2791       4.3948    -267.7177       0.6794     153.9082     -94.8566
       3       2.0691       9.7189       5.4237       2.3144    -262.6854       4.5427      35.7613    -202.8553       1.1106       1.5205       0.0000       0.0000       0.0000       0.0000       0.0000       2.6310       0.9586       8.1984       5.4237       2.3144    -262.6854      -1.2111     155.4868     -91.5146
       4       4.9771      12.9681       4.8278       1.7847    -265.8719      -0.4136      46.4937    -195.2342       1.2258       3.7824       0.0000       0.0000       0.0000       0.0000       0.0000       5.0082       3.7513       9.1857       4.8278       1.7847    -265.8719      -0.1104     156.3405     -90.0924
       5       4.2322       9.9852       4.4400       1.8991    -268.0555       0.1285      44.0804    -203.2901       0.1828       1.3701       0.0000       0.0000       0.0000       0.0000       0.0000       1.5529       4.0494       8.6151       4.4400       1.8991    -268.0555      -1.0762     155.9126     -94.2156
       6       9.0314      13.8015       5.0058       1.1277    -278.8152       1.4518      45.9123    -202.4848       1.2807       3.0319       0.0000       0.0000       0.0000       0.0000       0.0000       4.3126       7.7506      10.7696       5.0058       1.1277    -278.8152      -1.4361     163.9399     -91.6576
       7       5.3320      16.8095       3.8471       2.6245    -275.0092       2.5965      43.6712    -200.1285       1.1258       1.6546       0.0000       0.0000       0.0000       0.0000       0.0000       2.7803       4.2062      15.1549       3.8471       2.6245    -275.0092      -0.5233     161.3668     -88.3331
       8       6.7850       9.5333       5.8399       2.2234    -271.9179       2.6865      42.7492    -202.1006       0.0162       1.2585       0.0000       0.0000       0.0000       0.0000       0.0000       1.2747       6.7688       8.2747       5.8399       2.2234    -271.9179      -0.5711     159.6277     -89.7544
       9       7.3800      12.0461       4.3087       1.7753    -266.0797       2.2342      37.7770    -200.5584       0.7728       1.5612       0.0000       0.0000       0.0000       0.0000       0.0000       2.3340       6.6072      10.4849       4.3087       1.7753    -266.0797      -1.1582     154.8860     -89.1757
      10       4.0646      10.1375       4.6077       1.6821    -271.2031       2.4136      45.1495    -203.1481       0.0679       1.9595       0.0000       0.0000       0.0000       0.0000       0.0000       2.0274       3.9967       8.1780       4.6077       1.6821    -271.2031      -0.3638     161.2049     -91.8975
      11       5.1426      16.6311       7.7732       1.8410    -278.5586       0.5337      55.2156    -191.4214       0.6908       1.4787       0.0000       0.0000       0.0000       0.0000       0.0000       2.1695       4.4518      15.1524       7.7732       1.8410    -278.5586      -1.0044     163.0457     -87.2989
      12       8.9344      10.3727       4.6244       3.1494    -270.6584      -1.4814      91.7830    -153.2758       0.3500       3.2151       0.0000       0.0000       0.0000       0.0000       0.0000       3.5650       8.5844       7.1576       4.6244       3.1494    -270.6584      -1.1050     156.2769     -91.9706
      13       3.5109      19.9208       7.0297       1.9073    -275.6429       3.4484      46.7916    -193.0341       0.0108       1.4781       0.0000       0.0000       0.0000       0.0000       0.0000       1.4889       3.5002      18.4427       7.0297       1.9073    -275.6429      -1.4695     163.0010     -83.2315
      14      11.2632      16.0384       5.3981       0.9776    -274.0821      -1.2512      55.8677    -185.7884       1.1138       0.5455       0.0000       0.0000       0.0000       0.0000       0.0000       1.6593      10.1493      15.4929       5.3981       0.9776    -274.0821      -1.2555     161.1864     -82.1333
      15       3.6300      10.8743       4.3041       1.9988    -268.8714       3.6400      37.8597    -206.5645       0.0482       2.2449       0.0000       0.0000       0.0000       0.0000       0.0000       2.2931       3.5818       8.6294       4.3041       1.9988    -268.8714      -0.4658     158.5047     -92.3184
      16       4.5718      11.0831       4.2759       3.2965    -263.1130      -0.8208      43.0074    -197.6991       1.2542       0.4138       0.0000       0.0000       0.0000       0.0000       0.0000       1.6680       3.3177      10.6692       4.2759       3.2965    -263.1130      -1.1468     154.6474     -88.0532
      17       8.2660      13.4118       6.3877       1.4875    -273.1718       1.7188      43.0263    -198.8738       0.1674       1.6014       0.0000       0.0000       0.0000       0.0000       0.0000       1.7688       8.0985      11.8104       6.3877       1.4875    -273.1718      -1.4701     159.3739     -87.4838
      18       5.4038      22.7207       4.3327       2.2299    -266.4656      -0.3810      42.5277    -189.6319       0.4427       6.3797       0.0000       0.0000       0.0000       0.0000       0.0000       6.8224       4.9611      16.3410       4.3327       2.2299    -266.4656      -0.3742     152.7841     -86.1911
      19       4.4752      13.8901       3.9347       2.4195    -275.9679       6.4238      39.5512    -205.2734       0.1423       4.8447       0.0000       0.0000       0.0000       0.0000       0.0000       4.9870       4.3329       9.0454       3.9347       2.4195    -275.9679      -0.8409     163.4351     -93.6412
      20       4.5799      10.8765       4.1437       1.9084    -271.0581      -2.2486      80.1086    -171.6896       0.3300       1.9967       0.0000       0.0000       0.0000       0.0000       0.0000       2.3267       4.2498       8.8798       4.1437       1.9084    -271.0581      -1.3324     159.2818     -93.9269
      21       6.0589      12.8897       3.7559       1.8788    -275.7894      -0.3226      48.3975    -203.1312       0.3864       1.7984       0.0000       0.0000       0.0000       0.0000       0.0000       2.1847       5.6726      11.0913       3.7559       1.8788    -275.7894      -1.2611     162.0906     -92.5613
      22       9.0091       8.5326       8.5390       2.0901    -273.9281       1.3400      45.9119    -198.5053       1.1134       1.3340       0.0000       0.0000       0.0000       0.0000       0.0000       2.4475       7.8957       7.1986       8.5390       2.0901    -273.9281      -0.0037     158.7155     -89.4930
      23       4.7703       8.3386       3.5366       2.4646    -269.2449       0.1450      43.2158    -206.7740       1.1479       1.7745       0.0000       0.0000       0.0000       0.0000       0.0000       2.9224       3.6224       6.5640       3.5366       2.4646    -269.2449      -1.1089     157.3836     -96.7825
      24       5.8154       9.7753       4.9361       2.5515    -271.6032       2.9308      39.5382    -206.0559       0.1583       2.4638       0.0000       0.0000       0.0000       0.0000       0.0000       2.6221       5.6571       7.3115       4.9361       2.5515    -271.6032      -0.7530     158.3761     -93.5239
      25       4.7510      14.4525       5.5807       3.1118    -264.9903       2.6619      37.1459    -197.2865       1.6720       3.1085       0.0000       0.0000       0.0000       0.0000       0.0000       4.7805       3.0789      11.3440       5.5807       3.1118    -264.9903      -0.2683     154.2191     -87.9241
      26       5.8239      14.6217       7.7274       1.7771    -273.5674       3.8661      39.3039    -200.4474       0.4426       2.0302       0.0000       0.0000       0.0000       0.0000       0.0000       2.4728       5.3812      12.5915       7.7274       1.7771    -273.5674      -0.9524     159.5803     -87.4622
      27       8.7348      13.7496       4.0738       2.3523    -273.4638       1.4050      42.9034    -200.2449       1.4941       0.8760       0.0000       0.0000       0.0000       0.0000       0.0000       2.3700       7.2407      12.8737       4.0738       2.3523    -273.4638      -1.1949     159.7997     -88.3186
      28       3.2350      14.8864       3.2833       1.5175    -271.8971       4.1382      43.3667    -201.4700       0.4736       1.1421       0.0000       0.0000       0.0000       0.0000       0.0000       1.6157       2.7614      13.7443       3.2833       1.5175    -271.8971      -1.3429     161.9733     -89.9602
      29       5.0846      11.1944       3.4946       1.6049    -268.3656       0.4414      42.6237    -203.9221       0.7223       0.9617       0.0000       0.0000       0.0000       0.0000       0.0000       1.6839       4.3624      10.2327       3.4946       1.6049    -268.3656      -1.2735     155.9225     -94.0221
      30       5.6762       9.8850       4.8100       2.0574    -273.0239       2.5644      49.1909    -198.8399       1.7191       1.3225       0.0000       0.0000       0.0000       0.0000       0.0000       3.0416       3.9571       8.5625       4.8100       2.0574    -273.0239      -0.7097     160.3274     -94.0191
      31       9.0599      14.4826       5.7625       1.9506    -271.9943       0.4534      46.7379    -193.5474       1.1095       0.4289       0.0000       0.0000       0.0000       0.0000       0.0000       1.5384       7.9504      14.0537       5.7625       1.9506    -271.9943      -0.6017     157.3369     -85.5419
      32       3.6232      10.7416       4.6979       1.9383    -268.8604       3.3669      44.3914    -200.1011       0.7718       0.6830       0.0000       0.0000       0.0000       0.0000       0.0000       1.4548       2.8515      10.0586       4.6979       1.9383    -268.8604      -0.0146     157.9146     -91.4141
      33       5.9605       8.3636       4.8991       1.5567    -272.1759       1.1288      45.5911    -204.6760       0.4069       0.7675       0.0000       0.0000       0.0000       0.0000       0.0000       1.1744       5.5536       7.5962       4.8991       1.5567    -272.1759      -1.2412     158.3978     -95.4138
      34       7.6669      12.1019       5.0993       2.1489    -272.6192      -0.7680      51.0626    -195.3076       1.7674       2.4448       0.0000       0.0000       0.0000       0.0000       0.0000       4.2122       5.8995       9.6571       5.0993       2.1489    -272.6192      -0.9089     160.0560     -90.6673
      35       4.1226      14.1016       3.2690       1.9069    -271.5086       1.6614      47.0366    -199.4106       1.4336       1.1498       0.0000       0.0000       0.0000       0.0000       0.0000       2.5834       2.6891      12.9518       3.2690       1.9069    -271.5086      -1.4010     161.5835     -90.5093
      36      10.6793      19.2946       4.7149       2.1896    -274.8272       0.4962      44.6491    -192.8036       0.0471       5.7947       0.0000       0.0000       0.0000       0.0000       0.0000       5.8417      10.6322      13.5000       4.7149       2.1896    -274.8272      -1.4097     160.0804     -85.1199
      37       4.0941      11.8974       3.1582       2.0840    -268.0240       4.9030      39.5640    -202.3232       0.3650       2.2229       0.0000       0.0000       0.0000       0.0000       0.0000       2.5878       3.7292       9.6746       3.1582       2.0840    -268.0240      -0.8585     157.4690     -92.7675
      38      10.0454      12.5668       5.4591       2.8981    -271.2094      -0.1702      42.6091    -197.8011       2.0606       2.5810       0.0000       0.0000       0.0000       0.0000       0.0000       4.6416       7.9848       9.9858       5.4591       2.8981    -271.2094      -1.0150     157.4456     -88.4511
      39       3.9809      10.4634       5.3101       2.2218    -263.3462       2.1219      37.3980    -201.8500       0.7004       2.5526       0.0000       0.0000       0.0000       0.0000       0.0000       3.2529       3.2806       7.9108       5.3101       2.2218    -263.3462      -0.3429     151.1340     -93.8318
      40       7.3791      13.4957       5.8130       2.9436    -268.0640       2.3973      40.7069    -195.3285       1.3280       1.4734       0.0000       0.0000       0.0000       0.0000       0.0000       2.8014       6.0510      12.0223       5.8130       2.9436    -268.0640      -1.0857     155.9904     -86.3295
      41       8.0395       9.8871       3.9985       2.0157    -268.5775      -0.0045      43.1415    -201.4996       1.8191       1.5052       0.0000       0.0000       0.0000       0.0000       0.0000       3.3244       6.2204       8.3819       3.9985       2.0157    -268.5775      -1.2296     157.0891     -92.1014
      42       5.5499      14.1170       5.8451       2.0754    -275.8012       0.7909      44.7913    -202.6316       0.3742       2.6703       0.0000       0.0000       0.0000       0.0000       0.0000       3.0445       5.1756      11.4468       5.8451       2.0754    -275.8012      -1.2535     162.4719     -90.0399
      43       3.8935      13.1592       4.9605       2.1056    -268.3213       3.0164      38.4682    -202.7180       0.7691       1.7535       0.0000       0.0000       0.0000       0.0000       0.0000       2.5226       3.1243      11.4057       4.9605       2.1056    -268.3213      -1.0153     155.5653     -92.1752
      44       2.2451      14.2429       6.2511       2.1454    -270.7994       2.2272      43.6585    -200.0292       0.2211       1.0169       0.0000       0.0000       0.0000       0.0000       0.0000       1.2380       2.0240      13.2260       6.2511       2.1454    -270.7994      -1.2834     158.1064     -90.3299
      45       5.0949      13.7003       6.0894       1.9569    -272.5040       1.7666      43.0767    -200.8193       0.6171       1.3898       0.0000       0.0000       0.0000       0.0000       0.0000       2.0069       4.4779      12.3104       6.0894       1.9569    -272.5040      -1.0934     158.0507     -90.7122
      46       9.0859      15.0946       5.1646       1.4506    -277.6380       2.7293      44.0809    -200.0320       0.6866       0.7356       0.0000       0.0000       0.0000       0.0000       0.0000       1.4222       8.3993      14.3590       5.1646       1.4506    -277.6380      -0.6918     162.5332     -86.4231
      47       4.7549      12.7302       4.9876       2.4765    -271.3720       0.8888      43.6472    -201.8868       0.5615       1.8631       0.0000       0.0000       0.0000       0.0000       0.0000       2.4246       4.1934      10.8671       4.9876       2.4765    -271.3720      -1.3291     160.0619     -90.1147
      48       3.5866       9.8255       4.7051       2.7305    -272.2095       0.5650      46.7389    -204.0579       0.1718       1.1598       0.0000       0.0000       0.0000       0.0000       0.0000       1.3315       3.4149       8.6657       4.7051       2.7305    -272.2095      -0.9593     159.5078     -94.1448
      49       2.4531      11.0531       4.6053       1.5401    -267.9267       3.5061      35.9662    -208.8029       0.0539       4.2335       0.0000       0.0000       0.0000       0.0000       0.0000       4.2873       2.3992       6.8196       4.6053       1.5401    -267.9267      -1.1594     156.7267     -96.9952
      50       4.7043      15.4895       4.9893       1.3938    -265.8987       2.2685      36.1078    -200.9456       0.3397       3.3256       0.0000       0.0000       0.0000       0.0000       0.0000       3.6653       4.3646      12.1639       4.9893       1.3938    -265.8987      -1.2148     153.4999     -90.7020
      51       2.9487       6.7842       4.3987       2.3201    -268.9287       0.4866      45.4789    -206.5114       0.1611       0.8117       0.0000       0.0000       0.0000       0.0000       0.0000       0.9728       2.7876       5.9725       4.3987       2.3201    -268.9287      -0.9526     156.5677     -97.8347
      52       8.9095       6.2366       4.2730       2.2553    -269.9509       0.2024      48.7890    -199.2852       0.1620       1.3235       0.0000       0.0000       0.0000       0.0000       0.0000       1.4855       8.7475       4.9130       4.2730       2.2553    -269.9509       0.2889     157.2982     -92.1750
      53       5.2272      12.2706       3.6946       1.7634    -268.0265       2.6674      39.5386    -202.8647       0.1960       1.9757       0.0000       0.0000       0.0000       0.0000       0.0000       2.1717       5.0312      10.2948       3.6946       1.7634    -268.0265      -0.6669     154.9302     -92.9790
      54       5.1358      11.6524       5.2725       2.9891    -268.9743      -0.3028      45.9770    -198.2503       1.7209       3.4614       0.0000       0.0000       0.0000       0.0000       0.0000       5.1823       3.4149       8.1910       5.2725       2.9891    -268.9743      -0.9129     157.3493     -92.6704
      55       7.4243      12.0227       3.0777       2.8781    -273.4987       0.4763      44.5261    -203.0935       1.1773       3.2757       0.0000       0.0000       0.0000       0.0000       0.0000       4.4529       6.2470       8.7470       3.0777       2.8781    -273.4987      -0.4709     158.1909     -94.8289
      56       6.2742      15.4559       5.9894       1.7027    -277.6339       3.2848      48.1666    -196.7604       0.0530       1.8815       0.0000       0.0000       0.0000       0.0000       0.0000       1.9346       6.2211      13.5743       5.9894       1.7027    -277.6339      -1.2890     162.1564     -89.2789
      57       4.0982      15.5921       8.8182       1.5802    -271.7930      -1.3128      50.0360    -192.9812       0.0201       1.7648       0.0000       0.0000       0.0000       0.0000       0.0000       1.7849       4.0781      13.8273       8.8182       1.5802    -271.7930      -1.4471     156.6497     -88.2867
      58       7.0535       9.3050       5.8060       1.5289    -270.0518       2.1687      41.4293    -202.7604       1.3021       1.1228       0.0000       0.0000       0.0000       0.0000       0.0000       2.4249       5.7513       8.1822       5.8060       1.5289    -270.0518      -1.0999     157.9352     -91.9481
      59       6.4067       7.9877       7.9185       4.4950    -268.2001       2.7443      48.4448    -190.2031       0.1510       2.0912       0.0000       0.0000       0.0000       0.0000       0.0000       2.2421       6.2557       5.8966       7.9185       4.4950    -268.2001       0.6618     157.0359     -85.9367
      60       3.1913       8.7607       5.3590       2.7479    -268.3102       0.2134      43.0948    -204.9431       0.1162       2.2611       0.0000       0.0000       0.0000       0.0000       0.0000       2.3773       3.0752       6.4996       5.3590       2.7479    -268.3102      -0.8407     156.6692     -94.8001
      61       6.6398      21.5669       5.8461       3.3268    -274.7307       3.1938      42.6293    -191.5280       2.6319       4.9871       0.0000       0.0000       0.0000       0.0000       0.0000       7.6190       4.0079      16.5798       5.8461       3.3268    -274.7307      -0.9816     162.1832     -83.7685
      62       4.0752       7.7281       4.4743       2.4670    -268.3011       1.9159      42.2016    -205.4389       0.3394       0.6342       0.0000       0.0000       0.0000       0.0000       0.0000       0.9736       3.7358       7.0939       4.4743       2.4670    -268.3011      -0.9982     154.2315     -97.2967
      63       4.9520       9.2915       7.6058       2.5088    -271.7865       0.9486      44.7144    -201.7655       2.2869       2.7958       0.0000       0.0000       0.0000       0.0000       0.0000       5.0827       2.6651       6.4957       7.6058       2.5088    -271.7865      -0.4381     159.7630     -93.1863
      64       3.5170      13.1229       3.7622       1.5228    -265.1446      -1.0706      43.9306    -200.3598       0.6855       2.9262       0.0000       0.0000       0.0000       0.0000       0.0000       3.6117       2.8315      10.1967       3.7622       1.5228    -265.1446      -1.3731     155.2417     -92.9628
      65       4.9359      10.8178       4.7422       1.9856    -265.8833      -1.3384      53.1027    -191.6375       0.2505       1.1072       0.0000       0.0000       0.0000       0.0000       0.0000       1.3577       4.6854       9.7106       4.7422       1.9856    -265.8833      -0.9109     154.8506     -90.8198
      66       7.1739       9.2065       3.5574       2.3534    -265.2889       1.4361      37.0277    -204.5339       0.6023       1.0516       0.0000       0.0000       0.0000       0.0000       0.0000       1.6539       6.5715       8.1550       3.5574       2.3534    -265.2889      -1.0241     151.9550     -93.7207
      67       5.4169      13.9186       4.5286       2.2737    -272.2771       1.4668      42.2362    -202.4364       0.2194       3.7393       0.0000       0.0000       0.0000       0.0000       0.0000       3.9588       5.1975      10.1792       4.5286       2.2737    -272.2771      -1.0265     158.9719     -92.1527
      68       5.1694      13.3217       4.7665       2.1060    -272.5154       3.2068      45.8139    -198.1311       0.0381       3.0961       0.0000       0.0000       0.0000       0.0000       0.0000       3.1342       5.1314      10.2256       4.7665       2.1060    -272.5154      -0.7744     158.3576     -92.7027
      69      12.2336      13.8832       4.4068       2.8665    -280.8780       0.3718      53.1741    -193.9419       0.7421       3.0776       0.0000       0.0000       0.0000       0.0000       0.0000       3.8196      11.4915      10.8056       4.4068       2.8665    -280.8780      -0.6234     164.2147     -87.7163
      70       5.3898      12.6449       5.1046       2.1308    -273.0996       2.0172      42.6465    -203.1658       0.4783       2.4075       0.0000       0.0000       0.0000       0.0000       0.0000       2.8858       4.9114      10.2374       5.1046       2.1308    -273.0996      -0.7776     159.3783     -92.1146
      71       8.6572      13.3294       4.3440       1.9223    -273.2769       2.0365      39.5460    -203.4415       0.1278       4.1472       0.0000       0.0000       0.0000       0.0000       0.0000       4.2750       8.5294       9.1822       4.3440       1.9223    -273.2769      -1.3324     158.7129     -91.9184
      72       5.0501      13.6566       7.6234       1.9570    -271.7389       1.1054      43.5898    -198.7566       0.3880       3.6142       0.0000       0.0000       0.0000       0.0000       0.0000       4.0023       4.6620      10.0424       7.6234       1.9570    -271.7389      -1.1097     159.2783     -89.2856
      73       5.7041      11.5879       5.2686       2.5751    -274.2607       1.5330      49.0260    -198.5661       0.0199       1.6091       0.0000       0.0000       0.0000       0.0000       0.0000       1.6289       5.6842       9.9788       5.2686       2.5751    -274.2607      -0.8206     159.0822     -92.4924
      74       1.7906      17.6995       6.6092       1.5986    -274.4826       1.0497      47.0940    -198.6410       0.1792       3.2566       0.0000       0.0000       0.0000       0.0000       0.0000       3.4358       1.6114      14.4429       6.6092       1.5986    -274.4826      -1.2200     160.3367     -91.1038
      75       3.7548      12.8412       5.2898       1.4923    -265.1193      -1.1053      47.6716    -195.1750       0.8900       1.4774       0.0000       0.0000       0.0000       0.0000       0.0000       2.3675       2.8648      11.3638       5.2898       1.4923    -265.1193      -1.4388     152.9699     -92.5777
      76       4.2587      14.7594       4.0481       1.5638    -267.1227      -0.3939      42.4137    -200.4730       0.0108       0.4944       0.0000       0.0000       0.0000       0.0000       0.0000       0.5052       4.2479      14.2650       4.0481       1.5638    -267.1227      -1.5022     153.7426     -90.7576
      77       5.0948      14.0488       7.2713       2.9130    -274.2174       1.0348      48.0496    -195.8053       0.5587       4.9314       0.0000       0.0000       0.0000       0.0000       0.0000       5.4901       4.5361       9.1174       7.2713       2.9130    -274.2174      -0.4040     162.0915     -88.6922
      78       6.1774       9.4271       7.0554       1.9677    -265.5003       1.0310      36.9542    -202.8875       1.8428       2.0531       0.0000       0.0000       0.0000       0.0000       0.0000       3.8958       4.3347       7.3740       7.0554       1.9677    -265.5003      -1.0824     152.6582     -93.1928
      79       7.5695      16.1756       5.4183       1.8739    -280.5363      -0.3537      51.2390    -198.6138       0.2196       2.5771       0.0000       0.0000       0.0000       0.0000       0.0000       2.7967       7.3499      13.5985       5.4183       1.8739    -280.5363      -1.1464     164.4357     -89.0064
      80       2.9985      12.5730       8.3740       2.8100    -267.7910      -0.6825      59.8117    -181.9063       0.1437       1.5079       0.0000       0.0000       0.0000       0.0000       0.0000       1.6516       2.8547      11.0651       8.3740       2.8100    -267.7910       0.0364     155.5220     -87.1286
      81       4.5243      15.0719       3.4853       2.8524    -265.6132       1.0106      42.4469    -196.2218       0.2510       1.4300       0.0000       0.0000       0.0000       0.0000       0.0000       1.6810       4.2733      13.6419       3.4853       2.8524    -265.6132      -0.9228     153.7839     -88.4993
      82       4.4431       9.3068      10.1097       2.3067    -271.0036       0.4200      43.7510    -200.6664       0.8203       2.3663       0.0000       0.0000       0.0000       0.0000       0.0000       3.1866       3.6228       6.9404      10.1097       2.3067    -271.0036      -0.8978     157.7689     -91.1528
      83       6.6056      14.4189       3.8516       2.7918    -271.9012       1.4419      44.2298    -198.5615       0.4732       0.6310       0.0000       0.0000       0.0000       0.0000       0.0000       1.1042       6.1324      13.7879       3.8516       2.7918    -271.9012      -1.1325     159.9281     -86.5418
      84       5.8914      11.6127       3.8353       1.3933    -272.4406      -0.0119      44.5792    -205.1406       0.5032       1.7595       0.0000       0.0000       0.0000       0.0000       0.0000       2.2626       5.3882       9.8533       3.8353       1.3933    -272.4406      -1.2570     159.7546     -93.4729
      85       7.2846      12.7447       3.5179       2.6371    -269.8863       3.9312      37.1470    -202.6238       1.0575       2.0218       0.0000       0.0000       0.0000       0.0000       0.0000       3.0793       6.2271      10.7229       3.5179       2.6371    -269.8863      -1.0979     155.8819     -91.9973
      86       4.3421      11.9394       3.8060       1.2816    -269.3167      -0.8543      46.0486    -202.7534       1.4335       1.8757       0.0000       0.0000       0.0000       0.0000       0.0000       3.3092       2.9086      10.0637       3.8060       1.2816    -269.3167      -1.3688     157.7775     -94.8482
      87       2.1527      10.6078       5.3044       3.0291    -263.8227       3.0962      35.9929    -203.6397       0.3814       3.6059       0.0000       0.0000       0.0000       0.0000       0.0000       3.9873       1.7713       7.0019       5.3044       3.0291    -263.8227      -1.2318     153.7640     -94.1838
      88       6.6889      13.4865       4.6390       1.7033    -270.3005       1.6002      43.8938    -198.2888       0.5306       1.8361       0.0000       0.0000       0.0000       0.0000       0.0000       2.3667       6.1583      11.6504       4.6390       1.7033    -270.3005      -0.8422     157.8818     -89.1098
      89       7.8418      15.9803       3.2598       2.7044    -274.2847       5.0515      37.3054    -202.1415       0.0074       5.9403       0.0000       0.0000       0.0000       0.0000       0.0000       5.9478       7.8343      10.0399       3.2598       2.7044    -274.2847      -1.2495     160.2746     -91.4211
      90       1.9313      15.0486       4.1085       2.0453    -266.5532       0.4655      44.0707    -198.8833       0.0222       0.1770       0.0000       0.0000       0.0000       0.0000       0.0000       0.1992       1.9091      14.8716       4.1085       2.0453    -266.5532      -1.2100     154.3899     -90.4388
      91       4.3634      15.4365       6.0043       2.1743    -273.2946       2.0312      43.8496    -199.4353       0.8834       3.9836       0.0000       0.0000       0.0000       0.0000       0.0000       4.8670       3.4800      11.4529       6.0043       2.1743    -273.2946      -0.8532     160.8475     -90.1888
      92       7.7332      12.8324       4.5839       1.7482    -265.7607       3.4441      37.1233    -198.2958       0.5059       4.1171       0.0000       0.0000       0.0000       0.0000       0.0000       4.6230       7.2272       8.7153       4.5839       1.7482    -265.7607      -1.3453     157.3838     -87.4476
      93       5.8874      11.0946       4.1544       2.5915    -268.2331       4.5589      42.3564    -197.5898       0.3520       2.2143       0.0000       0.0000       0.0000       0.0000       0.0000       2.5664       5.5354       8.8802       4.1544       2.5915    -268.2331       1.8526     156.5905     -88.6284
      94       6.6943      15.2928       3.8878       1.3370    -269.7915       2.3908      40.1507    -200.0382       1.7932       4.3099       0.0000       0.0000       0.0000       0.0000       0.0000       6.1030       4.9012      10.9829       3.8878       1.3370    -269.7915      -1.0538     158.2707     -91.4657
      95       4.6599      14.1851       5.5100       2.4301    -269.1678       1.4579      37.5756    -203.3491       0.5628       6.6175       0.0000       0.0000       0.0000       0.0000       0.0000       7.1804       4.0970       7.5676       5.5100       2.4301    -269.1678      -0.9880     154.5119     -96.0391
      96       5.6547      11.0696       3.9035       1.9923    -274.7183       6.0637      38.0904    -207.9440       0.7468       1.3434       0.0000       0.0000       0.0000       0.0000       0.0000       2.0902       4.9079       9.7262       3.9035       1.9923    -274.7183      -0.9846     159.6592     -95.5137
      97       6.1844      14.0584       8.0287       1.4318    -276.4180       2.0742      50.9640    -193.6765       0.0242       2.2361       0.0000       0.0000       0.0000       0.0000       0.0000       2.2603       6.1602      11.8223       8.0287       1.4318    -276.4180      -1.2616     163.8688     -86.3679
      98       5.0129       9.0520       4.2537       1.3630    -271.4290      -0.1346      45.4717    -206.4104       0.7135       1.8581       0.0000       0.0000       0.0000       0.0000       0.0000       2.5717       4.2994       7.1938       4.2537       1.3630    -271.4290      -1.2293     156.5877     -98.9608
      99       7.5765      13.1984       6.9096       2.0348    -274.6025       0.5924      46.9039    -197.3869       0.9022       4.0730       0.0000       0.0000       0.0000       0.0000       0.0000       4.9752       6.6743       9.1255       6.9096       2.0348    -274.6025      -1.1699     160.6074     -90.4208
     100       5.6615      14.2587       4.1545       2.4917    -273.6619       2.1313      39.2192    -205.7449       1.3828       1.2462       0.0000       0.0000       0.0000       0.0000       0.0000       2.6289       4.2787      13.0125       4.1545       2.4917    -273.6619      -0.6283     156.7685     -93.5842
     101       2.8359       7.4290       6.0777       2.1798    -269.4639       0.8577      45.4237    -204.6602       0.2582       2.2179       0.0000       0.0000       0.0000       0.0000       0.0000       2.4761       2.5777       5.2111       6.0777       2.1798    -269.4639      -1.0973     157.9486     -96.5663
     102       1.6546      15.1843       5.6384       2.2075    -261.9044       5.4593      32.9638    -198.7964       0.0777       4.6299       0.0000       0.0000       0.0000       0.0000       0.0000       4.7076       1.5769      10.5544       5.6384       2.2075    -261.9044      -0.6119     152.1857     -90.3533
     103       5.7139      12.1659       5.8574       2.0435    -270.3128      -0.1284      47.1913    -197.4691       0.4303       3.1397       0.0000       0.0000       0.0000       0.0000       0.0000       3.5700       5.2836       9.0262       5.8574       2.0435    -270.3128      -0.4795     156.0924     -92.4891
     104       4.7982      13.8212       8.5141       2.2620    -269.2092       8.4743      34.0066    -197.3328       0.4408       2.2012       0.0000       0.0000       0.0000       0.0000       0.0000       2.6421       4.3573      11.6199       8.5141       2.2620    -269.2092      -1.4105     157.0220     -86.8443
     105       2.7101      16.4215       5.0788       1.8013    -271.3567      -0.9494      47.7969    -198.4977       0.3677       4.2337       0.0000       0.0000       0.0000       0.0000       0.0000       4.6014       2.3424      12.1877       5.0788       1.8013    -271.3567      -1.1012     155.5812     -95.4664
     106      10.4478      15.3617       4.5328       1.0893    -272.9155      -0.0339      46.5371    -194.9805       0.2632       5.3088       0.0000       0.0000       0.0000       0.0000       0.0000       5.5720      10.1846      10.0530       4.5328       1.0893    -272.9155      -1.4546     159.1817     -89.3287
     107       3.4803      15.6526       3.7763       2.1090    -267.6210      -1.0925      45.3565    -198.3387       0.4146       5.0673       0.0000       0.0000       0.0000       0.0000       0.0000       5.4819       3.0658      10.5852       3.7763       2.1090    -267.6210      -0.8766     156.4177     -92.5435
     108       3.6654       9.2484       4.3499       3.2593    -264.8459       0.3466      39.2860    -204.6904       0.5264       2.7836       0.0000       0.0000       0.0000       0.0000       0.0000       3.3100       3.1391       6.4648       4.3499       3.2593    -264.8459      -0.8430     151.5089     -96.9671
     109       2.3153      12.8733       5.1514       1.3576    -263.5243       1.8493      39.2364    -200.7409       0.7662       1.3063       0.0000       0.0000       0.0000       0.0000       0.0000       2.0725       1.5492      11.5670       5.1514       1.3576    -263.5243      -1.3794     154.3646     -90.9139
     110       2.5800      13.0491       3.3415       2.4725    -267.4631       1.1205      39.0161    -205.8833       0.0965       4.1099       0.0000       0.0000       0.0000       0.0000       0.0000       4.2064       2.4835       8.9391       3.3415       2.4725    -267.4631      -1.1765     154.3712     -97.0317
     111       7.2609      14.1524       3.9189       3.2756    -271.0246       0.3741      42.4649    -199.5778       0.3166       1.8713       0.0000       0.0000       0.0000       0.0000       0.0000       2.1879       6.9444      12.2810       3.9189       3.2756    -271.0246      -1.0828     157.7062     -87.9813
     112       7.6812      10.6930       4.1922       2.1912    -267.4863       2.9264      40.5599    -199.2425       1.7010       2.0655       0.0000       0.0000       0.0000       0.0000       0.0000       3.7666       5.9802       8.6274       4.1922       2.1912    -267.4863      -0.8475     157.9698     -89.3730
     113      10.1549      10.1460       4.1563       2.0654    -275.1839       5.2877      41.3650    -202.0086       0.0650       0.6516       0.0000       0.0000       0.0000       0.0000       0.0000       0.7166      10.0899       9.4944       4.1563       2.0654    -275.1839      -1.2247     159.9482     -90.6544
     114       3.8675      12.6932       4.7170       3.2042    -266.6175       2.6940      41.8040    -197.6377       2.2196       0.2875       0.0000       0.0000       0.0000       0.0000       0.0000       2.5071       1.6478      12.4057       4.7170       3.2042    -266.6175      -0.6370     154.3837     -90.8960
     115       6.0009      15.5120       3.5400       1.6109    -270.4452       6.4857      35.0504    -202.2453       0.1282       2.7010       0.0000       0.0000       0.0000       0.0000       0.0000       2.8291       5.8728      12.8111       3.5400       1.6109    -270.4452      -1.0216     154.9948     -92.6373
     116       6.3549       7.7247       4.6660       2.0034    -269.3247      -0.6129      46.1241    -203.0646       1.3934       0.7632       0.0000       0.0000       0.0000       0.0000       0.0000       2.1566       4.9615       6.9615       4.6660       2.0034    -269.3247      -1.1328     157.7783     -94.0869
     117       5.6133      10.8196       3.9907       1.4121    -271.8718       2.9779      45.0471    -202.0111       0.6486       0.9427       0.0000       0.0000       0.0000       0.0000       0.0000       1.5912       4.9647       9.8769       3.9907       1.4121    -271.8718      -1.1815     159.5681     -93.2406
     118       6.9696      13.2580       7.9375       2.0128    -268.4093       1.0912      41.4118    -195.7285       0.9841       2.9213       0.0000       0.0000       0.0000       0.0000       0.0000       3.9054       5.9855      10.3367       7.9375       2.0128    -268.4093      -1.0998     155.3711     -87.8655
     119       4.8428      12.0488       4.3113       1.9484    -271.2175       1.1620      41.6292    -205.2751       0.2089       0.9634       0.0000       0.0000       0.0000       0.0000       0.0000       1.1723       4.6339      11.0853       4.3113       1.9484    -271.2175      -1.3398     157.2521     -93.3262
     120       7.7848      11.7246       9.8845       1.9916    -278.6724       2.2164      45.1429    -199.9275       0.6093       1.0026       0.0000       0.0000       0.0000       0.0000       0.0000       1.6119       7.1755      10.7221       9.8845       1.9916    -278.6724      -0.9384     161.2258     -88.6112
     121       9.0183       9.9616       4.2843       2.3680    -279.5642       1.7638      49.9515    -202.2168       0.3456       1.6160       0.0000       0.0000       0.0000       0.0000       0.0000       1.9616       8.6727       8.3456       4.2843       2.3680    -279.5642      -0.7013     162.2080     -94.3869
     122       9.0323       9.4484       5.4444       2.7924    -276.6950      -0.1817      48.5488    -201.6104       0.8227       1.8122       0.0000       0.0000       0.0000       0.0000       0.0000       2.6350       8.2096       7.6362       5.4444       2.7924    -276.6950      -1.3402     160.8795     -93.0731
     123       5.7893      13.7264       6.1034       1.5490    -271.6757      -0.9892      51.3087    -194.1881       1.2359       4.2856       0.0000       0.0000       0.0000       0.0000       0.0000       5.5215       4.5534       9.4408       6.1034       1.5490    -271.6757      -1.1929     161.0124     -90.2095
     124       8.1895      12.7374       4.5481       2.4515    -272.3242       2.1923      41.7845    -200.4209       0.3102       1.6867       0.0000       0.0000       0.0000       0.0000       0.0000       1.9969       7.8793      11.0507       4.5481       2.4515    -272.3242      -1.1048     158.1551     -89.3443
     125       7.8497      13.9857       5.6643       2.6827    -276.2919       1.6666      47.6397    -196.8033       0.4578       2.9801       0.0000       0.0000       0.0000       0.0000       0.0000       3.4379       7.3919      11.0056       5.6643       2.6827    -276.2919      -0.7640     161.5073     -88.8041
     126       4.2173       9.5227       4.7766       2.0297    -272.5058       2.7866      39.6478    -209.5251       0.5402       2.9136       0.0000       0.0000       0.0000       0.0000       0.0000       3.4538       3.6771       6.6091       4.7766       2.0297    -272.5058      -1.1059     159.8403     -96.6790
