#Frame     e_ab[bond]  e_ab[angle]    e_ab[dih]  e_ab[vdw14] e_ab[elec14]    e_ab[vdw]   e_ab[elec]  e_ab[total]    e_a[bond]   e_a[angle]     e_a[dih]   e_a[vdw14]  e_a[elec14]     e_a[vdw]    e_a[elec]   e_a[total]    e_b[bond]   e_b[angle]     e_b[dih]   e_b[vdw14]  e_b[elec14]     e_b[vdw]    e_b[elec]   e_b[total]
       1      12.4246      36.1362      16.7745       5.1242    -537.2542      10.3407     144.3857    -312.0682       0.5286       9.7069       0.0000       0.0000       0.0000       0.0000       0.0000      10.2356      11.8960      26.4293      16.7745       5.1242    -537.2542      -0.4629     383.3118     -94.1812
       2      10.0776      33.1686      10.1550       3.2918    -544.1325       7.3537     149.5321    -330.5536       0.1352       3.4377       0.0000       0.0000       0.0000       0.0000       0.0000       3.5729       9.9424      29.7309      10.1550       3.2918    -544.1325      -4.3558     393.7570    -101.6111
       3       8.9084      31.1839      11.3539       3.3336    -548.5804       4.4284     154.3547    -335.0175       0.1593       3.5247       0.0000       0.0000       0.0000       0.0000       0.0000       3.6840       8.7491      27.6592      11.3539       3.3336    -548.5804      -4.7398     390.8691    -111.3553
       4      11.1862      27.3532       9.1518       3.5643    -545.8058      -0.1025     151.4333    -343.2196       0.4338      11.5843       0.0000       0.0000       0.0000       0.0000       0.0000      12.0182      10.7524      15.7688       9.1518       3.5643    -545.8058      -2.3178     385.2232    -123.6631
       5       9.0327      25.5872       9.6572       2.9037    -542.8920       1.4169     158.5696    -335.7247       0.0585       2.1484       0.0000       0.0000       0.0000       0.0000       0.0000       2.2069       8.9742      23.4388       9.6572       2.9037    -542.8920      -4.6503     385.5979    -116.9705
       6      14.8155      22.4425       9.0655       3.3350    -546.3514      -1.0772     168.2674    -329.5026       0.1139       1.9377       0.0000       0.0000       0.0000       0.0000       0.0000       2.0516      14.7016      20.5047       9.0655       3.3350    -546.3514      -3.0093     386.3823    -115.3715
       7      16.8499      26.7765       9.6173       4.3969    -545.2334       2.9473     151.9917    -332.6538       1.1729       2.6042       0.0000       0.0000       0.0000       0.0000       0.0000       3.7771      15.6770      24.1723       9.6173       4.3969    -545.2334      -3.9601     385.6346    -109.6955
       8      12.8089      24.8958      10.6296       3.3027    -545.8525       3.7122     154.8118    -335.6914       0.6655       3.1451       0.0000       0.0000       0.0000       0.0000       0.0000       3.8107      12.1434      21.7507      10.6296       3.3027    -545.8525      -3.2480     390.8765    -110.3975
       9      10.7089      28.5587       8.2953       4.4848    -544.0839      -0.6926     158.2707    -334.4581       0.8102       2.5009       0.0000       0.0000       0.0000       0.0000       0.0000       3.3111       9.8987      26.0578       8.2953       4.4848    -544.0839      -4.1795     386.5901    -112.9368
      10      13.4291      23.8872       9.0422       3.9692    -547.2072      -0.4451     160.2684    -337.0560       0.8423       5.2713       0.0000       0.0000       0.0000       0.0000       0.0000       6.1137      12.5868      18.6159       9.0422       3.9692    -547.2072      -3.9041     391.7734    -115.1238
      11       8.1040      26.9797      12.5102       4.2007    -537.8301       3.8735     161.5480    -320.6140       0.3203       2.5023       0.0000       0.0000       0.0000       0.0000       0.0000       2.8226       7.7837      24.4774      12.5102       4.2007    -537.8301      -1.2832     387.6749    -102.4664
      12       8.2960      24.9347       7.6076       3.5982    -540.8244       3.9456     152.5207    -339.9217       0.0310       3.9277       0.0000       0.0000       0.0000       0.0000       0.0000       3.9587       8.2650      21.0070       7.6076       3.5982    -540.8244      -4.6662     389.3013    -115.7115
      13      10.3405      21.1540      11.1655       3.4433    -540.0644      -0.0167     164.5763    -329.4015       0.1364       1.4450       0.0000       0.0000       0.0000       0.0000       0.0000       1.5815      10.2041      19.7089      11.1655       3.4433    -540.0644      -4.5095     387.5382    -112.5138
      14      19.7249      25.3302       9.2577       3.9757    -551.7618      -0.0974     157.4397    -336.1310       0.1314       2.2324       0.0000       0.0000       0.0000       0.0000       0.0000       2.3638      19.5936      23.0977       9.2577       3.9757    -551.7618      -4.4304     389.1537    -111.1139
      15      20.7402      20.5674       9.6888       3.7327    -553.4623       5.4720     152.3196    -340.9416       0.6293       4.5709       0.0000       0.0000       0.0000       0.0000       0.0000       5.2001      20.1110      15.9965       9.6888       3.7327    -553.4623      -3.8573     391.7063    -116.0843
      16      14.7946      30.4535       9.8044       4.2923    -540.7419       0.8930     152.6394    -327.8646       1.0071       1.6997       0.0000       0.0000       0.0000       0.0000       0.0000       2.7069      13.7874      28.7538       9.8044       4.2923    -540.7419      -3.2320     375.6914    -111.6445
      17      12.8667      18.7530       9.9665       3.2921    -541.6750       1.2289     160.1460    -335.4218       1.3888       2.5275       0.0000       0.0000       0.0000       0.0000       0.0000       3.9163      11.4780      16.2256       9.9665       3.2921    -541.6750      -4.4356     383.1646    -121.9839
      18      15.6116      25.2913      10.7960       5.1912    -546.7219       8.7077     156.3887    -324.7354       0.0093       1.6981       0.0000       0.0000       0.0000       0.0000       0.0000       1.7074      15.6023      23.5932      10.7960       5.1912    -546.7219       0.7598     384.0544    -106.7251
      19       7.4469      25.5391       9.4695       6.1507    -534.1546       1.5734     147.7247    -336.2502       0.0032       2.7534       0.0000       0.0000       0.0000       0.0000       0.0000       2.7566       7.4437      22.7857       9.4695       6.1507    -534.1546      -2.6815     380.6550    -110.3314
      20      18.9552      22.9253      10.6652       3.5863    -551.1696       4.7493     158.0262    -332.2621       4.0745       1.4444       0.0000       0.0000       0.0000       0.0000       0.0000       5.5189      14.8808      21.4808      10.6652       3.5863    -551.1696      -3.8953     393.3421    -111.1097
      21       9.8702      30.1744       9.8464       5.9596    -537.4463       1.1526     152.4809    -327.9623       0.6021       3.5651       0.0000       0.0000       0.0000       0.0000       0.0000       4.1672       9.2681      26.6093       9.8464       5.9596    -537.4463      -2.5264     378.9571    -109.3322
      22      15.6640      24.9544       9.6379       4.5783    -551.2288      -0.7900     168.1061    -329.0781       0.2133       1.4556       0.0000       0.0000       0.0000       0.0000       0.0000       1.6690      15.4507      23.4988       9.6379       4.5783    -551.2288      -3.6963     387.2430    -114.5165
      23      12.4593      25.4436      12.2972       6.7201    -546.2739      -0.7291     161.9457    -328.1372       0.1952       1.9654       0.0000       0.0000       0.0000       0.0000       0.0000       2.1607      12.2640      23.4782      12.2972       6.7201    -546.2739      -4.5541     388.9919    -107.0766
      24       7.6240      28.3459       8.2048       4.5624    -540.2700       2.4089     160.5094    -328.6147       0.0908       2.8501       0.0000       0.0000       0.0000       0.0000       0.0000       2.9409       7.5332      25.4957       8.2048       4.5624    -540.2700      -3.0677     388.4248    -109.1168
      25       9.9018      21.5485      12.2106       4.0855    -533.5076       2.0674     144.0488    -339.6450       0.7199       1.2132       0.0000       0.0000       0.0000       0.0000       0.0000       1.9332       9.1819      20.3353      12.2106       4.0855    -533.5076      -3.7477     377.9573    -113.4847
      26      11.0872      21.6996      10.5779       6.4894    -540.8789       2.7712     146.2586    -341.9950       0.0579       4.5408       0.0000       0.0000       0.0000       0.0000       0.0000       4.5987      11.0293      17.1588      10.5779       6.4894    -540.8789      -2.8641     383.5909    -114.8967
      27      10.2632      26.6521      15.3518       4.0004    -544.8662       0.8906     165.7194    -321.9887       0.2903       2.6052       0.0000       0.0000       0.0000       0.0000       0.0000       2.8955       9.9729      24.0469      15.3518       4.0004    -544.8662      -3.5956     387.1806    -107.9092
      28       9.0114      24.2257       9.6806       3.3569    -540.3223       6.5044     145.6699    -341.8735       0.1287       1.6248       0.0000       0.0000       0.0000       0.0000       0.0000       1.7535       8.8827      22.6009       9.6806       3.3569    -540.3223      -4.1396     381.5295    -118.4114
      29      13.7367      25.9773      15.0739       3.9238    -550.1872       3.9679     157.2683    -330.2393       1.8064       0.9643       0.0000       0.0000       0.0000       0.0000       0.0000       2.7707      11.9304      25.0130      15.0739       3.9238    -550.1872      -3.2301     389.1795    -108.2968
      30       9.3782      25.1849      11.9572       3.5761    -542.9714       4.6861     152.1233    -336.0656       0.4052       2.3990       0.0000       0.0000       0.0000       0.0000       0.0000       2.8042       8.9730      22.7859      11.9572       3.5761    -542.9714      -0.4279     378.0243    -118.0828
      31       8.9044      28.3263       9.4889       4.5034    -546.9640       6.8504     160.1072    -328.7834       0.0211       4.1454       0.0000       0.0000       0.0000       0.0000       0.0000       4.1665       8.8833      24.1809       9.4889       4.5034    -546.9640      -2.8567     389.5759    -113.1884
      32      12.9291      22.7086      11.1008       3.8977    -543.6328       7.0691     152.3156    -333.6119       0.2432       1.2826       0.0000       0.0000       0.0000       0.0000       0.0000       1.5257      12.6860      21.4260      11.1008       3.8977    -543.6328      -4.1314     385.4064    -113.2474
      33      12.2151      34.1064      10.8057       3.4494    -545.3377      -2.8818     171.7924    -315.8506       0.0767       1.9598       0.0000       0.0000       0.0000       0.0000       0.0000       2.0365      12.1384      32.1466      10.8057       3.4494    -545.3377      -2.0280     378.6685    -110.1572
      34      11.2663      27.5259       8.6763       4.4304    -546.2917       5.1041     155.4499    -333.8387       0.5328       0.8691       0.0000       0.0000       0.0000       0.0000       0.0000       1.4018      10.7336      26.6569       8.6763       4.4304    -546.2917      -3.1239     387.8530    -111.0655
      35      15.1194      33.8593       9.5658       3.5121    -547.5770       3.4058     156.2766    -325.8381       0.3699       3.6351       0.0000       0.0000       0.0000       0.0000       0.0000       4.0050      14.7494      30.2242       9.5658       3.5121    -547.5770      -4.7588     386.1571    -108.1272
      36       7.8412      24.8296       9.2139       4.4676    -536.9744      -1.7276     158.4062    -333.9435       0.4782       1.0305       0.0000       0.0000       0.0000       0.0000       0.0000       1.5087       7.3630      23.7990       9.2139       4.4676    -536.9744      -2.9123     378.9599    -116.0832
      37      13.9972      26.9056       9.8777       3.0615    -532.4548       4.1569     147.4126    -327.0433       0.5970       4.5346       0.0000       0.0000       0.0000       0.0000       0.0000       5.1316      13.4003      22.3709       9.8777       3.0615    -532.4548      -3.1295     373.8480    -113.0259
      38      12.9001      24.7951      13.2823       5.3861    -542.2884       3.3542     161.6609    -320.9097       0.3151       0.3421       0.0000       0.0000       0.0000       0.0000       0.0000       0.6572      12.5850      24.4531      13.2823       5.3861    -542.2884       0.0390     378.8454    -107.6976
      39      12.5682      29.2062      14.6536       2.5042    -547.2820       0.6041     159.2923    -328.4535       0.1821       2.3235       0.0000       0.0000       0.0000       0.0000       0.0000       2.5056      12.3861      26.8826      14.6536       2.5042    -547.2820      -4.2822     388.1160    -107.0218
      40      10.1704      25.7759      10.1970       4.7754    -549.3961       3.8409     159.1598    -335.4767       0.1538       2.0989       0.0000       0.0000       0.0000       0.0000       0.0000       2.2527      10.0166      23.6770      10.1970       4.7754    -549.3961      -4.3968     383.9293    -121.1975
      41      21.0244      27.3252      13.2119       3.5254    -555.4325      -1.3927     158.6675    -333.0708       0.6928       3.7139       0.0000       0.0000       0.0000       0.0000       0.0000       4.4067      20.3316      23.6113      13.2119       3.5254    -555.4325      -4.4684     393.2312    -105.9895
      42      15.5146      22.1554       8.3767       3.7667    -552.0711       6.6864     152.6583    -342.9130       0.1410       3.3502       0.0000       0.0000       0.0000       0.0000       0.0000       3.4913      15.3736      18.8052       8.3767       3.7667    -552.0711      -2.7444     388.0286    -120.4647
      43      11.0297      26.0775      12.6102       5.1415    -541.9583       3.6159     154.7959    -328.6876       1.2948       3.3240       0.0000       0.0000       0.0000       0.0000       0.0000       4.6189       9.7349      22.7535      12.6102       5.1415    -541.9583      -3.8791     386.1605    -109.4369
      44       9.0032      33.8628      12.1800       3.7879    -543.0878       2.6502     153.9863    -327.6174       0.0722       4.9097       0.0000       0.0000       0.0000       0.0000       0.0000       4.9818       8.9310      28.9532      12.1800       3.7879    -543.0878      -4.0406     386.8883    -106.3880
      45      13.5137      30.1595      15.1168       4.1696    -552.6950       8.5517     153.2544    -327.9294       1.3946       7.1176       0.0000       0.0000       0.0000       0.0000       0.0000       8.5122      12.1191      23.0419      15.1168       4.1696    -552.6950      -2.1094     392.8791    -107.4779
      46      10.9901      22.7084       9.5057       4.6470    -540.3115      -0.2161     152.1233    -340.5530       1.2506       2.6860       0.0000       0.0000       0.0000       0.0000       0.0000       3.9367       9.7395      20.0224       9.5057       4.6470    -540.3115      -3.0437     380.2766    -119.1640
      47      15.5017      27.3345      12.4370       3.3893    -546.5584      -0.1045     156.4736    -331.5268       0.6420       0.3358       0.0000       0.0000       0.0000       0.0000       0.0000       0.9778      14.8597      26.9986      12.4370       3.3893    -546.5584      -3.9940     384.9294    -107.9383
      48      12.7220      25.8106      11.6671       3.7825    -546.2470      -1.8203     159.6962    -334.3889       1.0957       1.5345       0.0000       0.0000       0.0000       0.0000       0.0000       2.6302      11.6262      24.2761      11.6671       3.7825    -546.2470      -4.1956     384.3340    -114.7566
      49      13.8180      23.2720      12.7299       4.3117    -549.6724       9.2208     146.3427    -339.9772       0.8511       1.8870       0.0000       0.0000       0.0000       0.0000       0.0000       2.7381      12.9669      21.3850      12.7299       4.3117    -549.6724      -2.8127     390.1309    -110.9606
      50      15.9621      35.9322       9.3605       2.4345    -545.8471      -0.2703     155.6268    -326.8012       2.6938       2.9244       0.0000       0.0000       0.0000       0.0000       0.0000       5.6182      13.2683      33.0078       9.3605       2.4345    -545.8471      -4.1356     388.8302    -103.0813
      51      11.9163      29.4797      10.0036       3.3722    -534.9993       1.4094     149.0188    -329.7992       0.0692       3.2283       0.0000       0.0000       0.0000       0.0000       0.0000       3.2975      11.8471      26.2515      10.0036       3.3722    -534.9993      -3.6993     382.1307    -105.0936
      52      11.4431      26.6073       8.7025       4.0220    -546.5493       4.1942     161.5801    -330.0001       0.1681       1.1442       0.0000       0.0000       0.0000       0.0000       0.0000       1.3123      11.2750      25.4631       8.7025       4.0220    -546.5493      -3.5986     384.4505    -116.2347
      53       9.3301      22.9914       8.8826       4.1074    -542.2211      -0.9471     155.9780    -341.8787       0.4801       3.8046       0.0000       0.0000       0.0000       0.0000       0.0000       4.2847       8.8500      19.1868       8.8826       4.1074    -542.2211      -3.9134     378.8325    -126.2752
      54      10.4292      25.1055      14.5518       6.0692    -538.8771       2.2100     151.8253    -328.6862       0.8853       2.7890       0.0000       0.0000       0.0000       0.0000       0.0000       3.6743       9.5439      22.3165      14.5518       6.0692    -538.8771      -1.8922     372.2906    -115.9973
      55       8.9098      22.5621      12.8892       5.2071    -542.6299       2.5770     155.5396    -334.9450       0.5166       0.9977       0.0000       0.0000       0.0000       0.0000       0.0000       1.5143       8.3933      21.5644      12.8892       5.2071    -542.6299      -2.9873     381.9075    -115.6557
      56       7.2013      19.0614      11.0480       4.3323    -532.1991       4.3511     146.7104    -339.4946       0.0399       2.0007       0.0000       0.0000       0.0000       0.0000       0.0000       2.0406       7.1614      17.0607      11.0480       4.3323    -532.1991      -3.0935     374.7417    -120.9485
      57       6.5841      24.1883       8.4337       4.5726    -536.6078       4.7932     154.1320    -333.9039       0.4649       4.1344       0.0000       0.0000       0.0000       0.0000       0.0000       4.5994       6.1192      20.0538       8.4337       4.5726    -536.6078      -2.1521     377.5984    -121.9822
      58      13.6829      21.1332      11.1611       4.4488    -542.3450       5.1747     157.6041    -329.1402       0.0877       2.3915       0.0000       0.0000       0.0000       0.0000       0.0000       2.4792      13.5952      18.7417      11.1611       4.4488    -542.3450      -3.5508     387.1864    -110.7625
      59      10.5070      21.2510      13.9951       4.6497    -539.8061       0.3136     157.2608    -331.8289       0.0607       1.3995       0.0000       0.0000       0.0000       0.0000       0.0000       1.4601      10.4464      19.8515      13.9951       4.6497    -539.8061      -3.4141     378.9772    -115.3003
      60       7.4574      19.2229       7.1923       4.0290    -531.5473       3.6742     148.5613    -341.4103       2.3373       1.1403       0.0000       0.0000       0.0000       0.0000       0.0000       3.4776       5.1200      18.0826       7.1923       4.0290    -531.5473      -2.8929     381.4670    -118.5493
      61       8.8899      15.9960       8.4192       4.4791    -534.0617      -2.2226     162.4624    -336.0378       2.0875       1.0299       0.0000       0.0000       0.0000       0.0000       0.0000       3.1174       6.8024      14.9661       8.4192       4.4791    -534.0617      -3.5374     378.4556    -124.4767
      62      10.4824      24.1997      10.6427       5.0315    -539.4206       1.8950     154.0870    -333.0824       0.2375       3.4809       0.0000       0.0000       0.0000       0.0000       0.0000       3.7184      10.2449      20.7188      10.6427       5.0315    -539.4206      -2.1305     378.9690    -115.9442
      63       5.7038      18.5237       8.6191       4.7872    -540.9356       3.0101     153.3791    -346.9126       0.3195       2.7235       0.0000       0.0000       0.0000       0.0000       0.0000       3.0430       5.3844      15.8003       8.6191       4.7872    -540.9356      -3.0705     379.8079    -129.6073
      64      14.3436      18.3552      10.3656       3.8970    -539.4061      -2.6874     160.3277    -334.8044       1.7163       2.0680       0.0000       0.0000       0.0000       0.0000       0.0000       3.7843      12.6273      16.2872      10.3656       3.8970    -539.4061      -2.2790     372.5742    -125.9338
      65      14.2520      23.6873      10.7344       4.8729    -545.6503      -0.1528     162.9670    -329.2895       0.3426       1.9512       0.0000       0.0000       0.0000       0.0000       0.0000       2.2938      13.9093      21.7361      10.7344       4.8729    -545.6503      -2.5274     378.9978    -117.9272
      66      10.9916      30.5898      13.0691       4.1487    -549.2571       0.7949     164.0970    -325.5660       0.3475       2.4718       0.0000       0.0000       0.0000       0.0000       0.0000       2.8193      10.6441      28.1180      13.0691       4.1487    -549.2571      -2.4169     384.9359    -110.7582
      67       8.3749      31.9565      12.7308       5.5699    -540.0645       1.9323     164.6942    -314.8059       1.6794       4.6930       0.0000       0.0000       0.0000       0.0000       0.0000       6.3724       6.6955      27.2635      12.7308       5.5699    -540.0645      -1.6119     381.3847    -108.0321
      68      10.0384      28.7129       9.2939       4.8430    -551.3889       1.6062     164.1382    -332.7563       0.2410       1.3608       0.0000       0.0000       0.0000       0.0000       0.0000       1.6019       9.7974      27.3521       9.2939       4.8430    -551.3889      -2.0719     385.1029    -117.0716
      69      11.1171      23.7943       7.5101       3.4940    -544.2453       3.9430     162.3778    -332.0090       0.3290       4.5208       0.0000       0.0000       0.0000       0.0000       0.0000       4.8498      10.7881      19.2735       7.5101       3.4940    -544.2453      -4.1102     389.0239    -118.2659
      70       6.7319      24.2701      11.4987       3.9813    -539.2311       3.7741     156.1370    -332.8381       0.0187       2.2041       0.0000       0.0000       0.0000       0.0000       0.0000       2.2227       6.7132      22.0660      11.4987       3.9813    -539.2311      -3.6420     382.5697    -116.0442
      71      14.9267      28.8186      11.4867       3.8892    -546.5918       1.6678     163.1404    -322.6623       0.0623       2.9826       0.0000       0.0000       0.0000       0.0000       0.0000       3.0450      14.8644      25.8360      11.4867       3.8892    -546.5918      -4.0741     386.0144    -108.5752
      72      12.0933      25.6962      10.4438       4.7335    -541.0008       1.3193     158.5565    -328.1582       1.0829       3.4589       0.0000       0.0000       0.0000       0.0000       0.0000       4.5419      11.0104      22.2373      10.4438       4.7335    -541.0008      -3.5602     384.7748    -111.3612
      73      15.8671      31.5995      11.4148       4.7087    -559.4729       1.1273     175.3611    -319.3944       1.0184       0.1792       0.0000       0.0000       0.0000       0.0000       0.0000       1.1976      14.8488      31.4203      11.4148       4.7087    -559.4729      -3.0656     396.8450    -103.3010
      74      13.8096      27.2971      14.0281       6.2942    -548.5442      -0.1056     160.1159    -327.1048       1.9693       0.2380       0.0000       0.0000       0.0000       0.0000       0.0000       2.2073      11.8404      27.0591      14.0281       6.2942    -548.5442      -3.6915     380.9374    -112.0766
      75      10.3099      21.9192       8.8247       4.4627    -539.9925       5.6017     156.5638    -332.3106       1.7195       3.2892       0.0000       0.0000       0.0000       0.0000       0.0000       5.0088       8.5903      18.6299       8.8247       4.4627    -539.9925      -2.0830     384.6884    -116.8794
      76      12.2386      31.6004       6.7453       4.9149    -549.3994       2.3370     166.1787    -325.3846       0.0004       2.9412       0.0000       0.0000       0.0000       0.0000       0.0000       2.9416      12.2382      28.6592       6.7453       4.9149    -549.3994      -3.5296     393.1004    -107.2710
      77      13.0976      28.5663      13.5028       3.6694    -553.8002       5.2685     164.5141    -325.1815       0.1336       5.8729       0.0000       0.0000       0.0000       0.0000       0.0000       6.0065      12.9640      22.6933      13.5028       3.6694    -553.8002      -3.4065     397.4960    -106.8812
      78       9.1606      25.7859       9.2816       5.8179    -545.1419       4.3406     153.0477    -337.7075       0.2173       1.9373       0.0000       0.0000       0.0000       0.0000       0.0000       2.1546       8.9433      23.8487       9.2816       5.8179    -545.1419      -2.3520     379.5144    -120.0881
      79      10.0991      25.5453       9.8982       3.9663    -540.2404       4.8465     148.5516    -337.3334       0.3712       5.3979       0.0000       0.0000       0.0000       0.0000       0.0000       5.7690       9.7279      20.1474       9.8982       3.9663    -540.2404      -2.4662     376.5132    -122.4535
      80      11.8816      25.5872       9.1063       4.4424    -545.0379       0.7065     168.8436    -324.4703       0.1014       0.0149       0.0000       0.0000       0.0000       0.0000       0.0000       0.1163      11.7802      25.5722       9.1063       4.4424    -545.0379      -3.7541     389.0760    -108.8147
      81      11.4425      21.0884       8.2142       3.8209    -548.9566       4.4554     158.0661    -341.8692       2.1998       0.3803       0.0000       0.0000       0.0000       0.0000       0.0000       2.5801       9.2427      20.7081       8.2142       3.8209    -548.9566      -2.4033     386.4484    -122.9256
      82      12.0666      22.6597      12.9364       2.8560    -549.9903       0.5847     158.8221    -340.0648       0.5307       2.2457       0.0000       0.0000       0.0000       0.0000       0.0000       2.7764      11.5358      20.4140      12.9364       2.8560    -549.9903      -3.9356     384.3793    -121.8044
      83      12.1019      29.8507      10.0207       2.7324    -544.4417      -0.9659     155.7601    -334.9417       0.3655       3.4511       0.0000       0.0000       0.0000       0.0000       0.0000       3.8166      11.7364      26.3997      10.0207       2.7324    -544.4417      -3.8389     383.3250    -114.0664
      84      11.8069      21.7680      13.5175       5.7335    -542.6055      -1.1526     161.2027    -329.7295       0.1756       1.5919       0.0000       0.0000       0.0000       0.0000       0.0000       1.7675      11.6313      20.1761      13.5175       5.7335    -542.6055      -2.6362     375.2489    -118.9344
      85       6.3260      24.8551      10.2948       4.9968    -537.4295       3.7575     152.5383    -334.6611       0.1451       2.1516       0.0000       0.0000       0.0000       0.0000       0.0000       2.2966       6.1809      22.7035      10.2948       4.9968    -537.4295      -2.7263     382.6966    -113.2831
      86      11.1879      27.1294       8.4383       4.5837    -549.3998      -1.0740     168.3356    -330.7989       1.0120       0.3157       0.0000       0.0000       0.0000       0.0000       0.0000       1.3277      10.1759      26.8136       8.4383       4.5837    -549.3998      -4.8243     395.8065    -108.4060
      87      11.6827      26.1797      10.3623       4.0848    -550.9748       4.4787     155.2664    -338.9200       0.1464       4.1473       0.0000       0.0000       0.0000       0.0000       0.0000       4.2937      11.5363      22.0324      10.3623       4.0848    -550.9748      -2.0024     392.5718    -112.3894
      88      15.1203      30.8881       7.8615       4.8683    -549.7552       5.8894     158.7488    -326.3789       0.9681       3.4584       0.0000       0.0000       0.0000       0.0000       0.0000       4.4265      14.1522      27.4297       7.8615       4.8683    -549.7552      -3.2567     392.7371    -105.9632
      89       9.4380      27.6155       9.8978       3.4484    -541.3166       4.2785     155.7048    -330.9335       0.2061       2.9330       0.0000       0.0000       0.0000       0.0000       0.0000       3.1391       9.2319      24.6825       9.8978       3.4484    -541.3166      -4.7917     387.4794    -111.3682
      90      16.8378      32.3500      14.1671       4.5695    -542.4983       2.3441     146.6625    -325.5674       1.5982       5.5492       0.0000       0.0000       0.0000       0.0000       0.0000       7.1474      15.2396      26.8008      14.1671       4.5695    -542.4983      -3.1465     385.4706     -99.3973
      91      13.4917      24.0039       8.2852       4.7353    -545.4593       2.9017     159.7829    -332.2586       1.1749       3.5635       0.0000       0.0000       0.0000       0.0000       0.0000       4.7384      12.3168      20.4404       8.2852       4.7353    -545.4593      -3.5839     389.5112    -113.7543
      92       7.0445      25.4043       9.2071       3.7844    -536.9334       6.9345     142.4655    -342.0931       0.1438       3.6300       0.0000       0.0000       0.0000       0.0000       0.0000       3.7738       6.9008      21.7742       9.2071       3.7844    -536.9334      -3.4679     381.3225    -117.4123
      93      12.0139      29.8048      11.9132       3.0562    -540.5819       2.1870     152.4352    -329.1715       0.3334       2.5496       0.0000       0.0000       0.0000       0.0000       0.0000       2.8830      11.6806      27.2552      11.9132       3.0562    -540.5819      -3.7350     385.0851    -105.3266
      94       9.1883      19.5871      11.8196       5.5129    -543.6872       7.3591     152.7487    -337.4714       0.1737       4.2603       0.0000       0.0000       0.0000       0.0000       0.0000       4.4340       9.0146      15.3268      11.8196       5.5129    -543.6872       0.7717     383.2061    -118.0355
      95      13.1290      23.3630       9.7044       3.4263    -547.0083       5.5036     148.0641    -343.8180       0.0027       2.2835       0.0000       0.0000       0.0000       0.0000       0.0000       2.2862      13.1263      21.0795       9.7044       3.4263    -547.0083      -3.8071     382.3663    -121.1126
      96      12.4613      29.6971      11.5808       5.1348    -542.2117       0.8403     152.9720    -329.5254       0.3729       3.9171       0.0000       0.0000       0.0000       0.0000       0.0000       4.2901      12.0884      25.7800      11.5808       5.1348    -542.2117      -3.5097     387.9390    -103.1984
      97      11.4449      19.7483      10.1851       4.3343    -538.4783       2.9109     143.6206    -346.2342       0.3310       3.2106       0.0000       0.0000       0.0000       0.0000       0.0000       3.5417      11.1138      16.5377      10.1851       4.3343    -538.4783      -3.9911     381.2147    -119.0838
      98       8.0054      24.4022      10.5536       4.3925    -542.0144       0.4376     157.7366    -336.4865       0.6992       3.6393       0.0000       0.0000       0.0000       0.0000       0.0000       4.3384       7.3062      20.7630      10.5536       4.3925    -542.0144      -3.4761     383.9913    -118.4839
      99       9.5856      25.9155      11.4311       4.6357    -544.1040       5.3766     153.9176    -333.2419       0.8207       3.4424       0.0000       0.0000       0.0000       0.0000       0.0000       4.2631       8.7648      22.4731      11.4311       4.6357    -544.1040      -3.2717     386.1897    -113.8812
     100      12.4105      26.2152      11.8611       4.4826    -542.5450       2.7465     146.3059    -338.5231       0.5962       1.9359       0.0000       0.0000       0.0000       0.0000       0.0000       2.5321      11.8143      24.2793      11.8611       4.4826    -542.5450      -4.0988     381.4812    -112.7253
     101      10.8032      26.6891      10.6790       4.9492    -542.4016       2.4966     154.6213    -332.1632       0.5581       1.5265       0.0000       0.0000       0.0000       0.0000       0.0000       2.0847      10.2450      25.1626      10.6790       4.9492    -542.4016      -3.4917     383.8100    -111.0474
     102      10.0934      23.8718      10.3778       4.9007    -548.1961      -1.7758     175.4755    -325.2528       0.9151       0.7689       0.0000       0.0000       0.0000       0.0000       0.0000       1.6840       9.1783      23.1029      10.3778       4.9007    -548.1961      -3.7238     388.1731    -116.1871
     103       7.2823      26.1893      12.1613       5.3607    -550.8507       9.2601     155.7465    -334.8506       0.0570       4.0033       0.0000       0.0000       0.0000       0.0000       0.0000       4.0603       7.2253      22.1860      12.1613       5.3607    -550.8507      -2.4336     394.2337    -112.1173
     104      11.5336      23.5578       9.0615       4.0610    -535.1012       8.5852     143.8550    -334.4470       0.1066       2.1838       0.0000       0.0000       0.0000       0.0000       0.0000       2.2904      11.4270      21.3741       9.0615       4.0610    -535.1012      -0.8611     371.9720    -118.0667
     105      17.2823      21.0406      12.5876       4.8523    -551.1667       4.1813     156.8384    -334.3842       0.0026       1.5120       0.0000       0.0000       0.0000       0.0000       0.0000       1.5146      17.2798      19.5286      12.5876       4.8523    -551.1667      -4.7707     392.9310    -108.7582
     106       9.6387      19.9286       7.0895       5.5675    -534.2143       5.0074     143.2445    -343.7381       0.7093       0.8308       0.0000       0.0000       0.0000       0.0000       0.0000       1.5401       8.9295      19.0978       7.0895       5.5675    -534.2143      -3.0694     378.8788    -117.7206
     107       9.4858      24.0664       8.3536       4.2614    -531.2179       3.2467     147.0800    -334.7239       0.6912       2.2136       0.0000       0.0000       0.0000       0.0000       0.0000       2.9049       8.7946      21.8528       8.3536       4.2614    -531.2179      -4.1572     382.5263    -109.5864
     108       9.8913      30.1105       8.1724       4.3023    -539.4540       0.5849     157.3241    -329.0686       0.4303       2.2180       0.0000       0.0000       0.0000       0.0000       0.0000       2.6483       9.4610      27.8925       8.1724       4.3023    -539.4540      -3.8593     381.1535    -112.3317
     109       8.7487      27.3246      15.0183       4.0101    -545.3314      -1.4670     167.5179    -324.1788       0.2923       0.8206       0.0000       0.0000       0.0000       0.0000       0.0000       1.1129       8.4565      26.5040      15.0183       4.0101    -545.3314      -3.8370     381.4437    -113.7359
     110       7.9808      31.3677       8.0192       4.0279    -539.1873       1.1290     152.9127    -333.7500       0.9405       0.8643       0.0000       0.0000       0.0000       0.0000       0.0000       1.8048       7.0403      30.5034       8.0192       4.0279    -539.1873      -4.5077     379.8632    -114.2409
     111      14.8237      24.5790       8.5871       3.9735    -543.0112      -0.5885     162.4828    -329.1536       0.6040       2.0715       0.0000       0.0000       0.0000       0.0000       0.0000       2.6756      14.2197      22.5074       8.5871       3.9735    -543.0112      -3.8565     389.1524    -108.4275
     112      12.7317      26.7589      11.9873       3.0628    -546.6892       3.1326     149.4594    -339.5565       0.3158       3.7394       0.0000       0.0000       0.0000       0.0000       0.0000       4.0553      12.4159      23.0195      11.9873       3.0628    -546.6892      -3.9831     386.3801    -113.8068
     113      11.1335      31.1009       7.8106       4.9012    -545.3454       0.9732     159.8841    -329.5420       0.4181       0.7790       0.0000       0.0000       0.0000       0.0000       0.0000       1.1971      10.7154      30.3219       7.8106       4.9012    -545.3454      -4.4203     386.3420    -109.6746
     114      12.3839      27.7342       9.6449       5.5051    -546.8199       0.1616     160.7404    -330.6498       1.2771       1.9308       0.0000       0.0000       0.0000       0.0000       0.0000       3.2079      11.1067      25.8034       9.6449       5.5051    -546.8199      -3.7362     391.3722    -107.1237
     115       8.8195      27.2142      13.2546       3.6936    -544.6507       1.3543     160.3919    -329.9226       1.0419       2.4272       0.0000       0.0000       0.0000       0.0000       0.0000       3.4691       7.7776      24.7870      13.2546       3.6936    -544.6507      -2.7395     383.3613    -114.5162
     116       7.1047      25.1484      12.3435       4.7212    -538.3693       7.6252     147.0568    -334.3696       1.5142       3.8136       0.0000       0.0000       0.0000       0.0000       0.0000       5.3278       5.5905      21.3348      12.3435       4.7212    -538.3693      -3.2662     381.8158    -115.8298
     117      11.1510      20.6679      10.6994       5.0477    -540.3202       2.4172     156.3390    -333.9980       0.4287       2.8264       0.0000       0.0000       0.0000       0.0000       0.0000       3.2551      10.7223      17.8415      10.6994       5.0477    -540.3202      -0.6996     383.1438    -113.5651
     118       7.5597      28.4051       8.7381       3.4857    -538.0096      -0.9392     151.6155    -339.1448       0.0843       5.0163       0.0000       0.0000       0.0000       0.0000       0.0000       5.1005       7.4754      23.3888       8.7381       3.4857    -538.0096      -4.4319     378.7252    -120.6283
     119      11.9479      27.5650      14.8045       3.9994    -544.8795       5.0806     152.8260    -328.6559       0.8634       1.6734       0.0000       0.0000       0.0000       0.0000       0.0000       2.5369      11.0845      25.8916      14.8045       3.9994    -544.8795      -3.3289     388.5581    -103.8703
     120       8.9790      29.4759      10.0399       5.1304    -545.6669       5.7116     148.7679    -337.5622       0.0496       4.7078       0.0000       0.0000       0.0000       0.0000       0.0000       4.7574       8.9294      24.7681      10.0399       5.1304    -545.6669      -3.1866     390.0145    -109.9712
     121      20.3018      24.6157       9.9273       4.2599    -547.8785       2.6297     149.6080    -336.5361       0.4749       3.5531       0.0000       0.0000       0.0000       0.0000       0.0000       4.0280      19.8269      21.0625       9.9273       4.2599    -547.8785      -3.6982     385.7336    -110.7665
     122      10.0798      25.4027      10.2000       4.2478    -530.6071       4.5524     150.9943    -325.1302       0.0612       1.5033       0.0000       0.0000       0.0000       0.0000       0.0000       1.5645      10.0185      23.8994      10.2000       4.2478    -530.6071      -2.1849     381.9330    -102.4934
     123      12.9478      27.4675      10.8456       4.1998    -549.2434      -1.7647     161.2002    -334.3472       0.0263       1.9689       0.0000       0.0000       0.0000       0.0000       0.0000       1.9952      12.9215      25.4986      10.8456       4.1998    -549.2434      -4.9237     391.3363    -109.3653
     124       8.9436      18.6934       7.9385       6.5248    -542.8228       2.4767     156.4327    -341.8131       0.3834       0.1748       0.0000       0.0000       0.0000       0.0000       0.0000       0.5582       8.5602      18.5185       7.9385       6.5248    -542.8228      -2.4065     385.9793    -117.7080
     125      10.8935      27.4285      12.9080       3.0119    -536.5773       0.4758     144.8573    -337.0022       0.2690       1.0847       0.0000       0.0000       0.0000       0.0000       0.0000       1.3536      10.6246      26.3439      12.9080       3.0119    -536.5773      -4.5311     376.0745    -112.1456
     126      11.9344      15.9157       8.8532       3.6320    -546.8511      -2.4638     167.4600    -341.5196       0.0551       0.5172       0.0000       0.0000       0.0000       0.0000       0.0000       0.5722      11.8793      15.3985       8.8532       3.6320    -546.8511      -3.7438     387.1140    -123.7179
