#Frame     e_ab[bond]  e_ab[angle]    e_ab[dih]  e_ab[vdw14] e_ab[elec14]    e_ab[vdw]   e_ab[elec]  e_ab[total]    e_a[bond]   e_a[angle]     e_a[dih]   e_a[vdw14]  e_a[elec14]     e_a[vdw]    e_a[elec]   e_a[total]    e_b[bond]   e_b[angle]     e_b[dih]   e_b[vdw14]  e_b[elec14]     e_b[vdw]    e_b[elec]   e_b[total]
       1       7.8382      22.6327       7.8133       3.8767    -535.5619       1.2008     159.3720    -332.8283       0.2617       2.5311       0.0000       0.0000       0.0000       0.0000       0.0000       2.7928       7.5765      20.1016       7.8133       3.8767    -535.5619      -2.8296     381.2108    -117.8126
       2      10.7811      30.0518      10.3336       3.5462    -548.0103       7.7075     150.9533    -334.6369       0.7928       2.0956       0.0000       0.0000       0.0000       0.0000       0.0000       2.8884       9.9883      27.9562      10.3336       3.5462    -548.0103      -4.2462     389.9113    -110.5210
       3      14.3891      25.1245      11.5903       4.2984    -546.1248       5.1809     152.3642    -333.1774       0.0162       1.6927       0.0000       0.0000       0.0000       0.0000       0.0000       1.7089      14.3730      23.4317      11.5903       4.2984    -546.1248      -1.8507     381.3653    -112.9168
       4      15.8675      22.6500       7.3970       4.5345    -544.9483      -2.5550     164.4575    -332.5968       0.4676       3.1473       0.0000       0.0000       0.0000       0.0000       0.0000       3.6149      15.3999      19.5027       7.3970       4.5345    -544.9483      -3.9372     389.9872    -112.0642
       5      10.8472      27.4617      11.3686       3.6089    -550.4776       2.5071     156.7567    -337.9273       0.0467       2.1344       0.0000       0.0000       0.0000       0.0000       0.0000       2.1811      10.8004      25.3273      11.3686       3.6089    -550.4776      -4.4120     396.0001    -107.7842
       6       9.4148      26.0724      12.0660       3.9533    -547.0529       1.6491     157.8248    -336.0724       1.1879       1.4709       0.0000       0.0000       0.0000       0.0000       0.0000       2.6588       8.2269      24.6015      12.0660       3.9533    -547.0529      -4.5221     386.4001    -116.3271
       7      14.6644      24.8266      11.4786       2.6801    -547.2996       3.9910     151.6985    -337.9603       2.7405       1.7597       0.0000       0.0000       0.0000       0.0000       0.0000       4.5002      11.9239      23.0669      11.4786       2.6801    -547.2996      -4.6554     388.7245    -114.0810
       8      12.7769      32.7472      12.2322       4.4816    -546.0412       6.3086     156.9630    -320.5318       0.3366       3.3299       0.0000       0.0000       0.0000       0.0000       0.0000       3.6664      12.4403      29.4173      12.2322       4.4816    -546.0412      -3.0030     389.8823    -100.5905
       9      15.2880      21.9068       9.2393       4.0532    -546.2782       2.7863     166.7713    -326.2333       0.6523       1.6858       0.0000       0.0000       0.0000       0.0000       0.0000       2.3382      14.6357      20.2209       9.2393       4.0532    -546.2782       0.3138     385.3175    -112.4978
      10      18.4474      29.3680      13.8483       3.6458    -554.9198      -0.4138     165.8969    -324.1272       1.6700       5.8390       0.0000       0.0000       0.0000       0.0000       0.0000       7.5090      16.7773      23.5290      13.8483       3.6458    -554.9198      -4.8060     394.2228    -107.7025
      11       8.1462      33.8472      16.0853       4.4322    -547.6985       5.2840     153.9115    -325.9921       0.2129       3.4039       0.0000       0.0000       0.0000       0.0000       0.0000       3.6168       7.9333      30.4433      16.0853       4.4322    -547.6985      -2.2354     383.4599    -107.5799
      12      16.7708      28.6566       8.5612       2.5545    -549.8392       1.7059     158.3312    -333.2591       0.5701       3.3312       0.0000       0.0000       0.0000       0.0000       0.0000       3.9012      16.2007      25.3254       8.5612       2.5545    -549.8392      -4.7918     391.4910    -110.4982
      13      13.0633      25.0897       9.6966       3.6556    -540.9097       1.2520     159.3010    -328.8514       0.0878       1.8035       0.0000       0.0000       0.0000       0.0000       0.0000       1.8913      12.9755      23.2862       9.6966       3.6556    -540.9097      -4.5533     388.4564    -107.3926
      14      14.2878      28.8454      11.5997       4.8192    -545.6478       2.5384     158.9752    -324.5821       0.2225       1.6791       0.0000       0.0000       0.0000       0.0000       0.0000       1.9016      14.0653      27.1663      11.5997       4.8192    -545.6478      -3.5818     384.3158    -107.2633
      15      19.7357      26.2935       7.7265       3.4455    -557.7211      -0.2251     167.0966    -333.6483       2.4779       1.5413       0.0000       0.0000       0.0000       0.0000       0.0000       4.0193      17.2578      24.7522       7.7265       3.4455    -557.7211      -5.0819     399.7276    -109.8934
      16      14.9053      28.1862      13.7282       4.2513    -543.8882      -2.4851     161.4227    -323.8795       0.8708       4.8235       0.0000       0.0000       0.0000       0.0000       0.0000       5.6943      14.0345      23.3628      13.7282       4.2513    -543.8882      -4.3067     384.3203    -108.4979
      17      10.3887      30.7722      11.9115       4.5158    -544.2270       1.8649     155.5298    -329.2441       0.4986       1.4683       0.0000       0.0000       0.0000       0.0000       0.0000       1.9669       9.8901      29.3039      11.9115       4.5158    -544.2270      -5.0424     386.2393    -107.4088
      18      10.3246      17.6956      11.1491       4.4572    -537.8370      -2.8376     160.3770    -336.6712       0.4566       0.5877       0.0000       0.0000       0.0000       0.0000       0.0000       1.0443       9.8680      17.1079      11.1491       4.4572    -537.8370      -4.7295     378.7309    -121.2534
      19       7.9587      26.7437      10.2548       4.4244    -535.8400       1.0175     157.5995    -327.8414       0.5047       2.1712       0.0000       0.0000       0.0000       0.0000       0.0000       2.6759       7.4541      24.5725      10.2548       4.4244    -535.8400      -2.9325     380.5388    -111.5279
      20      10.5234      25.6887       8.7156       5.1672    -548.8292       7.7164     153.6555    -337.3625       0.0395       1.8279       0.0000       0.0000       0.0000       0.0000       0.0000       1.8674      10.4839      23.8609       8.7156       5.1672    -548.8292      -2.0886     388.2521    -114.4382
      21       6.9721      24.9901      11.8464       4.1185    -543.4341       3.3178     159.6805    -332.5087       0.1488       1.5683       0.0000       0.0000       0.0000       0.0000       0.0000       1.7171       6.8233      23.4218      11.8464       4.1185    -543.4341      -4.1782     384.8501    -116.5523
      22       9.4648      31.5216       9.2956       4.1263    -549.6267       3.6409     157.4088    -334.1687       0.1770       3.9074       0.0000       0.0000       0.0000       0.0000       0.0000       4.0844       9.2879      27.6142       9.2956       4.1263    -549.6267      -3.8516     386.8760    -116.2783
      23      13.9403      25.6398       8.4344       3.4521    -537.1545       0.8053     150.6539    -334.2287       0.1069       2.0753       0.0000       0.0000       0.0000       0.0000       0.0000       2.1821      13.8334      23.5646       8.4344       3.4521    -537.1545      -3.7429     380.4674    -111.1455
      24       8.2562      20.2228       8.7448       4.3591    -536.9159       6.6196     148.8248    -339.8885       0.0117       2.0100       0.0000       0.0000       0.0000       0.0000       0.0000       2.0217       8.2445      18.2128       8.7448       4.3591    -536.9159      -1.8693     380.9673    -118.2566
      25      14.5625      33.1696      11.2530       3.0031    -550.7720      -0.4558     165.7662    -323.4734       0.0541       2.4840       0.0000       0.0000       0.0000       0.0000       0.0000       2.5381      14.5084      30.6856      11.2530       3.0031    -550.7720      -3.5192     386.2323    -108.6088
      26      12.8425      24.3185       9.2333       4.4970    -547.8694      -0.1646     156.3434    -340.7993       0.0501       3.0416       0.0000       0.0000       0.0000       0.0000       0.0000       3.0917      12.7925      21.2769       9.2333       4.4970    -547.8694      -4.8738     386.3846    -118.5590
      27      11.8840      28.7173       9.6768       4.9055    -537.6950      -1.5966     158.3534    -325.7545       0.4146       2.1694       0.0000       0.0000       0.0000       0.0000       0.0000       2.5840      11.4694      26.5479       9.6768       4.9055    -537.6950      -3.5787     371.0211    -117.6529
      28      14.8517      24.8191       9.3282       3.9844    -543.2588       4.9753     148.4994    -336.8006       0.0043       1.3575       0.0000       0.0000       0.0000       0.0000       0.0000       1.3617      14.8474      23.4617       9.3282       3.9844    -543.2588      -3.7484     377.3862    -117.9993
      29       9.3706      27.0774      10.3571       4.9703    -547.0632       2.2048     160.4551    -332.6277       0.0570       2.7995       0.0000       0.0000       0.0000       0.0000       0.0000       2.8564       9.3136      24.2779      10.3571       4.9703    -547.0632      -3.0937     386.6512    -114.5867
      30      14.4799      26.5578      13.4531       5.7327    -542.0212       2.8850     153.4031    -325.5096       0.0315       2.1411       0.0000       0.0000       0.0000       0.0000       0.0000       2.1726      14.4484      24.4167      13.4531       5.7327    -542.0212      -2.4524     380.0533    -106.3694
      31       6.9026      25.1405       9.5043       4.1841    -540.8810      -1.2790     164.6666    -331.7618       0.0885       0.3154       0.0000       0.0000       0.0000       0.0000       0.0000       0.4039       6.8141      24.8252       9.5043       4.1841    -540.8810      -4.1143     385.1850    -114.4826
      32      11.2063      24.7084      10.3042       4.4840    -546.9005       3.6143     154.6370    -337.9461       0.3258       1.8442       0.0000       0.0000       0.0000       0.0000       0.0000       2.1700      10.8806      22.8642      10.3042       4.4840    -546.9005      -4.2150     384.4833    -118.0991
      33      13.8944      33.7036      11.4517       5.2317    -546.7583       2.8621     156.9363    -322.6785       0.3466       2.9087       0.0000       0.0000       0.0000       0.0000       0.0000       3.2553      13.5478      30.7949      11.4517       5.2317    -546.7583      -4.3243     385.2764    -104.7802
      34      17.0971      22.6231       9.5403       4.3056    -553.0515       1.7662     162.1709    -335.5483       0.9723       1.0902       0.0000       0.0000       0.0000       0.0000       0.0000       2.0625      16.1248      21.5329       9.5403       4.3056    -553.0515      -1.8018     388.4339    -114.9158
      35      12.9801      22.5980       8.2365       4.0307    -541.6578       2.9087     151.1933    -339.7105       0.3175       2.3747       0.0000       0.0000       0.0000       0.0000       0.0000       2.6922      12.6626      20.2233       8.2365       4.0307    -541.6578      -3.4577     382.8962    -117.0661
      36      13.8038      33.4749      15.9366       3.5646    -539.5839       3.6781     148.3618    -320.7641       0.1623       2.2666       0.0000       0.0000       0.0000       0.0000       0.0000       2.4289      13.6415      31.2083      15.9366       3.5646    -539.5839      -3.1462     384.5512     -93.8279
      37      10.6076      23.7458      10.5057       4.4326    -535.5223       4.8191     146.6499    -334.7615       1.8728       4.2950       0.0000       0.0000       0.0000       0.0000       0.0000       6.1678       8.7349      19.4507      10.5057       4.4326    -535.5223      -2.9309     380.6831    -114.6463
      38      12.3354      21.2836      12.5774       2.5987    -544.2390       2.5418     153.8734    -339.0286       1.2394       2.7276       0.0000       0.0000       0.0000       0.0000       0.0000       3.9670      11.0960      18.5561      12.5774       2.5987    -544.2390      -3.6183     385.4208    -117.6083
      39      10.0318      35.2062       9.1009       3.6810    -537.1575       5.1879     148.6852    -325.2646       0.3235       2.6036       0.0000       0.0000       0.0000       0.0000       0.0000       2.9272       9.7082      32.6025       9.1009       3.6810    -537.1575      -5.2327     381.6929    -105.6047
      40       8.4921      23.4237       8.7975       3.1039    -542.7831       1.5465     160.5551    -336.8644       0.6048       0.5483       0.0000       0.0000       0.0000       0.0000       0.0000       1.1532       7.8872      22.8754       8.7975       3.1039    -542.7831      -4.7184     388.6432    -116.1944
      41       9.7323      30.3086      10.5611       4.4040    -543.2470       1.9178     149.2006    -337.1225       0.1767       2.4562       0.0000       0.0000       0.0000       0.0000       0.0000       2.6329       9.5557      27.8524      10.5611       4.4040    -543.2470      -4.3108     382.4393    -112.7453
      42      10.4808      26.8721       9.7165       3.2447    -545.7126       3.9104     156.4355    -335.0526       0.3292       5.0637       0.0000       0.0000       0.0000       0.0000       0.0000       5.3929      10.1516      21.8084       9.7165       3.2447    -545.7126      -4.8695     391.1621    -114.4988
      43      10.3500      21.9679       9.8721       2.8393    -547.2276       3.6784     165.3792    -333.1407       0.0448       2.5704       0.0000       0.0000       0.0000       0.0000       0.0000       2.6151      10.3053      19.3975       9.8721       2.8393    -547.2276      -3.8484     392.7328    -115.9290
      44       6.6701      26.4070      10.3120       4.1179    -535.5190      -0.0434     147.0368    -341.0186       0.2114       4.0437       0.0000       0.0000       0.0000       0.0000       0.0000       4.2551       6.4588      22.3632      10.3120       4.1179    -535.5190      -3.9511     376.8950    -119.3232
      45       6.6361      29.0611       9.5441       4.7150    -540.1989       2.4824     149.0286    -338.7315       0.2722       6.1310       0.0000       0.0000       0.0000       0.0000       0.0000       6.4032       6.3639      22.9301       9.5441       4.7150    -540.1989      -4.0807     382.6218    -118.1046
      46      20.9328      23.2542      11.1431       3.8538    -554.4600       2.4886     163.2672    -329.5202       0.4961       1.6240       0.0000       0.0000       0.0000       0.0000       0.0000       2.1201      20.4368      21.6302      11.1431       3.8538    -554.4600      -3.6776     388.4377    -112.6361
      47      12.5550      31.3062       9.1786       4.6366    -548.8186       0.6643     160.6607    -329.8171       0.2948       2.9561       0.0000       0.0000       0.0000       0.0000       0.0000       3.2510      12.2602      28.3501       9.1786       4.6366    -548.8186      -4.3434     392.4035    -106.3331
      48      13.9035      24.4048      12.7522       5.5383    -536.3659       2.3138     143.1335    -334.3199       3.0379       1.4208       0.0000       0.0000       0.0000       0.0000       0.0000       4.4587      10.8656      22.9840      12.7522       5.5383    -536.3659      -3.1693     373.1095    -114.2857
      49      17.1925      26.1522      11.6762       4.1295    -557.1634       3.2643     163.8172    -330.9316       0.8257       1.6526       0.0000       0.0000       0.0000       0.0000       0.0000       2.4783      16.3668      24.4996      11.6762       4.1295    -557.1634      -3.5203     395.0626    -108.9491
      50      14.1763      31.8070       9.2003       5.4578    -546.3534       3.5776     151.1667    -330.9678       0.1034       4.9204       0.0000       0.0000       0.0000       0.0000       0.0000       5.0238      14.0729      26.8866       9.2003       5.4578    -546.3534      -3.8577     385.1194    -109.4741
      51       8.4825      22.7329      10.3234       5.1521    -543.5653       4.7816     154.4978    -337.5950       0.0727       4.8888       0.0000       0.0000       0.0000       0.0000       0.0000       4.9615       8.4098      17.8441      10.3234       5.1521    -543.5653      -4.0183     389.2479    -116.6063
      52      20.4309      18.6056      10.7342       3.5581    -553.5857       1.1547     171.5098    -327.5925       0.7471       0.3261       0.0000       0.0000       0.0000       0.0000       0.0000       1.0732      19.6837      18.2795      10.7342       3.5581    -553.5857      -2.6709     386.7577    -117.2434
      53      10.6320      30.8459      16.3307       3.6743    -546.4658      -0.5657     157.8202    -327.7284       0.0846       3.8392       0.0000       0.0000       0.0000       0.0000       0.0000       3.9238      10.5474      27.0068      16.3307       3.6743    -546.4658      -4.1396     384.6745    -108.3718
      54      14.5043      29.5053      11.9625       6.2960    -549.5987       7.3586     154.9706    -325.0014       1.0017       2.8504       0.0000       0.0000       0.0000       0.0000       0.0000       3.8521      13.5026      26.6549      11.9625       6.2960    -549.5987      -2.8717     387.2405    -106.8138
      55      12.6125      24.1603      12.2977       4.9846    -540.9428       2.4291     153.1762    -331.2823       0.6857       3.0230       0.0000       0.0000       0.0000       0.0000       0.0000       3.7087      11.9268      21.1373      12.2977       4.9846    -540.9428      -3.6705     381.8855    -112.3815
      56      14.7914      30.4343      10.4831       4.5139    -550.6495       1.2477     161.0425    -328.1366       1.6816       2.5055       0.0000       0.0000       0.0000       0.0000       0.0000       4.1870      13.1098      27.9288      10.4831       4.5139    -550.6495      -4.2930     385.3984    -113.5084
      57      10.2053      25.3737      12.5149       3.9890    -536.3170       2.0653     151.0862    -331.0826       0.5298       5.4669       0.0000       0.0000       0.0000       0.0000       0.0000       5.9967       9.6755      19.9068      12.5149       3.9890    -536.3170      -4.4190     378.3286    -116.3211
      58       9.4725      24.3450       9.2032       3.8895    -536.4916      -3.2484     161.5621    -331.2678       0.4692       1.2615       0.0000       0.0000       0.0000       0.0000       0.0000       1.7307       9.0034      23.0834       9.2032       3.8895    -536.4916      -4.7727     379.8850    -116.1999
      59      10.4056      30.0431      13.5074       4.6365    -538.2788       0.2075     156.1064    -323.3724       0.9587       7.9788       0.0000       0.0000       0.0000       0.0000       0.0000       8.9374       9.4469      22.0643      13.5074       4.6365    -538.2788      -2.7537     379.1435    -112.2339
      60      16.7894      28.1866      11.0843       3.8342    -539.6381       0.2852     153.9635    -325.4950       1.2352       3.6414       0.0000       0.0000       0.0000       0.0000       0.0000       4.8766      15.5542      24.5452      11.0843       3.8342    -539.6381      -4.2619     376.3120    -112.5702
      61      10.5700      23.6313      13.7926       5.7948    -537.2853       1.8604     151.2538    -330.3824       0.0712       1.6359       0.0000       0.0000       0.0000       0.0000       0.0000       1.7071      10.4988      21.9954      13.7926       5.7948    -537.2853      -3.5344     379.3921    -109.3459
      62      12.5298      27.0663      14.5969       6.0406    -544.1134       1.6054     156.1489    -326.1255       2.1387       3.1591       0.0000       0.0000       0.0000       0.0000       0.0000       5.2978      10.3911      23.9072      14.5969       6.0406    -544.1134      -2.2479     386.3327    -105.0927
      63      11.4122      22.3767      12.1856       5.6481    -540.6154       6.7736     142.9761    -339.2430       0.2594       1.4476       0.0000       0.0000       0.0000       0.0000       0.0000       1.7070      11.1528      20.9291      12.1856       5.6481    -540.6154      -2.9317     384.5655    -109.0660
      64      12.4185      22.6686      11.6496       4.7517    -539.6354       5.3703     146.8265    -335.9501       0.8167       0.7199       0.0000       0.0000       0.0000       0.0000       0.0000       1.5367      11.6018      21.9487      11.6496       4.7517    -539.6354      -3.6755     375.2210    -118.1382
      65      14.6148      33.1483      11.1680       3.8398    -542.8548      -0.3267     154.2412    -326.1693       0.0378       3.2349       0.0000       0.0000       0.0000       0.0000       0.0000       3.2727      14.5770      29.9134      11.1680       3.8398    -542.8548      -3.3709     378.5520    -108.1754
      66      10.0661      28.1808      13.3487       5.2354    -542.2647       2.3384     150.9583    -332.1370       0.2367       2.8892       0.0000       0.0000       0.0000       0.0000       0.0000       3.1259       9.8294      25.2916      13.3487       5.2354    -542.2647      -2.9245     380.5448    -110.9393
      67       9.8127      28.3504      11.7725       5.3265    -534.4715       2.6707     145.7167    -330.8221       0.9512       2.4780       0.0000       0.0000       0.0000       0.0000       0.0000       3.4291       8.8616      25.8724      11.7725       5.3265    -534.4715      -3.7907     377.0253    -109.4040
      68       9.4787      24.7838      13.1747       5.4813    -545.2727       5.4369     162.4494    -324.4680       0.2740       0.5033       0.0000       0.0000       0.0000       0.0000       0.0000       0.7772       9.2047      24.2805      13.1747       5.4813    -545.2727      -0.8196     386.9382    -107.0128
      69      17.9686      24.3845      13.1054       5.0727    -557.5204       1.7183     172.0799    -323.1908       2.7847       3.0160       0.0000       0.0000       0.0000       0.0000       0.0000       5.8008      15.1839      21.3685      13.1054       5.0727    -557.5204      -3.5795     401.1205    -105.2489
      70      13.0999      17.6941      12.6194       4.9639    -545.3686       0.8180     157.6504    -338.5229       0.7731       1.6057       0.0000       0.0000       0.0000       0.0000       0.0000       2.3788      12.3268      16.0883      12.6194       4.9639    -545.3686      -3.2157     384.9278    -117.6580
      71      18.4221      27.4007       9.6751       2.7204    -547.1932       2.7026     152.7148    -333.5574       0.8936       1.2574       0.0000       0.0000       0.0000       0.0000       0.0000       2.1510      17.5285      26.1433       9.6751       2.7204    -547.1932      -4.5057     387.5365    -108.0951
      72      11.4434      18.8966       9.9525       6.5641    -538.5432      -0.4951     149.5130    -342.6686       0.4124       1.3589       0.0000       0.0000       0.0000       0.0000       0.0000       1.7713      11.0310      17.5377       9.9525       6.5641    -538.5432      -2.4924     375.3410    -120.6093
      73      16.7818      16.8001      10.6231       3.9634    -545.9469       4.0135     151.9714    -341.7936       0.0463       3.6359       0.0000       0.0000       0.0000       0.0000       0.0000       3.6822      16.7355      13.1642      10.6231       3.9634    -545.9469      -2.1417     383.1200    -120.4824
      74      12.9361      30.0456       6.3285       5.3023    -550.1110       3.8265     157.5582    -334.1137       0.7297       1.5732       0.0000       0.0000       0.0000       0.0000       0.0000       2.3029      12.2064      28.4724       6.3285       5.3023    -550.1110      -2.9032     387.3229    -113.3818
      75       9.3500      26.8511      10.8795       4.5035    -541.8307       3.3078     146.3233    -340.6154       0.7428       5.5221       0.0000       0.0000       0.0000       0.0000       0.0000       6.2649       8.6073      21.3290      10.8795       4.5035    -541.8307      -2.3285     383.2475    -115.5924
      76      14.3846      33.4676       8.7001       3.5404    -546.0168       0.9054     153.5148    -331.5038       0.1664       5.2693       0.0000       0.0000       0.0000       0.0000       0.0000       5.4357      14.2183      28.1983       8.7001       3.5404    -546.0168      -4.4609     386.6430    -109.1776
      77      11.5313      25.2247      10.8713       3.4323    -543.9463      -0.7575     158.7429    -334.9012       0.3245       2.6813       0.0000       0.0000       0.0000       0.0000       0.0000       3.0058      11.2068      22.5435      10.8713       3.4323    -543.9463      -4.6256     390.0477    -110.4703
      78       7.2533      34.9628      10.4045       3.8762    -543.1502       3.9911     146.3860    -336.2764       0.1867       6.4485       0.0000       0.0000       0.0000       0.0000       0.0000       6.6352       7.0666      28.5143      10.4045       3.8762    -543.1502      -3.5715     385.6970    -111.1631
      79      12.7853      23.9710      12.0975       4.8877    -542.5326       6.2369     141.3331    -341.2211       1.4399       5.5563       0.0000       0.0000       0.0000       0.0000       0.0000       6.9962      11.3454      18.4146      12.0975       4.8877    -542.5326      -2.6628     381.3988    -117.0512
      80      10.8550      30.5020      10.1522       3.0527    -545.0504       1.7577     152.0221    -336.7086       0.0063       1.1329       0.0000       0.0000       0.0000       0.0000       0.0000       1.1392      10.8488      29.3691      10.1522       3.0527    -545.0504      -4.7839     383.0961    -113.3153
      81      13.2438      25.5838      11.7235       4.3053    -548.9447       7.3298     151.7259    -335.0326       0.4663       2.1448       0.0000       0.0000       0.0000       0.0000       0.0000       2.6111      12.7775      23.4390      11.7235       4.3053    -548.9447      -4.3897     387.0953    -113.9939
      82      10.0951      18.6733      11.5458       3.5728    -543.8982       4.3726     156.4927    -339.1459       0.9354       1.3384       0.0000       0.0000       0.0000       0.0000       0.0000       2.2738       9.1597      17.3348      11.5458       3.5728    -543.8982      -3.0474     383.4648    -121.8676
      83      14.2099      21.5698      11.9887       3.4230    -545.4080      -0.6732     158.2166    -336.6730       1.2552       1.8709       0.0000       0.0000       0.0000       0.0000       0.0000       3.1260      12.9548      19.6989      11.9887       3.4230    -545.4080      -3.6348     386.8916    -114.0858
      84      16.1382      27.8810      10.2668       3.7298    -556.5868      -3.0577     171.7076    -329.9212       0.7541       3.5469       0.0000       0.0000       0.0000       0.0000       0.0000       4.3009      15.3841      24.3341      10.2668       3.7298    -556.5868      -4.0668     393.4574    -113.4815
      85       8.5763      24.4397      11.9934       4.9590    -550.8120       5.3053     158.3501    -337.1882       0.0215       3.7780       0.0000       0.0000       0.0000       0.0000       0.0000       3.7995       8.5548      20.6617      11.9934       4.9590    -550.8120      -2.5262     390.7403    -116.4289
      86       5.6642      31.6853       7.1638       4.9209    -542.6029       2.4673     154.4052    -336.2963       0.4688       1.4333       0.0000       0.0000       0.0000       0.0000       0.0000       1.9022       5.1954      30.2520       7.1638       4.9209    -542.6029      -2.8584     384.0837    -113.8455
      87       9.4912      19.3659      11.0817       4.4242    -540.6447       1.7071     153.7367    -340.8379       0.8444       2.4946       0.0000       0.0000       0.0000       0.0000       0.0000       3.3390       8.6468      16.8713      11.0817       4.4242    -540.6447      -3.5147     386.9074    -116.2278
      88      13.6105      30.8317       8.9006       5.5722    -536.6426       4.6820     140.8067    -332.2389       0.5059       4.9564       0.0000       0.0000       0.0000       0.0000       0.0000       5.4623      13.1046      25.8754       8.9006       5.5722    -536.6426      -2.7352     380.3754    -105.5497
      89      13.3349      19.0479      13.1545       3.9529    -538.7538       0.9247     157.8821    -330.4568       0.0180       0.6512       0.0000       0.0000       0.0000       0.0000       0.0000       0.6692      13.3169      18.3966      13.1545       3.9529    -538.7538      -4.0705     386.2198    -107.7836
      90      11.9405      21.9490      11.5157       3.9293    -547.0720      -2.2881     165.4178    -334.6079       0.2417       2.0541       0.0000       0.0000       0.0000       0.0000       0.0000       2.2958      11.6988      19.8949      11.5157       3.9293    -547.0720      -3.4630     385.1319    -118.3645
      91      10.1844      22.7509      11.9184       4.1805    -541.9206       7.2290     150.6116    -335.0458       0.5235       6.0516       0.0000       0.0000       0.0000       0.0000       0.0000       6.5751       9.6608      16.6993      11.9184       4.1805    -541.9206      -2.8942     386.7132    -115.6425
      92      10.6961      22.7796      11.6536       5.1462    -543.6739       2.2432     154.3210    -336.8342       0.8338       5.1399       0.0000       0.0000       0.0000       0.0000       0.0000       5.9737       9.8623      17.6396      11.6536       5.1462    -543.6739      -2.0897     388.0581    -113.4038
      93      16.1777      19.4986       9.5914       4.2368    -544.4299       3.0879     156.8471    -334.9904       0.8082       1.4668       0.0000       0.0000       0.0000       0.0000       0.0000       2.2750      15.3695      18.0318       9.5914       4.2368    -544.4299      -3.3794     389.7513    -110.8286
      94       6.0339      23.1905      12.5152       3.8702    -536.7668      -1.7293     147.4525    -345.4339       0.0528       2.7897       0.0000       0.0000       0.0000       0.0000       0.0000       2.8425       5.9811      20.4008      12.5152       3.8702    -536.7668      -4.2315     377.3854    -120.8457
      95       7.2166      28.3741      10.8887       2.9253    -537.2252       1.6994     155.4645    -330.6566       0.0084       2.4530       0.0000       0.0000       0.0000       0.0000       0.0000       2.4614       7.2082      25.9211      10.8887       2.9253    -537.2252      -4.5456     380.0102    -114.8172
      96      14.2431      23.5049      11.4980       4.3586    -548.0553      -0.3980     157.4977    -337.3512       0.8821       2.6869       0.0000       0.0000       0.0000       0.0000       0.0000       3.5690      13.3609      20.8180      11.4980       4.3586    -548.0553      -4.1970     386.7603    -115.4566
      97      10.1131      23.2692      10.0560       3.2648    -541.1843       1.5581     150.8356    -342.0874       0.0834       1.1945       0.0000       0.0000       0.0000       0.0000       0.0000       1.2780      10.0296      22.0747      10.0560       3.2648    -541.1843      -3.3175     378.3291    -120.7475
      98      12.3002      23.7887       9.6733       5.2591    -540.0400       1.8960     149.0176    -338.1051       0.4263       1.9610       0.0000       0.0000       0.0000       0.0000       0.0000       2.3872      11.8739      21.8277       9.6733       5.2591    -540.0400      -2.4776     375.1510    -118.7326
      99       7.7168      28.8944      10.4873       4.5808    -539.6949       2.3237     158.7913    -326.9005       0.1859       1.3757       0.0000       0.0000       0.0000       0.0000       0.0000       1.5616       7.5310      27.5186      10.4873       4.5808    -539.6949      -2.0834     384.9618    -106.6988
     100       6.7343      24.1378      11.5247       3.3137    -541.9307       4.4775     155.1400    -336.6026       0.0682       2.6442       0.0000       0.0000       0.0000       0.0000       0.0000       2.7124       6.6661      21.4937      11.5247       3.3137    -541.9307      -2.5649     382.1628    -119.3346
     101      11.0152      27.2248      11.7829       4.9081    -540.0519       0.8246     155.4114    -328.8849       0.9837       4.2508       0.0000       0.0000       0.0000       0.0000       0.0000       5.2345      10.0315      22.9741      11.7829       4.9081    -540.0519      -2.3520     383.5644    -109.1431
     102      11.4907      27.0426      13.2847       5.8182    -545.1720      -0.4097     161.6919    -326.2535       1.0334       2.7919       0.0000       0.0000       0.0000       0.0000       0.0000       3.8252      10.4573      24.2507      13.2847       5.8182    -545.1720      -3.4751     385.1077    -109.7284
     103      13.2367      21.1340       9.6128       2.6341    -537.6787       1.0767     152.2644    -337.7199       0.1943       2.8909       0.0000       0.0000       0.0000       0.0000       0.0000       3.0851      13.0424      18.2432       9.6128       2.6341    -537.6787      -3.2633     381.9121    -115.4974
     104      13.5275      20.6737      11.2620       4.3498    -540.6813       3.4048     148.4635    -339.0001       0.9964       3.6899       0.0000       0.0000       0.0000       0.0000       0.0000       4.6863      12.5311      16.9838      11.2620       4.3498    -540.6813      -3.8597     380.3814    -119.0330
     105       8.4095      22.5913       8.8939       3.4986    -540.9778       0.7898     163.8209    -332.9738       0.0013       0.3295       0.0000       0.0000       0.0000       0.0000       0.0000       0.3308       8.4082      22.2618       8.8939       3.4986    -540.9778      -4.3867     380.7951    -121.5069
     106      11.0768      26.9380      11.8063       3.6706    -543.8312       4.4891     149.4609    -336.3896       0.0372       2.5734       0.0000       0.0000       0.0000       0.0000       0.0000       2.6106      11.0396      24.3645      11.8063       3.6706    -543.8312      -3.1439     380.5254    -115.5686
     107      15.0939      15.9443      14.9196       5.9435    -540.5843       0.7938     155.8272    -332.0620       1.5928       2.6419       0.0000       0.0000       0.0000       0.0000       0.0000       4.2347      13.5012      13.3023      14.9196       5.9435    -540.5843      -1.1987     376.2039    -117.9124
     108       8.5113      25.6713      10.8177       3.4719    -544.0628       0.0621     158.2172    -337.3115       0.5195       2.2104       0.0000       0.0000       0.0000       0.0000       0.0000       2.7298       7.9918      23.4609      10.8177       3.4719    -544.0628      -3.6053     385.2673    -116.6585
     109      11.2594      26.9499      10.0210       3.3664    -540.6857      -0.7859     158.3488    -331.5259       0.2318       3.7224       0.0000       0.0000       0.0000       0.0000       0.0000       3.9541      11.0277      23.2275      10.0210       3.3664    -540.6857      -3.7984     383.2917    -113.5497
     110      15.6554      25.8287      11.0014       4.5243    -545.9002      -0.7519     164.4856    -325.1567       0.0413       2.1361       0.0000       0.0000       0.0000       0.0000       0.0000       2.1774      15.6141      23.6926      11.0014       4.5243    -545.9002      -3.8038     384.7776    -110.0940
     111      17.3448      27.3846      10.1716       3.7366    -553.2562       1.2664     156.5338    -336.8185       1.1472       3.1683       0.0000       0.0000       0.0000       0.0000       0.0000       4.3155      16.1976      24.2163      10.1716       3.7366    -553.2562      -4.5239     385.0808    -118.3772
     112      13.3079      25.0268      10.1550       3.6887    -540.3781       2.9636     158.0389    -327.1973       0.2545       2.7243       0.0000       0.0000       0.0000       0.0000       0.0000       2.9787      13.0534      22.3025      10.1550       3.6887    -540.3781      -2.3492     382.0660    -111.4617
     113       4.5806      20.4564      10.5464       2.8469    -537.5977      -2.5910     159.9498    -341.8085       0.4340       0.7221       0.0000       0.0000       0.0000       0.0000       0.0000       1.1562       4.1465      19.7343      10.5464       2.8469    -537.5977      -4.1536     381.5077    -122.9694
     114      11.4917      26.6545       7.0262       3.5244    -544.3579       1.8976     155.1327    -338.6308       2.3727       4.0556       0.0000       0.0000       0.0000       0.0000       0.0000       6.4282       9.1190      22.5990       7.0262       3.5244    -544.3579      -3.5780     384.8930    -120.7743
     115       7.0704      24.9789      11.8734       3.3348    -545.3507       2.6837     152.8814    -342.5280       0.2925       3.9557       0.0000       0.0000       0.0000       0.0000       0.0000       4.2482       6.7779      21.0232      11.8734       3.3348    -545.3507      -3.0448     380.1353    -125.2509
     116      12.8295      29.8626       9.5264       5.7537    -538.9864      -0.7080     161.6391    -320.0830       1.5491       3.4090       0.0000       0.0000       0.0000       0.0000       0.0000       4.9582      11.2804      26.4536       9.5264       5.7537    -538.9864      -3.2956     387.2675    -102.0004
     117       8.5484      25.9096       7.4391       4.7536    -540.7386       1.4404     153.9026    -338.7448       1.7455       5.2886       0.0000       0.0000       0.0000       0.0000       0.0000       7.0341       6.8029      20.6211       7.4391       4.7536    -540.7386      -2.4304     382.6110    -120.9413
     118      15.8807      22.0011      11.2570       4.3576    -547.3256       1.1093     169.7449    -322.9750       1.1292       1.6595       0.0000       0.0000       0.0000       0.0000       0.0000       2.7887      14.7515      20.3415      11.2570       4.3576    -547.3256      -3.5958     387.2575    -112.9563
     119       6.9427      28.0199      11.1906       3.9909    -542.1221       1.4176     157.0791    -333.4812       1.2888       2.2740       0.0000       0.0000       0.0000       0.0000       0.0000       3.5627       5.6539      25.7460      11.1906       3.9909    -542.1221      -3.3848     382.7591    -116.1664
     120      12.8515      22.8749      10.2845       5.7830    -553.9818       2.0594     159.8369    -340.2915       0.3545       4.5194       0.0000       0.0000       0.0000       0.0000       0.0000       4.8739      12.4970      18.3555      10.2845       5.7830    -553.9818      -3.9620     392.4002    -118.6235
     121      14.8390      30.7157      11.3956       3.4019    -556.5593       1.2300     164.0293    -330.9477       0.8078       2.9126       0.0000       0.0000       0.0000       0.0000       0.0000       3.7203      14.0313      27.8032      11.3956       3.4019    -556.5593      -4.7466     394.9972    -109.6768
     122      13.5108      30.7996       7.4923       4.1801    -550.7305       4.6451     156.7283    -333.3744       0.1632       0.7768       0.0000       0.0000       0.0000       0.0000       0.0000       0.9400      13.3476      30.0227       7.4923       4.1801    -550.7305      -3.3666     389.0136    -110.0408
     123      13.2259      24.9180       8.8830       2.2552    -544.4586      -0.1743     158.0351    -337.3158       0.8407       1.5460       0.0000       0.0000       0.0000       0.0000       0.0000       2.3867      12.3852      23.3720       8.8830       2.2552    -544.4586      -4.5280     386.6144    -115.4768
     124      11.4223      27.8403      10.2993       3.5372    -541.5709      -0.4406     157.1308    -331.7816       0.0615       3.5432       0.0000       0.0000       0.0000       0.0000       0.0000       3.6047      11.3608      24.2970      10.2993       3.5372    -541.5709      -4.2387     382.5549    -113.7604
     125      16.1651      26.1597       8.2098       3.9740    -542.8233       4.1801     147.8205    -336.3141       0.3870       3.7863       0.0000       0.0000       0.0000       0.0000       0.0000       4.1732      15.7782      22.3735       8.2098       3.9740    -542.8233      -2.9522     377.5564    -117.8838
     126      20.1057      24.2113      10.3944       3.3968    -545.9125       2.8733     160.8510    -324.0798       1.1106       0.7923       0.0000       0.0000       0.0000       0.0000       0.0000       1.9029      18.9951      23.4190      10.3944       3.3968    -545.9125      -1.3120     383.7649    -107.2542
