#Frame     p_ab[bond]  p_ab[angle]    p_ab[dih]  p_ab[vdw14] p_ab[elec14]    p_ab[vdw]   p_ab[elec]  p_ab[total]    p_a[bond]   p_a[angle]     p_a[dih]   p_a[vdw14]  p_a[elec14]     p_a[vdw]    p_a[elec]   p_a[total]    p_b[bond]   p_b[angle]     p_b[dih]   p_b[vdw14]  p_b[elec14]     p_b[vdw]    p_b[elec]   p_b[total]
       1       7.7821      14.0226       6.8475       2.5307    -282.0453       6.6385      44.2546    -199.9692       0.1052       1.3469       0.0000       0.0000       0.0000       0.0000       0.0000       1.4521       7.6770      12.6757       6.8475       2.5307    -282.0453      -1.0063     164.9802     -88.3405
       2       3.7256      13.1672       5.7382       3.8717    -272.8659       3.2850      41.5462    -201.5320       0.1869       0.9502       0.0000       0.0000       0.0000       0.0000       0.0000       1.1371       3.5387      12.2171       5.7382       3.8717    -272.8659      -0.6878     160.5740     -87.6141
       3       8.1401      14.1255       5.5650       2.7763    -276.2917       4.5010      38.3815    -202.8023       0.0234       3.1003       0.0000       0.0000       0.0000       0.0000       0.0000       3.1236       8.1167      11.0252       5.5650       2.7763    -276.2917      -1.1654     161.2485     -88.7253
       4       3.6247      10.7052       5.5406       1.7909    -270.8542      -0.2765      50.3916    -199.0778       0.1280       1.2008       0.0000       0.0000       0.0000       0.0000       0.0000       1.3287       3.4968       9.5044       5.5406       1.7909    -270.8542      -1.4230     159.7114     -92.2331
       5       5.8374      16.9662       9.0899       2.9835    -271.7159       0.6505      38.8988    -197.2896       2.5172       2.0307       0.0000       0.0000       0.0000       0.0000       0.0000       4.5479       3.3203      14.9355       9.0899       2.9835    -271.7159      -1.8415     158.7481     -84.4803
       6       3.0087      14.2509       7.8623       2.6369    -277.3056       4.9079      42.5850    -202.0540       0.2633       0.8661       0.0000       0.0000       0.0000       0.0000       0.0000       1.1293       2.7454      13.3848       7.8623       2.6369    -277.3056      -1.4974     164.9354     -87.2382
       7       2.8815      13.6396       4.5957       3.4666    -269.7589       4.8160      36.7716    -203.5881       0.1402       1.4067       0.0000       0.0000       0.0000       0.0000       0.0000       1.5470       2.7412      12.2329       4.5957       3.4666    -269.7589      -0.1878     157.7223     -89.1881
       8       6.0664      13.3413       5.4146       3.8406    -272.2872       4.9131      38.5303    -200.1809       0.7185       2.6621       0.0000       0.0000       0.0000       0.0000       0.0000       3.3806       5.3479      10.6792       5.4146       3.8406    -272.2872      -0.6469     158.4619     -89.1898
       9      10.2483      12.5954       4.7716       2.5653    -275.6510      -0.3174      50.1006    -195.6871       0.1288       2.1492       0.0000       0.0000       0.0000       0.0000       0.0000       2.2780      10.1195      10.4461       4.7716       2.5653    -275.6510      -1.3160     159.3558     -89.7085
      10       7.8110      13.0910       6.8592       2.8902    -271.7872       1.3466      38.1145    -201.6747       1.5593       5.3386       0.0000       0.0000       0.0000       0.0000       0.0000       6.8979       6.2517       7.7524       6.8592       2.8902    -271.7872      -1.3036     159.5136     -89.8238
      11       8.9691      11.1079      12.6741       2.2207    -282.0954       3.1224      43.3626    -200.6385       0.8147       2.2167       0.0000       0.0000       0.0000       0.0000       0.0000       3.0315       8.1544       8.8911      12.6741       2.2207    -282.0954      -0.7552     165.4603     -85.4500
      12       6.0578      15.4667       4.3929       3.2157    -267.7703       2.6331      35.2559    -200.7482       0.4490       5.8227       0.0000       0.0000       0.0000       0.0000       0.0000       6.2716       5.6089       9.6440       4.3929       3.2157    -267.7703      -0.6475     157.1351     -88.4212
      13       3.1579      11.5808       7.4437       2.6397    -268.6620       3.0641      38.8171    -201.9588       0.4282       3.0103       0.0000       0.0000       0.0000       0.0000       0.0000       3.4385       2.7296       8.5705       7.4437       2.6397    -268.6620      -1.0908     156.8266     -91.5428
      14       4.1097      14.2142       3.8662       3.1697    -262.6469       1.1455      56.3494    -179.7921       0.0876       0.9559       0.0000       0.0000       0.0000       0.0000       0.0000       1.0435       4.0221      13.2583       3.8662       3.1697    -262.6469      -0.2019     153.6879     -84.8445
      15       5.2711      15.7605       4.9889       1.7408    -272.9144       0.7618      47.6852    -196.7060       0.0079       1.9768       0.0000       0.0000       0.0000       0.0000       0.0000       1.9847       5.2632      13.7838       4.9889       1.7408    -272.9144      -1.2827     157.9536     -90.4668
      16       4.4683      11.4362       4.7975       2.7777    -269.9401       1.9880      38.2007    -206.2716       1.1385       1.8570       0.0000       0.0000       0.0000       0.0000       0.0000       2.9955       3.3298       9.5793       4.7975       2.7777    -269.9401      -1.2989     157.8057     -92.9491
      17       6.8053      14.8002       5.5467       1.7629    -268.2898      -1.1978      65.1299    -175.4426       0.2651       4.5394       0.0000       0.0000       0.0000       0.0000       0.0000       4.8046       6.5401      10.2608       5.5467       1.7629    -268.2898      -1.6342     154.3587     -91.4548
      18       4.7629      20.0762       5.4708       2.7787    -272.4047      -0.5655      43.9426    -195.9390       0.4292       3.9408       0.0000       0.0000       0.0000       0.0000       0.0000       4.3700       4.3337      16.1354       5.4708       2.7787    -272.4047      -0.6267     159.6835     -84.6293
      19       5.7796      18.8282       8.1421       2.9209    -275.8776       1.0350      46.6139    -192.5580       1.8076       2.7485       0.0000       0.0000       0.0000       0.0000       0.0000       4.5562       3.9720      16.0796       8.1421       2.9209    -275.8776      -1.0878     163.7385     -82.1123
      20       3.1028      10.3826       3.8279       1.9409    -271.1644      -0.4793      54.2282    -198.1612       0.7083       0.7857       0.0000       0.0000       0.0000       0.0000       0.0000       1.4940       2.3945       9.5969       3.8279       1.9409    -271.1644      -1.3673     159.1041     -95.6673
      21       8.2669      14.6809       5.7311       2.1296    -275.8186       4.2522      45.1067    -195.6512       0.8508       2.6541       0.0000       0.0000       0.0000       0.0000       0.0000       3.5050       7.4161      12.0267       5.7311       2.1296    -275.8186      -1.5415     164.0973     -85.9593
      22       8.9308      10.8471       8.3402       1.4872    -277.1248       0.0353      46.4923    -200.9920       0.2225       1.9141       0.0000       0.0000       0.0000       0.0000       0.0000       2.1366       8.7083       8.9331       8.3402       1.4872    -277.1248      -1.3685     162.8795     -88.1451
      23       3.3929      13.5875       4.2975       1.8500    -268.2474       2.3830      37.5844    -205.1520       0.1278       2.0694       0.0000       0.0000       0.0000       0.0000       0.0000       2.1972       3.2651      11.5181       4.2975       1.8500    -268.2474      -1.1897     158.4979     -90.0084
      24       2.8144      12.8511       5.8420       3.6932    -271.8969       5.6910      42.2766    -198.7287       0.3714       1.4111       0.0000       0.0000       0.0000       0.0000       0.0000       1.7825       2.4430      11.4400       5.8420       3.6932    -271.8969      -0.5623     161.5690     -87.4721
      25       4.8914      18.4594       4.2921       1.4613    -269.7765       1.2877      39.2882    -200.0963       1.4086       7.6885       0.0000       0.0000       0.0000       0.0000       0.0000       9.0971       3.4828      10.7709       4.2921       1.4613    -269.7765      -0.9923     158.1352     -92.6264
      26       6.4975      10.6446       6.0928       2.4501    -269.8342       2.8278      35.5430    -205.7784       0.9085       1.4517       0.0000       0.0000       0.0000       0.0000       0.0000       2.3602       5.5890       9.1929       6.0928       2.4501    -269.8342      -1.0382     158.1322     -89.4154
      27       4.8590      11.3257       3.8248       2.4700    -272.1585       1.6038      46.1198    -201.9555       0.0207       2.6594       0.0000       0.0000       0.0000       0.0000       0.0000       2.6801       4.8383       8.6663       3.8248       2.4700    -272.1585      -0.9182     158.6266     -94.6507
      28       7.3422      10.4661       3.3651       1.9544    -266.8960       4.3195      34.1064    -205.3423       0.9783       3.0660       0.0000       0.0000       0.0000       0.0000       0.0000       4.0443       6.3639       7.4002       3.3651       1.9544    -266.8960      -1.2799     154.8368     -94.2554
      29       3.6081      14.8066       4.2335       4.7246    -267.3315       5.1430      34.5907    -200.2249       1.0027       1.3733       0.0000       0.0000       0.0000       0.0000       0.0000       2.3760       2.6054      13.4333       4.2335       4.7246    -267.3315      -0.5281     155.8322     -87.0305
      30       4.3941      13.2144       5.8567       1.9252    -275.0093       2.6010      46.3429    -200.6749       0.6096       2.9503       0.0000       0.0000       0.0000       0.0000       0.0000       3.5599       3.7845      10.2641       5.8567       1.9252    -275.0093      -1.1994     162.8971     -91.4810
      31       7.9594      12.5130       4.7810       2.0632    -270.2498       6.8839      32.0178    -204.0316       1.5334       1.5958       0.0000       0.0000       0.0000       0.0000       0.0000       3.1291       6.4261      10.9172       4.7810       2.0632    -270.2498      -1.2448     156.4872     -90.8199
      32       2.5778      21.8594       4.5391       3.0359    -264.8527       5.9798      28.6119    -198.2488       0.5047       6.7081       0.0000       0.0000       0.0000       0.0000       0.0000       7.2129       2.0730      15.1513       4.5391       3.0359    -264.8527      -1.2221     156.4747     -84.8007
      33       5.4573      12.5665       6.6768       3.1481    -275.8644       0.3799      48.8192    -198.8166       0.4150       3.4112       0.0000       0.0000       0.0000       0.0000       0.0000       3.8262       5.0423       9.1553       6.6768       3.1481    -275.8644      -1.4246     163.1961     -90.0704
      34       4.2133      12.9858       3.8890       1.9059    -270.3861      -1.3919     106.0596    -142.7244       0.6198       3.9306       0.0000       0.0000       0.0000       0.0000       0.0000       4.5504       3.5935       9.0551       3.8890       1.9059    -270.3861      -1.2588     159.4811     -93.7202
      35       8.6617      15.6406       6.0957       1.9342    -276.1219      -0.2284      51.0130    -193.0051       1.1693       2.5034       0.0000       0.0000       0.0000       0.0000       0.0000       3.6727       7.4925      13.1372       6.0957       1.9342    -276.1219      -1.3048     161.9813     -86.7859
      36       3.4727      12.8306       5.0539       2.1617    -267.1851       0.1673      44.6182    -198.8807       0.1342       2.7372       0.0000       0.0000       0.0000       0.0000       0.0000       2.8714       3.3385      10.0934       5.0539       2.1617    -267.1851      -1.1436     156.2594     -91.4217
      37       9.2105      17.7137       5.4939       2.3445    -272.9392      -0.8816      44.7828    -194.2753       2.0907       0.9709       0.0000       0.0000       0.0000       0.0000       0.0000       3.0617       7.1198      16.7428       5.4939       2.3445    -272.9392      -1.5358     158.3766     -84.3973
      38       4.6936      18.0834       6.1416       2.3108    -275.2448       0.4519      45.1468    -198.4167       0.8329       2.5608       0.0000       0.0000       0.0000       0.0000       0.0000       3.3937       3.8607      15.5226       6.1416       2.3108    -275.2448      -1.2589     161.8960     -86.7719
      39       8.2737      12.3422       4.7435       3.4556    -273.5903       0.1368      51.4626    -193.1757       0.0523       3.8438       0.0000       0.0000       0.0000       0.0000       0.0000       3.8961       8.2214       8.4985       4.7435       3.4556    -273.5903      -0.5663     159.6784     -89.5592
      40       7.3295      11.4385       5.5351       1.0700    -268.2776      -1.4457      49.5124    -194.8378       0.2066       0.3637       0.0000       0.0000       0.0000       0.0000       0.0000       0.5703       7.1229      11.0749       5.5351       1.0700    -268.2776      -1.2147     154.7571     -89.9323
      41       3.1832      16.7069       3.9399       1.4357    -262.3188       3.8720      31.1070    -202.0741       0.4221       2.2971       0.0000       0.0000       0.0000       0.0000       0.0000       2.7193       2.7611      14.4097       3.9399       1.4357    -262.3188      -1.2535     151.0952     -89.9306
      42       7.5334      11.9295       7.2594       2.4075    -273.8712       2.2815      45.9475    -196.5124       0.6510       2.3369       0.0000       0.0000       0.0000       0.0000       0.0000       2.9880       6.8823       9.5926       7.2594       2.4075    -273.8712      -0.8669     159.5217     -89.0746
      43       4.3774      12.0388       5.0289       1.9982    -263.6230      -0.0007      42.7223    -197.4581       0.2893       2.0383       0.0000       0.0000       0.0000       0.0000       0.0000       2.3276       4.0881      10.0005       5.0289       1.9982    -263.6230      -1.1688     154.9182     -88.7579
      44       5.4769      15.1303       4.2202       1.7020    -268.9049      -0.0590      42.9618    -199.4725       0.7882       2.1742       0.0000       0.0000       0.0000       0.0000       0.0000       2.9623       4.6888      12.9562       4.2202       1.7020    -268.9049      -1.2913     156.7296     -89.8994
      45       3.4359      13.2484       5.0006       1.8721    -271.8906       1.2036      46.1037    -201.0263       0.6339       3.8130       0.0000       0.0000       0.0000       0.0000       0.0000       4.4470       2.8020       9.4354       5.0006       1.8721    -271.8906      -1.1725     161.4908     -92.4622
      46       3.5871      11.5750       4.4491       1.7305    -272.0859       0.8882      43.7514    -206.1047       0.0996       2.7622       0.0000       0.0000       0.0000       0.0000       0.0000       2.8617       3.4875       8.8128       4.4491       1.7305    -272.0859      -1.4078     158.9256     -96.0881
      47       4.9837      13.3546       2.7827       1.9365    -272.5345       0.1583      48.1318    -201.1868       0.7730       2.5107       0.0000       0.0000       0.0000       0.0000       0.0000       3.2838       4.2107      10.8438       2.7827       1.9365    -272.5345      -0.7055     161.7333     -91.7329
      48       7.4442      13.9521       5.4784       3.5818    -271.0171       1.1024      46.3476    -193.1106       0.7521       6.3134       0.0000       0.0000       0.0000       0.0000       0.0000       7.0655       6.6921       7.6387       5.4784       3.5818    -271.0171      -0.1502     158.3360     -89.4403
      49       5.6845      16.7026       8.4729       2.1583    -272.9586       2.4911      40.3311    -197.1180       0.8968       5.0238       0.0000       0.0000       0.0000       0.0000       0.0000       5.9206       4.7877      11.6788       8.4729       2.1583    -272.9586      -0.9303     160.9752     -85.8159
      50       5.5080      17.9949       6.2746       1.9356    -277.1875       1.3033      44.8960    -199.2751       1.1082       4.2305       0.0000       0.0000       0.0000       0.0000       0.0000       5.3387       4.3999      13.7644       6.2746       1.9356    -277.1875      -1.0719     161.9630     -89.9220
      51       2.5771      11.5014       4.1176       2.4542    -262.8253      -0.2912      43.4136    -199.0526       0.2429       2.6638       0.0000       0.0000       0.0000       0.0000       0.0000       2.9068       2.3342       8.8376       4.1176       2.4542    -262.8253      -0.9874     152.2423     -93.8268
      52       7.0473      17.7432       4.7271       1.8566    -276.7159       1.1888      43.0042    -201.1487       0.1969       5.6433       0.0000       0.0000       0.0000       0.0000       0.0000       5.8402       6.8505      12.0999       4.7271       1.8566    -276.7159      -0.9380     158.5007     -93.6191
      53       7.5633      11.9857       3.9808       1.4732    -273.6729       2.1094      44.3049    -202.2557       0.3956       3.2670       0.0000       0.0000       0.0000       0.0000       0.0000       3.6626       7.1677       8.7187       3.9808       1.4732    -273.6729      -1.0797     161.7402     -91.6721
      54       4.0189      12.9351       7.1152       1.7431    -269.1401       1.5641      39.5703    -202.1934       0.2487       3.2150       0.0000       0.0000       0.0000       0.0000       0.0000       3.4637       3.7702       9.7200       7.1152       1.7431    -269.1401      -1.3851     155.4135     -92.7630
      55       5.5785      16.1210       6.0395       2.1865    -270.0877       0.4579      48.8742    -190.8301       0.5137       3.3438       0.0000       0.0000       0.0000       0.0000       0.0000       3.8575       5.0648      12.7772       6.0395       2.1865    -270.0877      -1.1954     159.4152     -85.8000
      56       7.3013      12.7349       4.2366       1.8460    -273.6537       2.3276      41.7857    -203.4218       0.7004       3.0034       0.0000       0.0000       0.0000       0.0000       0.0000       3.7038       6.6009       9.7314       4.2366       1.8460    -273.6537      -0.8178     161.1750     -90.8817
      57       8.0112      12.8485       3.8649       1.5457    -272.2661       0.7011      44.0500    -201.2449       2.4973       4.8403       0.0000       0.0000       0.0000       0.0000       0.0000       7.3376       5.5139       8.0081       3.8649       1.5457    -272.2661      -1.2993     157.7147     -96.9181
      58       7.5141      11.3092       3.5476       1.8119    -272.9104      -0.0915      45.0416    -203.7774       0.8885       0.1126       0.0000       0.0000       0.0000       0.0000       0.0000       1.0012       6.6256      11.1966       3.5476       1.8119    -272.9104      -1.2464     157.1321     -93.8430
      59       2.6309      13.9497       4.0621       1.7383    -268.6109       1.5413      42.3017    -202.3870       0.2143       1.7399       0.0000       0.0000       0.0000       0.0000       0.0000       1.9543       2.4166      12.2098       4.0621       1.7383    -268.6109      -1.3693     157.8430     -91.7105
      60       7.8225      15.0214       6.6283       1.9643    -265.8285       3.3624      30.8782    -200.1515       0.7403       4.4047       0.0000       0.0000       0.0000       0.0000       0.0000       5.1450       7.0822      10.6167       6.6283       1.9643    -265.8285      -1.1254     150.6812     -89.9813
      61       8.0671      17.3179       8.1594       2.6190    -279.9586       2.8435      43.3773    -197.5742       0.4002       2.1454       0.0000       0.0000       0.0000       0.0000       0.0000       2.5456       7.6669      15.1725       8.1594       2.6190    -279.9586      -0.7338     163.1256     -83.9490
      62      10.3908       9.0862       5.0287       1.4783    -274.7471       1.5985      44.8502    -202.3144       0.7961       0.8372       0.0000       0.0000       0.0000       0.0000       0.0000       1.6333       9.5947       8.2490       5.0287       1.4783    -274.7471      -1.0984     158.8781     -92.6166
      63       2.9300      14.2177       5.4721       1.1473    -271.7933       2.9745      43.2861    -201.7656       0.2371       0.5701       0.0000       0.0000       0.0000       0.0000       0.0000       0.8073       2.6929      13.6476       5.4721       1.1473    -271.7933      -1.3718     160.7863     -89.4190
      64       7.8025      14.9522       8.9943       2.0183    -272.4249       3.9276      35.3116    -199.4184       0.0741       1.9043       0.0000       0.0000       0.0000       0.0000       0.0000       1.9784       7.7284      13.0479       8.9943       2.0183    -272.4249      -0.8429     157.0184     -84.4604
      65       5.5326      12.4416       3.8915       2.2699    -275.6347       1.4250      44.3014    -205.7728       1.7377       2.5430       0.0000       0.0000       0.0000       0.0000       0.0000       4.2807       3.7948       9.8986       3.8915       2.2699    -275.6347      -0.3688     159.7922     -96.3566
      66       3.8800       9.0063       4.1956       2.6231    -272.8039       1.0717      51.8989    -200.1283       0.2833       1.6210       0.0000       0.0000       0.0000       0.0000       0.0000       1.9043       3.5966       7.3853       4.1956       2.6231    -272.8039      -1.3652     159.3044     -97.0640
      67      10.3119      13.6354       5.5961       2.3304    -275.3165       3.4346      39.9704    -200.0376       0.7634       1.6172       0.0000       0.0000       0.0000       0.0000       0.0000       2.3805       9.5486      12.0182       5.5961       2.3304    -275.3165      -1.1324     158.5597     -88.3959
      68       5.5612      15.3943       7.0858       2.1953    -265.6505       1.2514      42.2595    -191.9029       0.2518       1.4804       0.0000       0.0000       0.0000       0.0000       0.0000       1.7322       5.3094      13.9139       7.0858       2.1953    -265.6505      -0.3949     155.4672     -82.0737
      69       9.5042      11.7991       4.8148       1.6598    -273.1567       1.3634      41.7481    -202.2671       0.0973       1.4979       0.0000       0.0000       0.0000       0.0000       0.0000       1.5952       9.4069      10.3013       4.8148       1.6598    -273.1567      -1.3652     157.5709     -90.7682
      70       6.6720      12.5150       5.1020       1.8878    -273.3215       2.4584      38.0859    -206.6003       1.9684       2.8356       0.0000       0.0000       0.0000       0.0000       0.0000       4.8041       4.7036       9.6794       5.1020       1.8878    -273.3215      -0.7361     157.1214     -95.5634
      71       4.5970      14.0689       7.6589       2.2847    -270.6408       1.2943      41.4815    -199.2556       1.6833       0.6249       0.0000       0.0000       0.0000       0.0000       0.0000       2.3082       2.9138      13.4440       7.6589       2.2847    -270.6408      -1.0827     157.3679     -88.0544
      72       4.4945      23.4570       5.8828       1.2755    -276.3129      -1.4305      55.4242    -187.2092       0.4255       4.1036       0.0000       0.0000       0.0000       0.0000       0.0000       4.5292       4.0690      19.3534       5.8828       1.2755    -276.3129      -1.0525     163.8860     -82.8987
      73       6.6504      10.7030       8.3535       2.0123    -276.4059       0.9805      55.5960    -192.1102       0.0968       1.0174       0.0000       0.0000       0.0000       0.0000       0.0000       1.1142       6.5536       9.6856       8.3535       2.0123    -276.4059       0.1271     162.1882     -87.4857
      74       3.9845      10.1145       3.7492       2.2228    -262.3946       7.1011      30.4016    -204.8209       0.1670       2.6680       0.0000       0.0000       0.0000       0.0000       0.0000       2.8351       3.8175       7.4465       3.7492       2.2228    -262.3946      -0.6109     151.3481     -94.4215
      75       3.5817      13.9873       4.6212       2.2133    -273.2236      -0.0490      47.6281    -201.2410       1.1359       1.5843       0.0000       0.0000       0.0000       0.0000       0.0000       2.7202       2.4458      12.4030       4.6212       2.2133    -273.2236      -0.9011     159.9428     -92.4984
      76       6.7007      12.4629       5.4824       2.2928    -271.1253       0.8559      45.9488    -197.3817       2.0423       1.2552       0.0000       0.0000       0.0000       0.0000       0.0000       3.2975       4.6584      11.2077       5.4824       2.2928    -271.1253      -0.3844     158.1687     -89.6997
      77       4.5026      10.4662       3.9052       1.4058    -271.6421      -1.3420      49.6062    -203.0983       0.2438       0.3284       0.0000       0.0000       0.0000       0.0000       0.0000       0.5722       4.2587      10.1378       3.9052       1.4058    -271.6421      -1.4454     158.9328     -94.4472
      78       3.4807      16.3565       5.5891       2.6354    -269.6816       1.4361      41.9307    -198.2531       0.1269       3.1112       0.0000       0.0000       0.0000       0.0000       0.0000       3.2381       3.3538      13.2453       5.5891       2.6354    -269.6816      -0.8981     157.4559     -88.3002
      79       5.0318      15.3550       5.3734       2.4702    -275.8807       0.1871      45.8763    -201.5869       0.4920       2.5110       0.0000       0.0000       0.0000       0.0000       0.0000       3.0030       4.5398      12.8440       5.3734       2.4702    -275.8807      -1.2473     160.0636     -91.8370
      80       3.9980       9.6848       5.5805       2.5613    -268.3240      -0.3452      48.2654    -198.5791       1.8538       3.2505       0.0000       0.0000       0.0000       0.0000       0.0000       5.1043       2.1442       6.4344       5.5805       2.5613    -268.3240      -0.6144     155.1111     -97.1068
      81      13.4065      11.9220       7.0694       2.7881    -275.7953       2.1048      44.3478    -194.1567       1.0163       2.3840       0.0000       0.0000       0.0000       0.0000       0.0000       3.4004      12.3902       9.5380       7.0694       2.7881    -275.7953      -0.6795     159.4557     -85.2335
      82       8.2374       9.4149       7.1956       2.4103    -267.8084       0.7962      43.7943    -195.9597       0.5244       0.8597       0.0000       0.0000       0.0000       0.0000       0.0000       1.3841       7.7130       8.5552       7.1956       2.4103    -267.8084      -0.5950     154.2803     -88.2490
      83       7.0092      11.9176       6.8963       1.4062    -269.9565      -0.5163      50.2363    -193.0072       0.1435       1.4939       0.0000       0.0000       0.0000       0.0000       0.0000       1.6374       6.8657      10.4237       6.8963       1.4062    -269.9565      -0.8080     154.6740     -90.4986
      84       6.0040      11.1621       6.0643       2.3739    -268.9643       2.1764      39.2079    -201.9757       0.7064       2.0308       0.0000       0.0000       0.0000       0.0000       0.0000       2.7372       5.2976       9.1313       6.0643       2.3739    -268.9643      -0.9149     157.1918     -89.8203
      85       7.4223      15.2500       5.1301       1.2720    -272.9378       4.2044      43.8683    -195.7908       1.1109       2.9547       0.0000       0.0000       0.0000       0.0000       0.0000       4.0656       6.3115      12.2953       5.1301       1.2720    -272.9378       0.4636     158.5582     -88.9073
      86       3.9399       8.5320       5.7640       2.3793    -268.2793       0.6797      45.8269    -201.1576       0.3146       1.3436       0.0000       0.0000       0.0000       0.0000       0.0000       1.6582       3.6252       7.1883       5.7640       2.3793    -268.2793       0.0678     155.9094     -93.3452
      87       6.2333      11.8055       5.9545       2.0610    -262.9926       0.1736      44.1093    -192.6554       0.3087       0.7957       0.0000       0.0000       0.0000       0.0000       0.0000       1.1044       5.9246      11.0098       5.9545       2.0610    -262.9926      -0.8973     153.6232     -85.3169
      88       6.7297      13.5065       4.6253       1.6507    -270.6088      -1.4257      50.5937    -194.9284       0.7544       5.4918       0.0000       0.0000       0.0000       0.0000       0.0000       6.2462       5.9753       8.0147       4.6253       1.6507    -270.6088      -0.9109     157.6489     -93.6047
      89       6.0674      13.4299       4.8568       2.2042    -273.4023      -0.3691      46.4626    -200.7505       1.8368       3.1039       0.0000       0.0000       0.0000       0.0000       0.0000       4.9407       4.2307      10.3260       4.8568       2.2042    -273.4023      -1.2680     159.5611     -93.4916
      90       4.1895      14.8477       9.7109       1.1874    -269.2649      -0.9133      46.1481    -194.0947       0.2305       4.4607       0.0000       0.0000       0.0000       0.0000       0.0000       4.6912       3.9590      10.3870       9.7109       1.1874    -269.2649      -1.1610     159.5048     -85.6769
      91       3.1184      10.0667       4.2480       1.3498    -269.0501       0.4853      40.3737    -209.4082       0.2583       0.6827       0.0000       0.0000       0.0000       0.0000       0.0000       0.9410       2.8601       9.3840       4.2480       1.3498    -269.0501      -0.9405     154.0462     -98.1026
      92       4.9513       5.8290       6.7924       3.6141    -268.3238       1.8211      40.3778    -204.9381       0.1818       0.6022       0.0000       0.0000       0.0000       0.0000       0.0000       0.7840       4.7694       5.2269       6.7924       3.6141    -268.3238       0.1634     152.9722     -94.7854
      93       5.3655      14.8781       5.3985       2.7087    -270.3170       2.4433      42.0667    -197.4562       0.0873       0.8861       0.0000       0.0000       0.0000       0.0000       0.0000       0.9734       5.2782      13.9919       5.3985       2.7087    -270.3170      -0.9992     156.5983     -87.3405
      94       4.6096      13.6587       7.9205       2.8810    -270.4458       3.1804      36.9610    -201.2346       0.8288       1.8641       0.0000       0.0000       0.0000       0.0000       0.0000       2.6929       3.7807      11.7946       7.9205       2.8810    -270.4458      -1.1077     155.6113     -89.5653
      95       6.4284      10.8252       6.2634       2.6117    -271.9034       2.2258      42.4604    -201.0886       0.3793       0.3291       0.0000       0.0000       0.0000       0.0000       0.0000       0.7084       6.0491      10.4961       6.2634       2.6117    -271.9034      -0.8820     157.4122     -89.9529
      96      10.7407      11.6415       4.6699       2.8860    -280.5376       2.3037      49.3396    -198.9561       0.0421       3.9716       0.0000       0.0000       0.0000       0.0000       0.0000       4.0138      10.6986       7.6699       4.6699       2.8860    -280.5376      -0.3971     163.1970     -91.8133
      97      11.7699      13.6307       7.0487       2.3506    -275.6642       1.3766      42.1549    -197.3327       0.5610       0.6812       0.0000       0.0000       0.0000       0.0000       0.0000       1.2422      11.2089      12.9495       7.0487       2.3506    -275.6642      -0.9195     159.3757     -83.6501
      98       8.1384       9.9498       4.6093       1.6037    -271.7316       2.0221      39.8750    -205.5332       1.2288       2.9820       0.0000       0.0000       0.0000       0.0000       0.0000       4.2108       6.9096       6.9679       4.6093       1.6037    -271.7316      -1.1666     159.2724     -93.5353
      99       5.2465      12.5061       6.8005       1.9893    -269.5893       1.0190      41.5626    -200.4654       0.0918       2.7329       0.0000       0.0000       0.0000       0.0000       0.0000       2.8247       5.1547       9.7732       6.8005       1.9893    -269.5893      -0.6977     156.5203     -90.0491
     100       6.1333      12.9706       5.6138       1.5737    -268.4528       1.6242      38.7762    -201.7611       2.0842       1.2926       0.0000       0.0000       0.0000       0.0000       0.0000       3.3768       4.0491      11.6780       5.6138       1.5737    -268.4528      -1.3143     155.8064     -91.0463
     101       3.1410      16.7179       7.3206       1.9393    -271.0118       1.2394      43.5343    -197.1194       0.1903       2.6687       0.0000       0.0000       0.0000       0.0000       0.0000       2.8590       2.9508      14.0492       7.3206       1.9393    -271.0118      -1.3740     157.2272     -88.8987
     102       3.3200      14.9669       3.5345       2.2751    -267.6055       2.4001      40.8627    -200.2461       0.1138       4.8419       0.0000       0.0000       0.0000       0.0000       0.0000       4.9557       3.2062      10.1250       3.5345       2.2751    -267.6055      -1.1811     155.2940     -94.3518
     103       4.8419      17.1825       3.6478       1.7518    -270.6018       0.8447      42.3457    -199.9874       0.1387       2.9160       0.0000       0.0000       0.0000       0.0000       0.0000       3.0548       4.7032      14.2665       3.6478       1.7518    -270.6018      -1.2614     158.2221     -89.2717
     104       2.5777      14.6191       3.5657       2.7177    -267.9165      -0.4316      45.9687    -198.8992       0.4904       2.6483       0.0000       0.0000       0.0000       0.0000       0.0000       3.1388       2.0873      11.9708       3.5657       2.7177    -267.9165      -1.2331     157.7626     -91.0455
     105       9.0005      11.9486       2.9826       1.9347    -277.7391      -0.0993      48.5451    -203.4269       0.6665       3.5815       0.0000       0.0000       0.0000       0.0000       0.0000       4.2480       8.3340       8.3671       2.9826       1.9347    -277.7391      -1.1413     161.2520     -96.0100
     106       5.8509       9.5238       4.4041       1.7501    -272.1341       2.0860      43.7327    -204.7865       0.0468       0.0423       0.0000       0.0000       0.0000       0.0000       0.0000       0.0891       5.8041       9.4815       4.4041       1.7501    -272.1341      -0.9478     156.9057     -94.7364
     107       5.7053       9.8735       4.8041       2.1494    -273.1870       1.9302      43.4607    -205.2638       0.0617       0.9311       0.0000       0.0000       0.0000       0.0000       0.0000       0.9927       5.6436       8.9425       4.8041       2.1494    -273.1870      -1.4466     158.8602     -94.2337
     108       3.9345      14.5859       5.0792       1.8841    -267.3940      -0.2238      41.9427    -200.1912       0.2344       4.6342       0.0000       0.0000       0.0000       0.0000       0.0000       4.8686       3.7001       9.9517       5.0792       1.8841    -267.3940      -1.2322     156.6311     -91.3798
     109       7.5292      13.5514       4.0383       1.5878    -270.6497      -0.9250      45.7536    -199.1144       0.5178       2.6964       0.0000       0.0000       0.0000       0.0000       0.0000       3.2142       7.0114      10.8550       4.0383       1.5878    -270.6497      -1.3694     157.0339     -91.4927
     110       3.6381      15.6166       4.3067       2.4020    -268.3319      -0.1744      43.9645    -198.5785       0.8232       0.9983       0.0000       0.0000       0.0000       0.0000       0.0000       1.8216       2.8149      14.6183       4.3067       2.4020    -268.3319      -1.4352     156.2093     -89.4161
     111       6.1704      10.5818       3.6949       2.4635    -270.1913       2.4132      38.1433    -206.7243       0.1328       2.6399       0.0000       0.0000       0.0000       0.0000       0.0000       2.7727       6.0376       7.9420       3.6949       2.4635    -270.1913      -1.2645     155.1712     -96.1468
     112       6.8332      10.9846       4.1294       2.0805    -275.2225      -0.2254      50.0930    -201.3272       0.2773       2.8983       0.0000       0.0000       0.0000       0.0000       0.0000       3.1756       6.5559       8.0862       4.1294       2.0805    -275.2225      -1.1614     161.8296     -93.7022
     113       4.9940      11.0305       5.9582       2.5617    -273.0015       0.2273      47.6423    -200.5875       1.8202       1.4328       0.0000       0.0000       0.0000       0.0000       0.0000       3.2530       3.1738       9.5977       5.9582       2.5617    -273.0015      -1.2073     158.7531     -94.1643
     114       6.4698      17.7845       6.2195       1.8596    -272.8938       2.3175      40.4469    -197.7961       0.4768       2.7774       0.0000       0.0000       0.0000       0.0000       0.0000       3.2541       5.9930      15.0071       6.2195       1.8596    -272.8938      -1.1440     159.8425     -85.1161
     115       5.2406      13.4610       3.4523       2.3187    -269.2429       0.0929      42.2409    -202.4366       1.6397       3.3169       0.0000       0.0000       0.0000       0.0000       0.0000       4.9566       3.6010      10.1441       3.4523       2.3187    -269.2429      -1.1214     157.5607     -93.2876
     116       4.1089      14.4245       7.0774       2.8897    -264.6422      -0.7778      42.5794    -194.3402       0.8557       1.5584       0.0000       0.0000       0.0000       0.0000       0.0000       2.4141       3.2531      12.8662       7.0774       2.8897    -264.6422      -1.1059     154.5269     -85.1349
     117       4.6628      13.8956       3.9220       2.3324    -271.2831      -1.7696      60.8950    -187.3449       0.6622       0.0956       0.0000       0.0000       0.0000       0.0000       0.0000       0.7578       4.0006      13.8000       3.9220       2.3324    -271.2831      -1.2251     161.3144     -87.1388
     118       4.9378       7.2647       4.5230       3.2545    -270.4069       2.5151      40.3762    -207.5356       0.4784       1.6534       0.0000       0.0000       0.0000       0.0000       0.0000       2.1318       4.4594       5.6113       4.5230       3.2545    -270.4069      -0.9844     157.2558     -96.2873
     119       5.2925       8.3568       5.2780       1.7594    -270.5691       3.6033      40.0076    -206.2716       2.3415       1.6028       0.0000       0.0000       0.0000       0.0000       0.0000       3.9444       2.9510       6.7539       5.2780       1.7594    -270.5691      -0.6298     158.9021     -95.5545
     120       5.3772      14.2488       7.1605       2.4070    -276.6351       3.0892      42.7183    -201.6343       0.0564       3.1229       0.0000       0.0000       0.0000       0.0000       0.0000       3.1793       5.3208      11.1258       7.1605       2.4070    -276.6351      -1.3321     162.8124     -89.1408
     121       5.5468      13.7798       4.0711       1.4625    -274.6975       3.9915      42.4241    -203.4217       0.0582       0.5283       0.0000       0.0000       0.0000       0.0000       0.0000       0.5864       5.4887      13.2515       4.0711       1.4625    -274.6975      -1.2755     160.5544     -91.1449
     122       4.7930       8.4718       4.5640       2.3419    -264.4918       2.1795      38.7704    -203.3712       0.0342       0.7577       0.0000       0.0000       0.0000       0.0000       0.0000       0.7919       4.7588       7.7141       4.5640       2.3419    -264.4918      -0.8614     153.5090     -92.4654
     123       4.1857       9.3865       4.0849       2.2214    -269.0246       3.2041      38.5754    -207.3666       0.0335       1.9247       0.0000       0.0000       0.0000       0.0000       0.0000       1.9582       4.1522       7.4618       4.0849       2.2214    -269.0246      -1.0879     155.6444     -96.5478
     124       4.9038      15.7361       6.3155       1.5513    -270.9114      -0.0296      49.7586    -192.6757       0.0971       4.4644       0.0000       0.0000       0.0000       0.0000       0.0000       4.5614       4.8068      11.2717       6.3155       1.5513    -270.9114      -1.4235     159.0364     -89.3532
     125       7.1303      13.4464       3.7154       1.8212    -274.1961       2.5731      42.1609    -203.3488       0.5339       1.7365       0.0000       0.0000       0.0000       0.0000       0.0000       2.2704       6.5964      11.7099       3.7154       1.8212    -274.1961      -1.2027     159.6025     -91.9533
     126       3.6612      14.7212       5.1615       2.2421    -272.5477       3.9320      40.0506    -202.7791       0.1590       2.1761       0.0000       0.0000       0.0000       0.0000       0.0000       2.3351       3.5022      12.5451       5.1615       2.2421    -272.5477      -1.2953     157.9128     -92.4792
