#Frame     e_ab[bond]  e_ab[angle]    e_ab[dih]  e_ab[vdw14] e_ab[elec14]    e_ab[vdw]   e_ab[elec]  e_ab[total]    e_a[bond]   e_a[angle]     e_a[dih]   e_a[vdw14]  e_a[elec14]     e_a[vdw]    e_a[elec]   e_a[total]    e_b[bond]   e_b[angle]     e_b[dih]   e_b[vdw14]  e_b[elec14]     e_b[vdw]    e_b[elec]   e_b[total]
       1       8.3693      25.8838      11.4155       4.3267    -533.5225       1.6444     143.0662    -338.8167       0.1783       4.7031       0.0000       0.0000       0.0000       0.0000       0.0000       4.8814       8.1910      21.1807      11.4155       4.3267    -533.5225      -2.7176     373.6827    -117.4435
       2       8.4694      21.9118      10.8477       4.4841    -539.7131       2.9530     152.0581    -338.9890       0.6579       0.1639       0.0000       0.0000       0.0000       0.0000       0.0000       0.8217       7.8115      21.7479      10.8477       4.4841    -539.7131      -4.1921     385.0978    -113.9161
       3      15.0231      26.7409       8.2677       2.5891    -540.4054       5.4916     142.3001    -339.9928       0.7270       1.6113       0.0000       0.0000       0.0000       0.0000       0.0000       2.3383      14.2961      25.1296       8.2677       2.5891    -540.4054      -4.6598     382.7310    -112.0517
       4      18.1082      24.6025      13.3241       3.4119    -548.3202      -0.8145     159.4800    -330.2081       0.5922       3.0492       0.0000       0.0000       0.0000       0.0000       0.0000       3.6414      17.5159      21.5533      13.3241       3.4119    -548.3202      -4.7977     391.8613    -105.4514
       5      13.1092      24.4265       8.3931       3.6419    -545.8589       0.8230     153.7125    -341.7527       0.5708       2.6282       0.0000       0.0000       0.0000       0.0000       0.0000       3.1990      12.5384      21.7982       8.3931       3.6419    -545.8589      -2.9078     386.4575    -115.9375
       6      11.2408      19.1189      11.0817       5.4910    -541.7219       2.8624     160.3958    -331.5312       0.1175       2.0548       0.0000       0.0000       0.0000       0.0000       0.0000       2.1723      11.1233      17.0642      11.0817       5.4910    -541.7219      -3.1233     388.2546    -111.8304
       7      12.2948      21.1078       8.3092       4.4083    -542.2713       4.1326     151.5100    -340.5087       1.9378       1.6939       0.0000       0.0000       0.0000       0.0000       0.0000       3.6318      10.3569      19.4139       8.3092       4.4083    -542.2713      -1.0506     386.8299    -114.0038
       8      14.2196      26.1556      10.2063       5.6905    -550.5276      -0.2162     165.0660    -329.4058       1.1272       3.4540       0.0000       0.0000       0.0000       0.0000       0.0000       4.5811      13.0924      22.7016      10.2063       5.6905    -550.5276      -3.3838     390.7060    -111.5146
       9      13.6103      25.9107       9.6751       5.6183    -546.3985       1.7650     157.1734    -332.6458       1.1917       4.3775       0.0000       0.0000       0.0000       0.0000       0.0000       5.5692      12.4186      21.5332       9.6751       5.6183    -546.3985      -1.9111     388.5334    -110.5311
      10       9.8920      23.3309      11.0346       3.3103    -544.6603       5.4646     157.5464    -334.0816       0.4943       2.0190       0.0000       0.0000       0.0000       0.0000       0.0000       2.5133       9.3976      21.3119      11.0346       3.3103    -544.6603      -4.7297     389.1267    -115.2089
      11       9.9033      34.6784      10.8098       4.3009    -544.9402       2.2066     160.5275    -322.5137       1.2143       2.4741       0.0000       0.0000       0.0000       0.0000       0.0000       3.6884       8.6890      32.2043      10.8098       4.3009    -544.9402      -1.4448     388.8770    -101.5040
      12      14.6754      27.1508       8.8775       2.9670    -541.2175       3.0415     158.0252    -326.4801       0.0765       6.0525       0.0000       0.0000       0.0000       0.0000       0.0000       6.1290      14.5988      21.0983       8.8775       2.9670    -541.2175      -4.1380     387.1628    -110.6511
      13      14.9379      26.7281      12.3267       4.0479    -542.9461       6.9136     152.7385    -325.2534       0.1896       4.7855       0.0000       0.0000       0.0000       0.0000       0.0000       4.9751      14.7483      21.9426      12.3267       4.0479    -542.9461      -3.2032     390.1503    -102.9335
      14       8.9905      32.1420       9.2477       4.1435    -548.2879       1.6083     162.1047    -330.0511       0.2486       3.3231       0.0000       0.0000       0.0000       0.0000       0.0000       3.5717       8.7419      28.8189       9.2477       4.1435    -548.2879      -4.2658     393.7873    -107.8145
      15      18.9322      21.2957       7.0397       6.4528    -552.5223       4.3165     162.9659    -331.5196       0.3805       2.3711       0.0000       0.0000       0.0000       0.0000       0.0000       2.7516      18.5517      18.9245       7.0397       6.4528    -552.5223      -1.7802     392.3962    -110.9376
      16       8.7924      35.0154       8.1789       3.6507    -542.6151       2.5046     151.7020    -332.7711       0.0925       4.6468       0.0000       0.0000       0.0000       0.0000       0.0000       4.7393       8.6999      30.3686       8.1789       3.6507    -542.6151      -2.9887     382.5866    -112.1191
      17      10.0542      22.2481       8.1883       4.0961    -537.1953      -1.9528     163.0204    -331.5410       0.0435       0.7209       0.0000       0.0000       0.0000       0.0000       0.0000       0.7644      10.0107      21.5272       8.1883       4.0961    -537.1953      -3.7117     382.7135    -114.3712
      18      10.7863      25.4763      11.8171       6.2938    -529.4322       3.5653     146.8714    -324.6220       0.1172       1.9823       0.0000       0.0000       0.0000       0.0000       0.0000       2.0994      10.6692      23.4940      11.8171       6.2938    -529.4322      -1.8560     376.1717    -102.8424
      19       3.4221      23.3703      13.8565       4.3177    -535.4182       4.4378     150.4269    -335.5870       0.1159       1.6634       0.0000       0.0000       0.0000       0.0000       0.0000       1.7793       3.3062      21.7069      13.8565       4.3177    -535.4182      -4.0935     384.1838    -112.1407
      20       8.9097      20.7841       9.8926       4.1727    -546.5249       3.7569     164.3360    -334.6730       0.5043       0.6584       0.0000       0.0000       0.0000       0.0000       0.0000       1.1627       8.4054      20.1257       9.8926       4.1727    -546.5249      -3.2612     388.5033    -118.6865
      21      13.4814      33.2308       8.2131       3.5198    -549.1520      -1.5654     165.0108    -327.2615       0.8771       4.1365       0.0000       0.0000       0.0000       0.0000       0.0000       5.0137      12.6043      29.0942       8.2131       3.5198    -549.1520      -2.1837     381.3527    -116.5516
      22      16.2888      26.8266      14.1495       5.4497    -547.0172       1.0430     161.9430    -321.3166       0.0495       2.6569       0.0000       0.0000       0.0000       0.0000       0.0000       2.7064      16.2393      24.1697      14.1495       5.4497    -547.0172      -3.9111     390.3910    -100.5291
      23      12.4392      24.7283      10.6888       3.7153    -547.5947       4.0525     150.3658    -341.6049       0.1922       4.2407       0.0000       0.0000       0.0000       0.0000       0.0000       4.4329      12.2469      20.4876      10.6888       3.7153    -547.5947      -1.6246     382.9259    -119.1546
      24      13.1241      21.7651      10.0653       4.5317    -541.3485       1.0722     160.6813    -330.1087       0.1771       0.7491       0.0000       0.0000       0.0000       0.0000       0.0000       0.9262      12.9470      21.0160      10.0653       4.5317    -541.3485      -3.5993     388.1156    -108.2721
      25      11.2749      29.9733      10.9629       3.3923    -534.9528       1.6652     150.2110    -327.4732       1.1282       2.9615       0.0000       0.0000       0.0000       0.0000       0.0000       4.0897      10.1467      27.0117      10.9629       3.3923    -534.9528      -4.5662     387.3376    -100.6677
      26      13.8864      30.8447      10.0150       4.7535    -540.6157       0.2377     147.8176    -333.0608       0.2251       2.6185       0.0000       0.0000       0.0000       0.0000       0.0000       2.8436      13.6613      28.2262      10.0150       4.7535    -540.6157      -3.4302     379.6151    -107.7749
      27      14.0611      26.5977      14.7943       3.9542    -548.6563       0.4795     171.9134    -316.8560       0.9034       1.4388       0.0000       0.0000       0.0000       0.0000       0.0000       2.3422      13.1577      25.1588      14.7943       3.9542    -548.6563      -3.9002     394.3084    -101.1830
      28      18.0172      30.2203      11.0816       5.6528    -551.8503       4.3326     153.1449    -329.4010       1.3519       2.6069       0.0000       0.0000       0.0000       0.0000       0.0000       3.9588      16.6653      27.6134      11.0816       5.6528    -551.8503      -4.3319     392.3741    -102.7950
      29      13.8071      20.8049       9.7052       6.3127    -543.9398       5.6031     153.4743    -334.2326       0.0933       2.3566       0.0000       0.0000       0.0000       0.0000       0.0000       2.4498      13.7138      18.4484       9.7052       6.3127    -543.9398      -3.0101     385.9029    -112.8670
      30      16.9800      24.6791       8.2332       5.3298    -544.3762       3.0492     156.7499    -329.3550       1.1026       3.4877       0.0000       0.0000       0.0000       0.0000       0.0000       4.5903      15.8774      21.1914       8.2332       5.3298    -544.3762      -2.1652     388.0591    -107.8504
      31      12.3252      20.5956      10.0288       3.3220    -548.9035       3.5324     163.4226    -335.6769       0.4016       0.2239       0.0000       0.0000       0.0000       0.0000       0.0000       0.6254      11.9236      20.3718      10.0288       3.3220    -548.9035      -2.0007     387.4415    -117.8165
      32       7.0189      23.4489      11.5590       5.0726    -543.8919       3.6911     161.5924    -331.5090       0.0566       0.6826       0.0000       0.0000       0.0000       0.0000       0.0000       0.7392       6.9623      22.7663      11.5590       5.0726    -543.8919      -4.1511     387.4081    -114.2747
      33       9.2397      25.1911       7.7458       3.5881    -540.1921      -2.2774     160.1808    -336.5240       0.5809       0.3620       0.0000       0.0000       0.0000       0.0000       0.0000       0.9430       8.6588      24.8291       7.7458       3.5881    -540.1921      -3.5717     378.5761    -120.3659
      34      13.3655      23.5172       9.5396       3.1847    -543.2523       4.7640     154.4214    -334.4600       0.4397       0.9037       0.0000       0.0000       0.0000       0.0000       0.0000       1.3433      12.9258      22.6135       9.5396       3.1847    -543.2523      -2.6251     380.6795    -116.9343
      35      11.2115      30.8164       9.4391       4.0611    -540.3047       1.0031     152.4592    -331.3143       0.6838       1.5225       0.0000       0.0000       0.0000       0.0000       0.0000       2.2063      10.5277      29.2939       9.4391       4.0611    -540.3047      -3.6481     379.4756    -111.1555
      36      13.7959      20.4343      11.8957       4.2893    -538.6820       7.2277     148.0014    -333.0377       0.0135       1.7274       0.0000       0.0000       0.0000       0.0000       0.0000       1.7409      13.7824      18.7069      11.8957       4.2893    -538.6820      -1.6117     383.0585    -108.5608
      37      13.9621      25.5834      12.6607       3.6462    -541.0121       0.4927     153.4551    -331.2118       1.4002       1.3076       0.0000       0.0000       0.0000       0.0000       0.0000       2.7078      12.5620      24.2758      12.6607       3.6462    -541.0121      -2.8764     378.9269    -111.8170
      38      11.3653      35.5415      13.3548       4.7598    -542.1345       2.0206     152.1284    -322.9640       0.2344       6.1321       0.0000       0.0000       0.0000       0.0000       0.0000       6.3665      11.1309      29.4094      13.3548       4.7598    -542.1345      -2.6862     386.2896     -99.8762
      39      16.6259      24.9832      10.3188       2.5913    -550.1629       4.0777     158.8334    -332.7326       0.1326       1.0528       0.0000       0.0000       0.0000       0.0000       0.0000       1.1854      16.4934      23.9303      10.3188       2.5913    -550.1629      -3.4403     386.7631    -113.5063
      40      11.5338      23.3468      14.6011       3.5735    -543.7943       1.4458     158.8524    -330.4410       1.1084       1.7921       0.0000       0.0000       0.0000       0.0000       0.0000       2.9005      10.4254      21.5547      14.6011       3.5735    -543.7943      -3.4343     385.6142    -111.4597
      41      12.7136      17.1753      11.0611       4.5117    -546.8404      -2.7314     167.5503    -336.5598       0.0819       1.7986       0.0000       0.0000       0.0000       0.0000       0.0000       1.8804      12.6317      15.3767      11.0611       4.5117    -546.8404      -2.6349     384.1242    -121.7698
      42      13.6518      21.2837       9.3657       4.2464    -539.0403       3.4479     148.9028    -338.1420       0.1143       2.1595       0.0000       0.0000       0.0000       0.0000       0.0000       2.2737      13.5375      19.1242       9.3657       4.2464    -539.0403      -3.9185     380.1471    -116.5378
      43       6.0508      32.7253       9.9101       4.9476    -538.8187       3.4657     154.5934    -327.1258       0.4269       3.7827       0.0000       0.0000       0.0000       0.0000       0.0000       4.2097       5.6239      28.9426       9.9101       4.9476    -538.8187      -2.7414     381.4995    -110.6365
      44      11.2480      20.9734       9.8055       5.1939    -540.2252       8.5516     143.1180    -341.3349       0.8074       2.2281       0.0000       0.0000       0.0000       0.0000       0.0000       3.0356      10.4406      18.7452       9.8055       5.1939    -540.2252      -2.8895     383.4084    -115.5211
      45      11.2790      32.0805       8.1570       3.6554    -548.1752      -0.9755     164.0740    -329.9048       0.2096       4.2902       0.0000       0.0000       0.0000       0.0000       0.0000       4.4997      11.0694      27.7903       8.1570       3.6554    -548.1752      -4.6557     394.6583    -107.5005
      46      13.5102      18.5261      11.3536       3.3330    -545.6605       1.0654     159.0618    -338.8105       0.0679       0.6380       0.0000       0.0000       0.0000       0.0000       0.0000       0.7059      13.4423      17.8881      11.3536       3.3330    -545.6605      -3.6387     381.8508    -121.4315
      47      12.1740      29.0911       9.0310       4.2229    -547.6555       5.3035     151.0898    -336.7431       0.5959       2.6975       0.0000       0.0000       0.0000       0.0000       0.0000       3.2934      11.5781      26.3936       9.0310       4.2229    -547.6555      -3.3558     388.0759    -111.7098
      48      10.0370      23.4776      10.8983       4.3325    -540.0397       7.7264     142.2793    -341.2885       0.6041       4.9157       0.0000       0.0000       0.0000       0.0000       0.0000       5.5198       9.4328      18.5620      10.8983       4.3325    -540.0397      -3.4193     380.6942    -119.5392
      49      16.0329      26.4681      11.7767       3.8027    -550.6868       0.3131     163.6838    -328.6094       1.1398       0.9824       0.0000       0.0000       0.0000       0.0000       0.0000       2.1222      14.8931      25.4857      11.7767       3.8027    -550.6868      -2.9648     382.3654    -115.3280
      50      14.4017      24.2239       8.7752       5.6619    -534.4663       1.3515     148.7453    -331.3068       2.8191       2.6144       0.0000       0.0000       0.0000       0.0000       0.0000       5.4335      11.5826      21.6095       8.7752       5.6619    -534.4663      -3.1599     385.6563    -104.3407
      51      11.1370      26.0823      10.3636       4.8186    -546.7098       2.4127     153.4127    -338.4829       0.2727       2.2235       0.0000       0.0000       0.0000       0.0000       0.0000       2.4963      10.8643      23.8587      10.3636       4.8186    -546.7098      -3.1094     382.9780    -116.9359
      52      12.5248      33.6222      12.4271       5.7272    -557.6454       0.7537     171.8034    -320.7870       0.2106       3.5097       0.0000       0.0000       0.0000       0.0000       0.0000       3.7203      12.3142      30.1125      12.4271       5.7272    -557.6454      -1.6122     394.9395    -103.7371
      53      16.8156      27.7312       9.2760       3.1293    -550.7766      -1.1001     163.7870    -331.1376       0.3861       1.6678       0.0000       0.0000       0.0000       0.0000       0.0000       2.0539      16.4295      26.0634       9.2760       3.1293    -550.7766      -4.2719     388.2715    -111.8788
      54      11.1906      31.9336       9.9564       4.4283    -552.1576       2.2651     157.3179    -335.0657       0.1265       2.6309       0.0000       0.0000       0.0000       0.0000       0.0000       2.7573      11.0641      29.3027       9.9564       4.4283    -552.1576      -3.6056     389.0619    -111.9498
      55      17.9892      34.5072       9.2832       4.0092    -549.0260       1.7914     154.9876    -326.4582       0.2058       5.2354       0.0000       0.0000       0.0000       0.0000       0.0000       5.4412      17.7834      29.2718       9.2832       4.0092    -549.0260      -2.1359     385.4958    -105.3185
      56       8.0341      25.6273      10.9090       4.8910    -539.2366       8.6560     145.1843    -335.9350       0.4191       0.8566       0.0000       0.0000       0.0000       0.0000       0.0000       1.2757       7.6150      24.7707      10.9090       4.8910    -539.2366      -3.8831     380.4524    -114.4816
      57       9.4254      26.4057      11.5122       6.8747    -545.1289       3.1956     151.4240    -336.2915       0.0374       1.5447       0.0000       0.0000       0.0000       0.0000       0.0000       1.5820       9.3880      24.8610      11.5122       6.8747    -545.1289      -2.7046     380.1695    -115.0282
      58       9.0135      25.5418      11.0031       4.1191    -542.9847       4.2975     159.1094    -329.9003       0.1781       1.3180       0.0000       0.0000       0.0000       0.0000       0.0000       1.4961       8.8354      24.2239      11.0031       4.1191    -542.9847      -2.6157     386.7675    -110.6515
      59      13.4143      28.9504      10.8020       4.5747    -540.9112       7.1161     146.7760    -329.2777       0.0305       2.6688       0.0000       0.0000       0.0000       0.0000       0.0000       2.6994      13.3838      26.2815      10.8020       4.5747    -540.9112      -3.9553     382.1495    -107.6749
      60      10.3412      19.5292      10.6341       5.7696    -533.4927       4.0358     152.6452    -330.5376       1.3849       2.2498       0.0000       0.0000       0.0000       0.0000       0.0000       3.6347       8.9563      17.2794      10.6341       5.7696    -533.4927      -3.2008     385.6562    -108.3979
      61       6.9520      25.6919      10.4593       4.7675    -531.4023       1.3093     147.4416    -334.7808       0.6603       4.0425       0.0000       0.0000       0.0000       0.0000       0.0000       4.7028       6.2917      21.6494      10.4593       4.7675    -531.4023      -3.5843     377.5369    -114.2817
      62      11.1527      29.0077      11.7602       3.7199    -544.6938       4.9809     147.1918    -336.8806       1.8764       0.2551       0.0000       0.0000       0.0000       0.0000       0.0000       2.1315       9.2762      28.7526      11.7602       3.7199    -544.6938      -4.0265     381.3064    -113.9049
      63      11.2906      21.9542      10.1103       5.0212    -538.4738       0.2819     157.1332    -332.6825       1.1006       1.0882       0.0000       0.0000       0.0000       0.0000       0.0000       2.1888      10.1900      20.8660      10.1103       5.0212    -538.4738      -0.3486     376.1651    -116.4699
      64      11.2048      29.2490      11.1595       3.0164    -544.5559       6.2577     150.1317    -333.5368       0.6950       4.8896       0.0000       0.0000       0.0000       0.0000       0.0000       5.5846      10.5098      24.3594      11.1595       3.0164    -544.5559      -3.5951     384.8639    -114.2420
      65       8.5348      24.6725       9.9297       5.8619    -539.2814       7.1355     154.0957    -329.0514       0.2326       2.2235       0.0000       0.0000       0.0000       0.0000       0.0000       2.4562       8.3022      22.4490       9.9297       5.8619    -539.2814      -0.1891     385.3523    -107.5755
      66      13.0582      25.8712      14.5752       5.8091    -548.3410       0.2737     158.6546    -330.0990       0.5927       3.2716       0.0000       0.0000       0.0000       0.0000       0.0000       3.8643      12.4655      22.5996      14.5752       5.8091    -548.3410      -2.4810     381.7392    -113.6334
      67       6.2295      28.9467      10.3603       3.1978    -539.8960      -1.4928     158.7267    -333.9277       0.0655       4.7768       0.0000       0.0000       0.0000       0.0000       0.0000       4.8422       6.1641      24.1699      10.3603       3.1978    -539.8960      -3.5456     379.2520    -120.2974
      68      11.3691      33.4838       9.7341       3.5007    -548.9884       7.9697     154.4647    -328.4662       0.2481       1.2546       0.0000       0.0000       0.0000       0.0000       0.0000       1.5027      11.1210      32.2292       9.7341       3.5007    -548.9884      -2.1162     386.6160    -107.9036
      69      13.6758      25.8760      13.1753       4.2718    -547.8377      12.9969     149.3548    -328.4870       0.0834       2.7851       0.0000       0.0000       0.0000       0.0000       0.0000       2.8685      13.5924      23.0909      13.1753       4.2718    -547.8377      -0.5478     391.7848    -102.4703
      70       9.8426      22.3815       9.4203       5.6934    -545.4339       6.0945     157.3688    -334.6327       0.6820       1.9621       0.0000       0.0000       0.0000       0.0000       0.0000       2.6441       9.1606      20.4195       9.4203       5.6934    -545.4339      -2.8609     388.1788    -115.4222
      71      12.8045      25.1042      11.1657       3.5727    -544.0432       3.6526     149.1683    -338.5753       0.1306       4.3134       0.0000       0.0000       0.0000       0.0000       0.0000       4.4440      12.6739      20.7908      11.1657       3.5727    -544.0432      -3.5925     379.9607    -119.4720
      72      14.7269      28.2423      15.1211       5.2760    -541.7380       0.9438     154.3006    -323.1272       1.9991       3.8479       0.0000       0.0000       0.0000       0.0000       0.0000       5.8470      12.7278      24.3944      15.1211       5.2760    -541.7380      -3.5870     381.0566    -106.7490
      73      11.9448      17.2882       8.6026       4.1649    -543.0584       1.2834     160.2629    -339.5115       3.0541       0.4895       0.0000       0.0000       0.0000       0.0000       0.0000       3.5436       8.8907      16.7987       8.6026       4.1649    -543.0584      -3.5545     384.3245    -123.8314
      74       8.1653      27.6631      12.6957       4.5444    -554.1288       3.7110     167.1629    -330.1864       0.6478       0.9104       0.0000       0.0000       0.0000       0.0000       0.0000       1.5582       7.5175      26.7527      12.6957       4.5444    -554.1288      -1.7024     388.8979    -115.4229
      75      10.5403      22.3498       8.7142       4.5094    -546.7076       3.0623     158.5157    -339.0159       0.9741       5.3259       0.0000       0.0000       0.0000       0.0000       0.0000       6.3000       9.5662      17.0239       8.7142       4.5094    -546.7076      -0.8202     385.3449    -122.3692
      76      16.0716      27.1526       9.4465       6.3623    -542.5845       5.1617     150.4294    -327.9603       0.1029       2.9769       0.0000       0.0000       0.0000       0.0000       0.0000       3.0798      15.9687      24.1758       9.4465       6.3623    -542.5845      -2.9796     383.5756    -106.0352
      77       9.3948      23.7407      11.1079       3.4727    -545.2014       0.9237     161.3290    -335.2325       0.0147       0.5069       0.0000       0.0000       0.0000       0.0000       0.0000       0.5217       9.3801      23.2338      11.1079       3.4727    -545.2014      -4.2300     387.9765    -114.2604
      78      12.2963      24.2806      10.2599       4.8888    -540.7021       3.9839     153.8783    -331.1142       0.0674       3.9631       0.0000       0.0000       0.0000       0.0000       0.0000       4.0305      12.2289      20.3175      10.2599       4.8888    -540.7021      -3.1905     391.6969    -104.5005
      79      16.8492      24.2059      14.7708       4.6990    -546.3380       8.7016     150.2587    -326.8528       0.7342       2.6764       0.0000       0.0000       0.0000       0.0000       0.0000       3.4106      16.1150      21.5295      14.7708       4.6990    -546.3380      -2.2339     383.7783    -107.6793
      80       8.8509      28.3726       8.0504       4.8424    -538.6872       2.1098     149.3184    -337.1426       0.2556       3.3751       0.0000       0.0000       0.0000       0.0000       0.0000       3.6307       8.5953      24.9976       8.0504       4.8424    -538.6872      -3.2610     382.8841    -112.5783
      81      11.4919      23.5445      13.0841       2.8539    -539.2858       4.5975     154.2387    -329.4752       1.2849       0.3523       0.0000       0.0000       0.0000       0.0000       0.0000       1.6371      10.2070      23.1923      13.0841       2.8539    -539.2858      -2.7457     384.7755    -107.9187
      82       9.4359      20.2582      10.2812       4.4316    -538.5892       3.6946     150.3512    -340.1364       0.2508       4.0654       0.0000       0.0000       0.0000       0.0000       0.0000       4.3162       9.1851      16.1928      10.2812       4.4316    -538.5892      -2.1122     381.3763    -119.2344
      83      15.5962      28.6841      10.3776       5.0192    -548.6091       0.7742     152.5467    -335.6110       0.0981       5.7547       0.0000       0.0000       0.0000       0.0000       0.0000       5.8528      15.4982      22.9294      10.3776       5.0192    -548.6091      -4.5047     386.4135    -112.8760
      84      17.8636      20.9792       7.9616       3.2404    -554.7650       1.6335     162.9509    -340.1358       0.1031       1.3379       0.0000       0.0000       0.0000       0.0000       0.0000       1.4410      17.7605      19.6414       7.9616       3.2404    -554.7650      -3.4396     389.8055    -119.7952
      85       7.8446      26.1752      14.9586       4.5576    -539.4332       3.5771     155.2475    -327.0726       0.1561       2.1852       0.0000       0.0000       0.0000       0.0000       0.0000       2.3414       7.6884      23.9899      14.9586       4.5576    -539.4332      -2.6775     385.6253    -105.2908
      86      16.0205      29.1430       9.1971       5.0540    -553.9241       3.0634     153.9135    -337.5326       0.5152       2.4692       0.0000       0.0000       0.0000       0.0000       0.0000       2.9845      15.5052      26.6738       9.1971       5.0540    -553.9241      -3.2381     391.8470    -108.8852
      87       8.7805      23.0573       8.4735       2.9596    -545.7756       2.6413     155.0300    -344.8335       0.9737       4.3486       0.0000       0.0000       0.0000       0.0000       0.0000       5.3223       7.8068      18.7087       8.4735       2.9596    -545.7756      -2.9100     391.4821    -119.2549
      88      18.6530      20.9162      11.1087       4.4008    -545.7624       4.4693     156.0468    -330.1676       1.7506       0.7489       0.0000       0.0000       0.0000       0.0000       0.0000       2.4995      16.9024      20.1672      11.1087       4.4008    -545.7624      -4.2174     387.9555    -109.4451
      89      14.1806      18.0094      15.3206       3.8446    -539.4848       4.3719     152.1985    -331.5591       0.0042       2.4343       0.0000       0.0000       0.0000       0.0000       0.0000       2.4386      14.1763      15.5751      15.3206       3.8446    -539.4848      -2.9211     383.6275    -109.8617
      90      11.8041      28.6960      12.9756       5.0914    -540.9652      -0.5726     155.6004    -327.3703       0.6589       4.4413       0.0000       0.0000       0.0000       0.0000       0.0000       5.1001      11.1453      24.2547      12.9756       5.0914    -540.9652      -3.6043     379.5208    -111.5818
      91      18.5863      20.1103       7.7669       4.8496    -550.5730       4.6464     159.8138    -334.7997       0.0827       2.6042       0.0000       0.0000       0.0000       0.0000       0.0000       2.6869      18.5036      17.5061       7.7669       4.8496    -550.5730      -1.2088     386.8241    -116.3316
      92       9.2486      23.9807      11.3679       3.9480    -540.0635       4.6211     149.0536    -337.8436       0.3506       1.8489       0.0000       0.0000       0.0000       0.0000       0.0000       2.1995       8.8980      22.1319      11.3679       3.9480    -540.0635      -2.6420     382.7838    -113.5759
      93      10.5098      26.1459      11.4747       4.4864    -541.5834       6.5125     146.5934    -335.8606       1.2344       1.4276       0.0000       0.0000       0.0000       0.0000       0.0000       2.6620       9.2754      24.7183      11.4747       4.4864    -541.5834      -2.6888     386.0650    -108.2523
      94      11.2469      21.1784      12.1863       4.8351    -542.2891       4.9212     145.9113    -342.0099       0.1783       4.1275       0.0000       0.0000       0.0000       0.0000       0.0000       4.3058      11.0685      17.0509      12.1863       4.8351    -542.2891      -2.5187     379.3162    -120.3507
      95      17.3374      31.2963       9.8870       2.4026    -551.0385       2.1167     159.3603    -328.6382       0.1253       2.4527       0.0000       0.0000       0.0000       0.0000       0.0000       2.5780      17.2121      28.8436       9.8870       2.4026    -551.0385      -4.3119     387.1896    -109.8155
      96      11.3759      25.2321       9.9115       5.9322    -541.2004       1.5047     157.0904    -330.1535       0.4959       4.4980       0.0000       0.0000       0.0000       0.0000       0.0000       4.9940      10.8800      20.7341       9.9115       5.9322    -541.2004      -2.7871     383.0133    -113.5165
      97      14.6370      30.0140      11.9353       3.9697    -549.6253       3.3637     146.8054    -338.9004       0.5684       3.1324       0.0000       0.0000       0.0000       0.0000       0.0000       3.7008      14.0686      26.8816      11.9353       3.9697    -549.6253      -3.9645     384.5024    -112.2323
      98       8.3523      22.3939      11.0144       4.1301    -541.1246      -1.3800     151.3679    -345.2461       0.6845       1.7817       0.0000       0.0000       0.0000       0.0000       0.0000       2.4662       7.6679      20.6122      11.0144       4.1301    -541.1246      -3.7598     377.0194    -124.4405
      99       7.9279      31.1399       9.8409       4.5561    -544.7592       0.6499     160.7028    -329.9417       0.0079       3.9419       0.0000       0.0000       0.0000       0.0000       0.0000       3.9498       7.9200      27.1979       9.8409       4.5561    -544.7592      -2.9189     386.1425    -112.0207
     100      11.7309      29.7211      10.7909       4.1169    -543.1116       2.4168     150.6477    -333.6873       0.6531       3.3593       0.0000       0.0000       0.0000       0.0000       0.0000       4.0123      11.0778      26.3618      10.7909       4.1169    -543.1116      -3.1988     382.2107    -111.7523
     101      16.0716      27.3128      12.0724       4.7033    -540.8326       3.2322     154.7389    -322.7015       4.2182       3.4741       0.0000       0.0000       0.0000       0.0000       0.0000       7.6923      11.8534      23.8387      12.0724       4.7033    -540.8326      -2.6179     383.2179    -107.7649
     102      12.5058      27.2828       9.0172       4.3711    -540.2263       0.6908     156.7414    -329.6172       0.4947       0.5034       0.0000       0.0000       0.0000       0.0000       0.0000       0.9981      12.0111      26.7794       9.0172       4.3711    -540.2263      -4.8964     382.1026    -110.8411
     103       9.8369      26.3469       8.7475       5.7145    -539.1238       3.9537     149.6128    -334.9114       0.5406       1.9332       0.0000       0.0000       0.0000       0.0000       0.0000       2.4738       9.2963      24.4138       8.7475       5.7145    -539.1238      -1.6719     381.5842    -111.0394
     104      14.0925      25.6726       7.1268       4.7452    -543.6981       6.1329     146.9850    -338.9431       0.3864       1.7916       0.0000       0.0000       0.0000       0.0000       0.0000       2.1780      13.7061      23.8810       7.1268       4.7452    -543.6981      -2.3720     379.2095    -117.4016
     105      10.4096      20.0346      11.4907       3.9377    -540.8236       6.1488     148.3884    -340.4138       0.0731       0.1925       0.0000       0.0000       0.0000       0.0000       0.0000       0.2655      10.3366      19.8422      11.4907       3.9377    -540.8236      -3.5509     382.3717    -116.3958
     106      13.5218      28.3377      10.5289       3.8948    -537.3125       4.1497     148.1811    -328.6985       0.0518       2.4922       0.0000       0.0000       0.0000       0.0000       0.0000       2.5440      13.4700      25.8455      10.5289       3.8948    -537.3125      -3.4934     380.3077    -106.7591
     107      13.2453      23.4124      11.9924       2.9168    -545.9538       3.0323     155.2191    -336.1353       0.1873       1.3314       0.0000       0.0000       0.0000       0.0000       0.0000       1.5187      13.0580      22.0810      11.9924       2.9168    -545.9538      -4.8470     384.0132    -116.7393
     108       9.9017      26.6044       8.8360       4.0537    -539.3395       0.4472     157.6669    -331.8296       0.1897       6.1783       0.0000       0.0000       0.0000       0.0000       0.0000       6.3680       9.7119      20.4261       8.8360       4.0537    -539.3395      -3.3579     380.5181    -119.1515
     109       6.3888      22.5035       9.5804       3.5309    -535.6902      -2.0756     152.5472    -343.2150       0.0844       2.4293       0.0000       0.0000       0.0000       0.0000       0.0000       2.5137       6.3044      20.0742       9.5804       3.5309    -535.6902      -4.2068     377.2604    -123.1467
     110      11.6829      26.3575      10.8872       4.2656    -539.9267      -0.1816     159.2837    -327.6314       2.8344       0.1176       0.0000       0.0000       0.0000       0.0000       0.0000       2.9519       8.8485      26.2399      10.8872       4.2656    -539.9267      -5.0924     386.3781    -108.3998
     111       9.3558      32.5323      11.3679       4.6486    -542.4874      -1.9747     160.1921    -326.3656       0.0663       2.8007       0.0000       0.0000       0.0000       0.0000       0.0000       2.8670       9.2895      29.7316      11.3679       4.6486    -542.4874      -4.2441     384.5615    -107.1324
     112       9.6685      34.4669      12.8944       3.1662    -541.3418      -1.2598     153.4564    -328.9492       0.4216       2.9128       0.0000       0.0000       0.0000       0.0000       0.0000       3.3345       9.2469      31.5540      12.8944       3.1662    -541.3418      -4.6900     382.1772    -106.9931
     113       7.5640      27.0250       7.4760       3.0743    -543.1656       0.1129     160.2860    -337.6274       0.2853       1.4031       0.0000       0.0000       0.0000       0.0000       0.0000       1.6884       7.2787      25.6219       7.4760       3.0743    -543.1656      -3.6077     383.2087    -120.1137
     114      10.9495      28.3970      11.9403       4.1364    -544.4488       2.0594     152.1329    -334.8333       2.2179       2.3915       0.0000       0.0000       0.0000       0.0000       0.0000       4.6094       8.7316      26.0055      11.9403       4.1364    -544.4488      -3.5648     387.7482    -109.4516
     115      13.1408      25.4873      12.3453       5.7044    -542.0925      -1.7142     161.9074    -325.2213       1.1897       4.6854       0.0000       0.0000       0.0000       0.0000       0.0000       5.8751      11.9511      20.8019      12.3453       5.7044    -542.0925      -2.6725     383.6310    -110.3312
     116      11.2726      33.3651       9.0586       3.4271    -545.3045       0.8952     161.1525    -326.1335       0.3477       4.7865       0.0000       0.0000       0.0000       0.0000       0.0000       5.1342      10.9248      28.5786       9.0586       3.4271    -545.3045      -3.3449     387.8850    -108.7753
     117      12.8072      23.4417      12.0097       4.7224    -538.1444       3.4322     148.2434    -333.4878       1.0364       2.6428       0.0000       0.0000       0.0000       0.0000       0.0000       3.6791      11.7709      20.7989      12.0097       4.7224    -538.1444      -1.2820     380.2350    -109.8895
     118      15.5182      14.4880      11.5712       4.4874    -539.8692      -0.5890     160.5912    -333.8022       0.8086       1.5479       0.0000       0.0000       0.0000       0.0000       0.0000       2.3565      14.7096      12.9401      11.5712       4.4874    -539.8692      -3.8598     383.4961    -116.5247
     119       8.4368      21.7878      10.1945       3.7848    -543.7782      -0.9145     157.1038    -343.3851       0.2208       1.2413       0.0000       0.0000       0.0000       0.0000       0.0000       1.4621       8.2159      20.5466      10.1945       3.7848    -543.7782      -3.0899     383.9614    -120.1649
     120      15.4630      30.6165       9.7630       4.0773    -553.2079       5.4306     155.7134    -332.1442       0.3792       3.9453       0.0000       0.0000       0.0000       0.0000       0.0000       4.3246      15.0838      26.6711       9.7630       4.0773    -553.2079      -3.9181     394.9653    -106.5655
     121      14.0323      24.8898      12.2247       5.7830    -547.2891       2.5617     154.3287    -333.4690       1.0415       3.6017       0.0000       0.0000       0.0000       0.0000       0.0000       4.6432      12.9908      21.2881      12.2247       5.7830    -547.2891      -4.5210     392.5466    -106.9770
     122       8.9798      26.3999      10.1903       5.6075    -541.9623       6.4282     150.7154    -333.6412       0.2491       1.3496       0.0000       0.0000       0.0000       0.0000       0.0000       1.5986       8.7307      25.0504      10.1903       5.6075    -541.9623      -2.0813     381.8671    -112.5976
     123      22.1363      25.5412       7.5006       3.1738    -556.4178       2.4326     166.4199    -329.2135       0.7016       2.7827       0.0000       0.0000       0.0000       0.0000       0.0000       3.4843      21.4347      22.7585       7.5006       3.1738    -556.4178      -3.2978     394.7965    -110.0515
     124      13.7740      21.6117       7.0770       5.5598    -544.6440      11.6010     147.9637    -337.0567       1.2023       2.5762       0.0000       0.0000       0.0000       0.0000       0.0000       3.7785      12.5717      19.0355       7.0770       5.5598    -544.6440      -2.1989     388.3507    -114.2482
     125      12.1936      30.6178      13.1298       4.4182    -540.8231       9.1306     154.1136    -317.2195       0.5434       1.7327       0.0000       0.0000       0.0000       0.0000       0.0000       2.2761      11.6502      28.8851      13.1298       4.4182    -540.8231      -3.4568     385.5873    -100.6094
     126      12.1425      15.4339       9.1006       4.9074    -543.5026       0.6843     164.5302    -336.7037       0.9109       0.5930       0.0000       0.0000       0.0000       0.0000       0.0000       1.5039      11.2316      14.8410       9.1006       4.9074    -543.5026      -3.4302     385.5491    -121.3031
