#Frame     p_ab[bond]  p_ab[angle]    p_ab[dih]  p_ab[vdw14] p_ab[elec14]    p_ab[vdw]   p_ab[elec]  p_ab[total]    p_a[bond]   p_a[angle]     p_a[dih]   p_a[vdw14]  p_a[elec14]     p_a[vdw]    p_a[elec]   p_a[total]    p_b[bond]   p_b[angle]     p_b[dih]   p_b[vdw14]  p_b[elec14]     p_b[vdw]    p_b[elec]   p_b[total]
       1       3.8622      11.3411       3.9399       2.9751    -266.4180      -0.9039     109.3627    -135.8408       0.3324       1.3602       0.0000       0.0000       0.0000       0.0000       0.0000       1.6927       3.5298       9.9809       3.9399       2.9751    -266.4180      -0.8353     151.2437     -95.5840
       2       4.5878      11.4925       4.2521       1.6333    -266.5538      -1.1104     108.3361    -137.3624       0.2567       4.1872       0.0000       0.0000       0.0000       0.0000       0.0000       4.4439       4.3311       7.3053       4.2521       1.6333    -266.5538      -1.0442     150.8475     -99.2287
       3       8.4849       6.2291       5.1983       1.9812    -273.1081      -0.8515     114.5928    -137.4733       0.2036       0.6019       0.0000       0.0000       0.0000       0.0000       0.0000       0.8055       8.2813       5.6272       5.1983       1.9812    -273.1081      -0.7875     157.1702     -95.6375
       4       7.5613      11.1320       8.9394       1.2812    -278.0258      -1.2404     118.1190    -132.2333       0.0918       0.7475       0.0000       0.0000       0.0000       0.0000       0.0000       0.8393       7.4695      10.3845       8.9394       1.2812    -278.0258      -1.1719     158.3080     -92.8151
       5       7.7908      14.3316       4.4917       2.0314    -276.3942      -0.5572     118.5064    -129.7996       0.9009       2.8133       0.0000       0.0000       0.0000       0.0000       0.0000       3.7142       6.8899      11.5182       4.4917       2.0314    -276.3942      -0.5107     156.1822     -95.7914
       6       4.7659      13.0872       5.7607       2.4920    -264.8330      -1.5329     110.6496    -129.6104       0.1776       3.6358       0.0000       0.0000       0.0000       0.0000       0.0000       3.8134       4.5883       9.4514       5.7607       2.4920    -264.8330      -1.4688     151.9040     -92.1053
       7       6.3958       9.9516       4.9863       2.1562    -269.8190      -0.6476     112.6485    -134.3281       1.3584       2.8530       0.0000       0.0000       0.0000       0.0000       0.0000       4.2114       5.0374       7.0986       4.9863       2.1562    -269.8190      -0.5439     155.5506     -95.5338
       8       6.6160       7.4212       5.3564       2.2779    -264.7685      -1.3825     118.2012    -126.2782       0.0979       1.1151       0.0000       0.0000       0.0000       0.0000       0.0000       1.2130       6.5181       6.3062       5.3564       2.2779    -264.7685      -1.3502     151.8951     -93.7650
       9       7.5852       9.5151       9.2284       1.6393    -275.1239      -1.3987     117.3553    -131.1993       0.4969       0.8585       0.0000       0.0000       0.0000       0.0000       0.0000       1.3555       7.0883       8.6566       9.2284       1.6393    -275.1239      -1.3508     156.9564     -92.9058
      10       2.4450      13.3672       4.0890       2.8221    -266.8445      -1.3434     106.5955    -138.8691       0.0840       3.2855       0.0000       0.0000       0.0000       0.0000       0.0000       3.3695       2.3610      10.0817       4.0890       2.8221    -266.8445      -1.2593     151.2539     -97.4962
      11       5.5350      12.3919       5.1150       1.9146    -273.9482      -1.3830     116.1207    -134.2541       2.3606       1.6696       0.0000       0.0000       0.0000       0.0000       0.0000       4.0302       3.1744      10.7222       5.1150       1.9146    -273.9482      -1.2988     160.0802     -94.2405
      12       7.8284      11.8231       5.3842       1.8238    -268.6613      -0.8585     111.6274    -131.0329       0.0068       2.1507       0.0000       0.0000       0.0000       0.0000       0.0000       2.1575       7.8217       9.6724       5.3842       1.8238    -268.6613      -0.8052     152.9856     -91.7788
      13       4.4705      12.5239       5.3207       1.5534    -271.3114      -1.5055     111.8992    -137.0491       0.6527       0.1389       0.0000       0.0000       0.0000       0.0000       0.0000       0.7916       3.8179      12.3850       5.3207       1.5534    -271.3114      -1.4331     154.7719     -94.8956
      14       5.4589      13.4380       8.4493       2.0475    -269.2679      -0.9673     107.4712    -133.3703       0.3357       2.0304       0.0000       0.0000       0.0000       0.0000       0.0000       2.3661       5.1232      11.4076       8.4493       2.0475    -269.2679      -0.8561     152.6005     -90.4959
      15       3.0855      14.6680       6.3919       2.4647    -275.2328      -0.9493     120.8607    -128.7114       0.0803       2.0350       0.0000       0.0000       0.0000       0.0000       0.0000       2.1153       3.0052      12.6330       6.3919       2.4647    -275.2328      -0.9055     160.8830     -90.7605
      16       4.0291      11.1245       5.9021       3.0067    -262.9327      -0.8514     108.6544    -131.0673       1.1412       0.9233       0.0000       0.0000       0.0000       0.0000       0.0000       2.0645       2.8879      10.2012       5.9021       3.0067    -262.9327      -0.7895     150.7420     -90.9823
      17       5.2640      14.2200       8.9431       2.4988    -271.3567       6.1812      35.7147    -198.5349       0.8162       3.4557       0.0000       0.0000       0.0000       0.0000       0.0000       4.2719       4.4479      10.7643       8.9431       2.4988    -271.3567      -0.7639     158.4154     -87.0512
      18       4.7690      13.1347       4.5091       1.5947    -264.7797      -1.0993      49.6771    -192.1944       0.3794       2.0004       0.0000       0.0000       0.0000       0.0000       0.0000       2.3798       4.3896      11.1344       4.5091       1.5947    -264.7797      -0.5485     154.3255     -89.3749
      19       3.3348      11.1122       4.6686       2.2401    -271.1257      -0.7712      49.6574    -200.8838       0.2218       1.2087       0.0000       0.0000       0.0000       0.0000       0.0000       1.4305       3.1131       9.9034       4.6686       2.2401    -271.1257      -1.1789     158.8533     -93.5260
      20       5.5072      10.3563       5.3496       1.8912    -266.4084       2.8199      38.7074    -201.7770       1.5497       0.5274       0.0000       0.0000       0.0000       0.0000       0.0000       2.0771       3.9575       9.8288       5.3496       1.8912    -266.4084      -1.4412     153.1984     -93.6242
      21       6.2104      10.8492       5.2009       2.0420    -270.8637      -0.5502      48.3840    -198.7275       0.7067       2.3487       0.0000       0.0000       0.0000       0.0000       0.0000       3.0554       5.5036       8.5005       5.2009       2.0420    -270.8637      -0.9590     158.1328     -92.4429
      22       4.1398      11.8449       4.9720       2.1824    -267.0757       2.4549      38.4140    -203.0677       0.4312       3.9384       0.0000       0.0000       0.0000       0.0000       0.0000       4.3697       3.7086       7.9065       4.9720       2.1824    -267.0757      -0.6691     155.5455     -93.4298
      23      10.2916       9.9255       7.6649       1.0814    -269.8785       0.1130      40.4107    -200.3912       0.3401       2.8280       0.0000       0.0000       0.0000       0.0000       0.0000       3.1681       9.9515       7.0975       7.6649       1.0814    -269.8785      -1.1613     155.7123     -89.5321
      24       4.5369      16.8890       6.4898       1.7299    -274.2313       0.3603      49.9956    -194.2298       0.1082       0.1612       0.0000       0.0000       0.0000       0.0000       0.0000       0.2695       4.4287      16.7277       6.4898       1.7299    -274.2313      -0.9468     163.8885     -81.9135
      25      10.6356      12.7579       3.0729       1.1629    -268.4540       0.5672      41.0126    -199.2449       2.1590       2.5621       0.0000       0.0000       0.0000       0.0000       0.0000       4.7211       8.4766      10.1958       3.0729       1.1629    -268.4540      -1.2425     154.7866     -92.0017
      26       5.9404      12.5706       4.8016       2.5286    -269.5511       2.3559      47.3877    -193.9663       2.1357       1.3902       0.0000       0.0000       0.0000       0.0000       0.0000       3.5258       3.8048      11.1804       4.8016       2.5286    -269.5511      -0.8833     158.8224     -89.2965
      27      11.8541      11.0477       5.1044       1.7866    -275.0014       2.7224      40.6170    -201.8693       1.4846       1.9786       0.0000       0.0000       0.0000       0.0000       0.0000       3.4631      10.3696       9.0691       5.1044       1.7866    -275.0014      -1.2684     159.0589     -90.8813
      28       8.1131      13.7197       6.4399       2.0035    -277.1444       1.5743      42.3532    -202.9407       0.2113       6.1366       0.0000       0.0000       0.0000       0.0000       0.0000       6.3479       7.9017       7.5831       6.4399       2.0035    -277.1444      -1.1186     161.9025     -92.4322
      29       7.3935      14.4872       5.0533       1.7033    -274.2861      -0.5632      43.9286    -202.2835       0.4732       2.8346       0.0000       0.0000       0.0000       0.0000       0.0000       3.3079       6.9202      11.6525       5.0533       1.7033    -274.2861      -1.3952     159.5366     -90.8153
      30       7.7575      19.4884      10.0682       0.8954    -279.5697       4.5801      37.4213    -199.3589       0.1556       4.6664       0.0000       0.0000       0.0000       0.0000       0.0000       4.8220       7.6019      14.8220      10.0682       0.8954    -279.5697      -1.1570     160.5251     -86.8142
      31       5.1796      16.0020       4.3209       2.1298    -265.5572       0.7434      38.2035    -198.9781       0.0600       6.1068       0.0000       0.0000       0.0000       0.0000       0.0000       6.1667       5.1197       9.8952       4.3209       2.1298    -265.5572      -0.6565     152.7752     -91.9729
      32       6.1361      12.4556       5.0457       1.5199    -275.7901       1.5231      48.2128    -200.8969       0.4119       0.7518       0.0000       0.0000       0.0000       0.0000       0.0000       1.1637       5.7242      11.7038       5.0457       1.5199    -275.7901      -1.1886     163.0062     -89.9789
      33       4.5240      12.5347       3.9750       2.0357    -267.1305       4.3246      35.6717    -204.0647       0.8151       2.5170       0.0000       0.0000       0.0000       0.0000       0.0000       3.3321       3.7089      10.0177       3.9750       2.0357    -267.1305      -0.9405     155.6057     -92.7279
      34       5.4915      10.4132       3.4011       2.4330    -271.3674       0.0107      47.1609    -202.4571       0.3231       1.4601       0.0000       0.0000       0.0000       0.0000       0.0000       1.7832       5.1683       8.9531       3.4011       2.4330    -271.3674      -0.7630     160.8125     -91.3623
      35       3.8676      11.0378       6.2588       1.7914    -269.3627       2.2613      39.9148    -204.2310       1.1809       2.4646       0.0000       0.0000       0.0000       0.0000       0.0000       3.6455       2.6867       8.5732       6.2588       1.7914    -269.3627      -1.3047     156.8757     -94.4816
      36       8.9101       8.7066       5.1141       2.4924    -268.2072      -2.3139      53.3476    -191.9502       1.3669       1.7867       0.0000       0.0000       0.0000       0.0000       0.0000       3.1536       7.5432       6.9200       5.1141       2.4924    -268.2072      -1.1312     153.7187     -93.5500
      37       5.9453      14.0538       4.6113       2.1003    -270.2114       0.6584      44.9853    -197.8570       0.4898       1.2431       0.0000       0.0000       0.0000       0.0000       0.0000       1.7329       5.4555      12.8107       4.6113       2.1003    -270.2114      -1.2877     157.8062     -88.7152
      38       3.9008       8.8297       3.3192       1.6951    -265.3034      -0.4728      42.6863    -205.3451       0.7200       0.9299       0.0000       0.0000       0.0000       0.0000       0.0000       1.6499       3.1808       7.8999       3.3192       1.6951    -265.3034      -1.3155     154.8975     -95.6265
      39       4.3616      15.8688       5.1020       2.3540    -265.4331      -2.0557      42.8942    -196.9082       0.2643       2.7938       0.0000       0.0000       0.0000       0.0000       0.0000       3.0581       4.0973      13.0750       5.1020       2.3540    -265.4331      -1.4633     153.7937     -88.4745
      40      11.4990      12.4032       4.9306       3.0305    -273.5741       1.0647      44.2330    -196.4131       0.0002       1.4374       0.0000       0.0000       0.0000       0.0000       0.0000       1.4376      11.4988      10.9657       4.9306       3.0305    -273.5741      -1.2655     158.9725     -85.4415
      41       5.4416       8.0276       4.4185       1.5124    -270.9477       1.9505      44.7960    -204.8011       0.0888       1.7447       0.0000       0.0000       0.0000       0.0000       0.0000       1.8334       5.3528       6.2829       4.4185       1.5124    -270.9477      -1.1575     159.0671     -95.4715
      42       3.4169      14.2804       7.2048       2.2578    -268.6655       0.3978      42.2356    -198.8722       0.2910       0.8176       0.0000       0.0000       0.0000       0.0000       0.0000       1.1087       3.1259      13.4628       7.2048       2.2578    -268.6655      -1.1807     157.7474     -86.0475
      43       6.2055      16.0988       6.4599       1.5852    -274.5711       3.0222      40.5122    -200.6873       0.0751       2.2900       0.0000       0.0000       0.0000       0.0000       0.0000       2.3650       6.1304      13.8088       6.4599       1.5852    -274.5711      -1.4237     161.0092     -87.0012
      44       5.3911       9.7951       6.9458       3.5125    -267.7147       0.7478      46.4506    -194.8717       0.5755       0.7673       0.0000       0.0000       0.0000       0.0000       0.0000       1.3428       4.8156       9.0278       6.9458       3.5125    -267.7147      -1.2041     155.8882     -88.7289
      45       2.4707      12.2712       7.4461       3.0046    -269.8626       0.2678      47.7814    -196.6207       0.2267       1.7964       0.0000       0.0000       0.0000       0.0000       0.0000       2.0231       2.2440      10.4748       7.4461       3.0046    -269.8626      -1.1868     157.8870     -89.9928
      46       8.6915      16.9069       5.9635       1.8538    -279.3873      -0.5517      54.2824    -192.2408       0.0424       2.4293       0.0000       0.0000       0.0000       0.0000       0.0000       2.4717       8.6491      14.4776       5.9635       1.8538    -279.3873      -0.7792     166.4419     -82.7805
      47       5.6031       8.9259       3.9984       2.3842    -273.8358      -1.6056      53.7553    -200.7745       0.6903       0.2031       0.0000       0.0000       0.0000       0.0000       0.0000       0.8934       4.9128       8.7228       3.9984       2.3842    -273.8358      -0.9578     161.3873     -93.3881
      48       4.8622       8.1078       5.1545       2.1816    -271.7685       4.3204      39.9819    -207.1602       0.9000       0.8219       0.0000       0.0000       0.0000       0.0000       0.0000       1.7220       3.9621       7.2859       5.1545       2.1816    -271.7685      -0.7907     159.1573     -94.8179
      49       5.4662      11.2152       5.8024       2.6885    -272.0218       0.2727      47.3442    -199.2326       0.4972       0.0644       0.0000       0.0000       0.0000       0.0000       0.0000       0.5617       4.9690      11.1507       5.8024       2.6885    -272.0218      -0.3803     157.5386     -90.2529
      50       5.8638      12.7487       4.2172       1.7074    -265.4488       1.1782      38.7460    -200.9875       0.1011       1.1591       0.0000       0.0000       0.0000       0.0000       0.0000       1.2602       5.7627      11.5897       4.2172       1.7074    -265.4488      -1.1460     153.4440     -89.8738
      51       5.2257      13.0938       5.2081       2.0271    -269.1087      -0.3714      44.4977    -199.4277       0.0753       3.7403       0.0000       0.0000       0.0000       0.0000       0.0000       3.8156       5.1504       9.3534       5.2081       2.0271    -269.1087      -1.3057     157.6074     -91.0679
      52       7.1319      12.8452       4.7453       2.7747    -272.5788       0.2237      50.3895    -194.4685       0.5927       0.9385       0.0000       0.0000       0.0000       0.0000       0.0000       1.5312       6.5392      11.9067       4.7453       2.7747    -272.5788      -0.2342     158.7802     -88.0669
      53      11.4272      13.7760       3.9832       2.6440    -275.2264       1.0902      41.8336    -200.4722       1.0659       1.4212       0.0000       0.0000       0.0000       0.0000       0.0000       2.4872      10.3613      12.3548       3.9832       2.6440    -275.2264      -1.0089     157.7234     -89.1686
      54       4.7016      11.5496       5.9424       3.2600    -263.9687       2.6547      36.1716    -199.6888       0.0612       2.1996       0.0000       0.0000       0.0000       0.0000       0.0000       2.2608       4.6404       9.3500       5.9424       3.2600    -263.9687      -0.8546     154.4479     -87.1827
      55       3.0442      12.8652       4.9537       1.7516    -269.4078       2.3202      40.2836    -204.1894       0.3997       1.3110       0.0000       0.0000       0.0000       0.0000       0.0000       1.7107       2.6445      11.5542       4.9537       1.7516    -269.4078      -1.3208     158.4760     -91.3487
      56       4.4310      21.2354       4.7950       2.2661    -273.2513       2.2501      43.3989    -194.8748       0.6000       4.1974       0.0000       0.0000       0.0000       0.0000       0.0000       4.7974       3.8310      17.0380       4.7950       2.2661    -273.2513      -0.2551     160.4816     -85.0947
      57       5.1334      17.0984       6.8498       1.8790    -271.7223      -1.0243      52.1380    -189.6481       0.7490       3.5075       0.0000       0.0000       0.0000       0.0000       0.0000       4.2565       4.3844      13.5909       6.8498       1.8790    -271.7223      -0.4500     160.0336     -85.4347
      58       8.1948      18.7374       5.6057       2.2370    -271.9774      -1.6723      47.4918    -191.3830       0.6748       2.5814       0.0000       0.0000       0.0000       0.0000       0.0000       3.2562       7.5200      16.1560       5.6057       2.2370    -271.9774      -1.4381     158.1087     -83.7880
      59       7.1862      12.2479       6.0672       2.0715    -269.8667       0.7307      43.6290    -197.9342       1.2842       2.6510       0.0000       0.0000       0.0000       0.0000       0.0000       3.9352       5.9020       9.5969       6.0672       2.0715    -269.8667      -0.5727     158.7710     -88.0308
      60       6.6543      11.9902       5.8231       3.3581    -270.9465      -0.5934      53.4006    -190.3136       0.7487       2.7557       0.0000       0.0000       0.0000       0.0000       0.0000       3.5044       5.9056       9.2345       5.8231       3.3581    -270.9465      -1.1982     158.5995     -89.2239
      61       9.2660      17.7713       5.5559       1.3374    -269.3763       3.6186      38.1572    -193.6699       2.0714       3.5899       0.0000       0.0000       0.0000       0.0000       0.0000       5.6613       7.1947      14.1814       5.5559       1.3374    -269.3763      -1.2371     159.1311     -83.2129
      62       6.3732      10.7859       6.8464       2.1254    -268.1846       3.1357      37.4821    -201.4358       0.6698       1.9159       0.0000       0.0000       0.0000       0.0000       0.0000       2.5857       5.7034       8.8700       6.8464       2.1254    -268.1846      -1.3782     155.2929     -90.7246
      63       5.7234      17.4307       4.6690       1.5720    -274.5048       1.6416      44.1859    -199.2822       1.0539       1.2492       0.0000       0.0000       0.0000       0.0000       0.0000       2.3031       4.6695      16.1815       4.6690       1.5720    -274.5048      -0.8937     160.5288     -87.7776
      64       7.2546       9.1177       5.3198       1.1256    -269.0727      -1.4439      48.2743    -199.4246       0.6549       1.2528       0.0000       0.0000       0.0000       0.0000       0.0000       1.9077       6.5997       7.8648       5.3198       1.1256    -269.0727      -1.3224     157.2831     -92.2021
      65       7.9837      12.5249       8.0583       2.3919    -274.6180       1.6544      44.1680    -197.8368       0.2534       3.0152       0.0000       0.0000       0.0000       0.0000       0.0000       3.2686       7.7303       9.5098       8.0583       2.3919    -274.6180      -1.3264     158.7029     -89.5512
      66       9.6353      16.2915       3.5814       2.4319    -271.5365       2.3057      39.3073    -197.9835       0.4080       1.0101       0.0000       0.0000       0.0000       0.0000       0.0000       1.4180       9.2273      15.2814       3.5814       2.4319    -271.5365      -0.9356     157.5547     -84.3954
      67       3.8090      12.3992       4.5982       2.3382    -267.5030      -1.0888      50.3188    -195.1284       0.1805       1.6349       0.0000       0.0000       0.0000       0.0000       0.0000       1.8154       3.6285      10.7643       4.5982       2.3382    -267.5030      -0.8433     157.8163     -89.2009
      68       7.3024       5.7676       3.6388       1.9642    -271.9767       2.6877      40.9839    -209.6321       0.0296       0.4223       0.0000       0.0000       0.0000       0.0000       0.0000       0.4519       7.2728       5.3453       3.6388       1.9642    -271.9767      -0.8455     156.0087     -98.5924
      69      11.1220       9.6782       4.5687       1.8298    -274.5915      -0.3740      50.0214    -197.7453       0.1434       0.2883       0.0000       0.0000       0.0000       0.0000       0.0000       0.4317      10.9786       9.3898       4.5687       1.8298    -274.5915      -0.7785     157.5485     -91.0544
      70       7.1452      10.0947       6.9564       2.1712    -269.8894       0.1934      47.4994    -195.8290       0.2557       3.1142       0.0000       0.0000       0.0000       0.0000       0.0000       3.3699       6.8895       6.9806       6.9564       2.1712    -269.8894      -0.7326     158.4644     -89.1600
      71       6.1135      15.5135       3.5294       1.8551    -273.7265       2.0538      40.7937    -203.8675       0.0662       6.8004       0.0000       0.0000       0.0000       0.0000       0.0000       6.8667       6.0472       8.7131       3.5294       1.8551    -273.7265      -1.1456     161.4327     -93.2946
      72       5.0077      14.6896       5.8876       2.1614    -274.1817       4.7549      40.7579    -200.9225       0.8470       1.8468       0.0000       0.0000       0.0000       0.0000       0.0000       2.6938       4.1607      12.8429       5.8876       2.1614    -274.1817      -1.2432     160.5103     -89.8620
      73       5.6157      13.2911       5.8681       3.3014    -269.5630       1.3672      39.8064    -200.3131       0.1213       3.3299       0.0000       0.0000       0.0000       0.0000       0.0000       3.4512       5.4944       9.9613       5.8681       3.3014    -269.5630      -0.9936     156.8753     -89.0561
      74       4.6286      12.7838       6.9021       1.8856    -276.3270       0.9404      46.3852    -202.8012       0.4687       0.7116       0.0000       0.0000       0.0000       0.0000       0.0000       1.1803       4.1598      12.0722       6.9021       1.8856    -276.3270      -1.2584     160.0108     -92.5549
      75      11.4883       8.9071       4.5091       2.8100    -273.8733      -1.2292     107.0362    -140.3517       0.1725       3.4468       0.0000       0.0000       0.0000       0.0000       0.0000       3.6193      11.3158       5.4603       4.5091       2.8100    -273.8733      -1.0710     157.4961     -93.3530
      76       4.9173      13.5688       6.0090       2.6746    -274.9101      -0.5600      50.7093    -197.5910       0.0132       1.4081       0.0000       0.0000       0.0000       0.0000       0.0000       1.4213       4.9041      12.1607       6.0090       2.6746    -274.9101      -1.0028     161.9720     -88.1925
      77       4.8590      18.6929       3.7388       1.4277    -273.1903       4.5764      38.2890    -201.6067       0.2078       3.2604       0.0000       0.0000       0.0000       0.0000       0.0000       3.4683       4.6512      15.4325       3.7388       1.4277    -273.1903      -0.9729     157.8199     -91.0933
      78       6.9806      17.9003       6.3957       2.9276    -269.6410      -1.6255      93.9881    -143.0742       0.0342       0.7891       0.0000       0.0000       0.0000       0.0000       0.0000       0.8234       6.9464      17.1112       6.3957       2.9276    -269.6410      -1.3110     158.3483     -79.2229
      79       4.1338      12.8137       3.8258       1.5355    -274.7537       2.0646      47.4227    -202.9576       0.7425       2.5072       0.0000       0.0000       0.0000       0.0000       0.0000       3.2496       3.3913      10.3065       3.8258       1.5355    -274.7537      -1.3361     162.9347     -94.0959
      80       5.6574      14.2708       5.8690       2.1713    -267.9948       1.2082      41.0613    -197.7567       1.1577       1.3216       0.0000       0.0000       0.0000       0.0000       0.0000       2.4793       4.4997      12.9492       5.8690       2.1713    -267.9948      -0.9365     156.8419     -86.6001
      81       4.4798      12.0701       5.3129       1.8037    -269.6404       1.3385      41.2250    -203.4103       0.7359       3.2071       0.0000       0.0000       0.0000       0.0000       0.0000       3.9430       3.7440       8.8630       5.3129       1.8037    -269.6404      -1.1600     154.9452     -96.1316
      82       7.5336      14.1109       6.7319       2.0771    -275.0405       2.8949      39.5211    -202.1711       0.3592       3.4783       0.0000       0.0000       0.0000       0.0000       0.0000       3.8374       7.1745      10.6326       6.7319       2.0771    -275.0405      -1.2834     160.1594     -89.5484
      83       7.8682      14.4389       5.6299       2.8152    -271.8287      -0.0301      43.0048    -198.1019       0.0490       3.4938       0.0000       0.0000       0.0000       0.0000       0.0000       3.5427       7.8192      10.9451       5.6299       2.8152    -271.8287      -1.2758     159.1947     -86.7005
      84       4.3788       9.1878       5.5401       2.3175    -270.1032       0.6706      42.7936    -205.2147       0.5403       1.4396       0.0000       0.0000       0.0000       0.0000       0.0000       1.9799       3.8385       7.7482       5.5401       2.3175    -270.1032      -0.9626     158.6156     -93.0060
      85       7.1862      17.6519       6.6759       1.3422    -270.1099      -0.1781      43.2725    -194.1593       0.5731       6.2784       0.0000       0.0000       0.0000       0.0000       0.0000       6.8515       6.6132      11.3735       6.6759       1.3422    -270.1099      -1.1784     157.8361     -87.4474
      86       4.8383      10.2017       6.2991       2.6401    -265.3055       0.2262      43.1060    -197.9941       0.4750       1.3956       0.0000       0.0000       0.0000       0.0000       0.0000       1.8706       4.3632       8.8061       6.2991       2.6401    -265.3055      -1.0982     154.1379     -90.1572
      87       4.3932      12.3557       5.6933       3.6390    -272.1840       0.2424      46.3915    -199.4688       0.3241       1.6025       0.0000       0.0000       0.0000       0.0000       0.0000       1.9265       4.0691      10.7532       5.6933       3.6390    -272.1840      -0.5926     156.9559     -91.6659
      88       8.0021      11.9359       3.9855       2.2589    -272.4876       1.0005      43.2407    -202.0640       0.7492       1.0622       0.0000       0.0000       0.0000       0.0000       0.0000       1.8115       7.2529      10.8737       3.9855       2.2589    -272.4876      -1.4521     161.7584     -87.8103
      89       5.9329      10.2506       6.5794       1.6707    -274.7742       1.0947      42.6306    -206.6152       0.1606       2.4594       0.0000       0.0000       0.0000       0.0000       0.0000       2.6200       5.7723       7.7912       6.5794       1.6707    -274.7742      -1.4437     160.0167     -94.3875
      90      10.6387      14.3342       9.0215       2.4517    -285.4608       2.1474      45.9129    -200.9543       1.0243       2.3465       0.0000       0.0000       0.0000       0.0000       0.0000       3.3708       9.6144      11.9877       9.0215       2.4517    -285.4608      -1.5096     166.1134     -87.7816
      91       6.9555       6.8337       4.4005       2.3440    -269.0848       3.5634      36.7701    -208.2175       0.1089       1.1498       0.0000       0.0000       0.0000       0.0000       0.0000       1.2587       6.8466       5.6839       4.4005       2.3440    -269.0848      -1.3168     156.8541     -94.2725
      92       6.6015      13.9880       3.8822       2.0097    -275.1829       2.5747      43.0626    -203.0643       0.9311       2.4555       0.0000       0.0000       0.0000       0.0000       0.0000       3.3867       5.6703      11.5325       3.8822       2.0097    -275.1829      -1.0977     160.1334     -93.0525
      93       6.7624      13.6330       7.1235       2.9364    -275.8192       0.1757      48.1725    -197.0157       0.3518       0.6131       0.0000       0.0000       0.0000       0.0000       0.0000       0.9649       6.4105      13.0199       7.1235       2.9364    -275.8192      -1.2747     160.7918     -86.8116
      94       6.4915      15.5543       4.6939       2.7590    -271.4168       2.5531      39.1495    -200.2154       0.0946       1.6755       0.0000       0.0000       0.0000       0.0000       0.0000       1.7701       6.3969      13.8789       4.6939       2.7590    -271.4168      -1.3425     155.2699     -89.7606
      95       4.5513      15.5306       3.9999       2.1175    -273.9548       0.8216      42.7687    -204.1652       0.0057       5.9500       0.0000       0.0000       0.0000       0.0000       0.0000       5.9557       4.5456       9.5806       3.9999       2.1175    -273.9548      -0.6872     160.3058     -94.0925
      96       7.9200      13.5661       6.0062       2.2067    -278.8040       0.9886      46.9912    -201.1252       0.0911       1.4435       0.0000       0.0000       0.0000       0.0000       0.0000       1.5346       7.8288      12.1226       6.0062       2.2067    -278.8040      -0.9427     164.0641     -87.5183
      97       5.2055       9.3243       7.0120       1.8495    -271.7932       1.3081      43.2512    -203.8425       0.5276       1.9326       0.0000       0.0000       0.0000       0.0000       0.0000       2.4602       4.6779       7.3918       7.0120       1.8495    -271.7932      -1.3041     158.7574     -93.4087
      98       6.1226      11.5819       3.3399       1.4754    -270.2728       1.7559      37.8295    -208.1677       0.3394       3.2994       0.0000       0.0000       0.0000       0.0000       0.0000       3.6388       5.7832       8.2825       3.3399       1.4754    -270.2728      -1.2564     155.2820     -97.3663
      99       3.4798      10.8061       4.5879       2.4879    -270.5426       5.6886      37.1764    -206.3161       0.4579       0.9743       0.0000       0.0000       0.0000       0.0000       0.0000       1.4322       3.0219       9.8318       4.5879       2.4879    -270.5426      -0.9894     159.1942     -92.4084
     100      10.5492      13.9215       6.9747       2.2150    -275.0578       3.5688      40.0616    -197.7670       0.1046       0.6619       0.0000       0.0000       0.0000       0.0000       0.0000       0.7664      10.4446      13.2597       6.9747       2.2150    -275.0578      -1.1169     159.3212     -83.9595
     101       4.3690      17.5602       3.1219       2.8038    -273.1568       2.8372      38.6860    -203.7786       1.5818       3.6625       0.0000       0.0000       0.0000       0.0000       0.0000       5.2443       2.7873      13.8976       3.1219       2.8038    -273.1568      -1.2626     162.2228     -89.5860
     102       6.1661      21.4358       4.8353       2.8549    -274.4021       1.1632      46.1088    -191.8380       1.0573       7.1980       0.0000       0.0000       0.0000       0.0000       0.0000       8.2553       5.1088      14.2378       4.8353       2.8549    -274.4021      -0.3349     161.6888     -86.0114
     103       8.0740      15.4565       3.5945       1.0576    -274.7652      -0.7604      48.0546    -199.2885       0.3746       1.9539       0.0000       0.0000       0.0000       0.0000       0.0000       2.3285       7.6993      13.5026       3.5945       1.0576    -274.7652      -1.5176     161.6978     -88.7309
     104      10.7510      12.4121       5.8566       2.6954    -274.5850       2.5380      41.0911    -199.2409       0.9316       0.9627       0.0000       0.0000       0.0000       0.0000       0.0000       1.8943       9.8194      11.4494       5.8566       2.6954    -274.5850      -0.9494     162.7626     -82.9510
     105      10.7952      10.8563       5.7130       1.9545    -277.4527      -0.1717      50.8301    -197.4753       0.9855       0.2264       0.0000       0.0000       0.0000       0.0000       0.0000       1.2118       9.8098      10.6299       5.7130       1.9545    -277.4527      -0.9471     160.2021     -90.0905
     106       4.1686      11.4309       3.4025       2.7507    -269.4808      -1.0163      45.8245    -202.9199       0.0323       2.0310       0.0000       0.0000       0.0000       0.0000       0.0000       2.0632       4.1363       9.3999       3.4025       2.7507    -269.4808      -1.2052     157.2468     -93.7498
     107       9.5676      17.2636       6.1898       2.8059    -269.2908       2.7834      37.0316    -193.6492       2.7994       2.1558       0.0000       0.0000       0.0000       0.0000       0.0000       4.9552       6.7682      15.1077       6.1898       2.8059    -269.2908      -0.5863     156.5650     -82.4405
     108       7.1599      15.4249       4.2783       1.3451    -273.1241       2.5360      39.2064    -203.1735       1.0153       2.8838       0.0000       0.0000       0.0000       0.0000       0.0000       3.8990       6.1446      12.5411       4.2783       1.3451    -273.1241      -1.2921     160.2933     -89.8137
     109       5.3342      14.8199       5.0550       1.3279    -266.9167      -0.3717      43.4103    -197.3411       0.0386       2.8781       0.0000       0.0000       0.0000       0.0000       0.0000       2.9167       5.2956      11.9418       5.0550       1.3279    -266.9167      -1.3459     155.1231     -89.5193
     110       7.3584      16.4972       7.0459       4.1256    -268.6932       3.1955      35.5223    -194.9483       0.5108       5.9552       0.0000       0.0000       0.0000       0.0000       0.0000       6.4660       6.8476      10.5420       7.0459       4.1256    -268.6932      -0.4934     156.5112     -84.1142
     111       9.5725       7.6767       5.4822       2.8607    -273.1097       2.5276      43.8555    -201.1346       0.0087       0.9323       0.0000       0.0000       0.0000       0.0000       0.0000       0.9410       9.5638       6.7444       5.4822       2.8607    -273.1097      -0.8346     157.9418     -91.3514
     112       2.3636       9.2694       5.4804       2.2874    -270.8315       3.5779      38.1040    -209.7488       0.0607       1.6323       0.0000       0.0000       0.0000       0.0000       0.0000       1.6929       2.3030       7.6372       5.4804       2.2874    -270.8315      -0.3846     160.2899     -93.2184
     113       7.8016      17.2821       6.6340       4.1987    -273.4262       2.3779      38.8440    -196.2880       0.9887       2.6159       0.0000       0.0000       0.0000       0.0000       0.0000       3.6045       6.8129      14.6662       6.6340       4.1987    -273.4262      -0.1970     160.0665     -81.2449
     114       4.6578      11.3562       6.2378       3.1664    -268.8484       5.6475      35.2460    -202.5367       0.4114       0.9729       0.0000       0.0000       0.0000       0.0000       0.0000       1.3843       4.2464      10.3833       6.2378       3.1664    -268.8484      -0.8961     156.3753     -89.3352
     115       5.4762      15.7692       4.0965       2.3866    -280.7540       0.5596      57.3087    -195.1572       0.2878       2.0004       0.0000       0.0000       0.0000       0.0000       0.0000       2.2881       5.1884      13.7689       4.0965       2.3866    -280.7540       0.8344     164.4708     -90.0085
     116       3.6414      11.5650       5.5944       2.7221    -267.1771       0.7704      40.5867    -202.2972       0.2940       2.9558       0.0000       0.0000       0.0000       0.0000       0.0000       3.2498       3.3474       8.6092       5.5944       2.7221    -267.1771      -0.7973     157.3808     -90.3206
     117       6.6325      11.2990       3.8454       2.8998    -275.6920       3.4778      44.7188    -202.8186       0.2434       0.2000       0.0000       0.0000       0.0000       0.0000       0.0000       0.4434       6.3891      11.0990       3.8454       2.8998    -275.6920      -0.6464     163.8220     -88.2830
     118       8.8194      13.7576       6.8949       2.5885    -273.9538       2.8481      41.8025    -197.2427       0.3982       1.8484       0.0000       0.0000       0.0000       0.0000       0.0000       2.2466       8.4212      11.9092       6.8949       2.5885    -273.9538      -1.2136     159.8998     -85.4538
     119       3.9132      10.7332       3.8197       2.1721    -271.3458       1.2359      39.8228    -209.6489       0.0910       3.0831       0.0000       0.0000       0.0000       0.0000       0.0000       3.1740       3.8222       7.6502       3.8197       2.1721    -271.3458      -1.1340     157.5355     -97.4801
     120       4.9792      11.3063       5.5089       1.8160    -267.4316       1.8940      37.6555    -204.2716       1.1339       0.9351       0.0000       0.0000       0.0000       0.0000       0.0000       2.0690       3.8453      10.3713       5.5089       1.8160    -267.4316      -1.4450     156.4142     -90.9209
     121       5.2281      14.4990       2.9399       1.5623    -266.7730       3.7535      39.1592    -199.6311       0.8564       1.8780       0.0000       0.0000       0.0000       0.0000       0.0000       2.7343       4.3717      12.6210       2.9399       1.5623    -266.7730      -0.9282     153.9213     -92.2850
     122       5.3885      12.3199       4.6020       1.2790    -270.9235       4.0789      37.2169    -206.0382       0.0196       2.3327       0.0000       0.0000       0.0000       0.0000       0.0000       2.3523       5.3688       9.9873       4.6020       1.2790    -270.9235      -1.1492     159.0582     -91.7774
     123       6.1453      14.4651       5.2270       2.1086    -274.7780       1.5882      45.7971    -199.4465       0.1521       2.5454       0.0000       0.0000       0.0000       0.0000       0.0000       2.6975       5.9932      11.9197       5.2270       2.1086    -274.7780      -1.2655     159.6359     -91.1589
     124      10.6604       9.8113       4.7523       2.6436    -276.0258       5.9933      38.8962    -203.2687       2.9911       0.3290       0.0000       0.0000       0.0000       0.0000       0.0000       3.3201       7.6693       9.4823       4.7523       2.6436    -276.0258      -1.1119     160.6846     -91.9055
     125       5.8766      13.2113       6.6886       2.7258    -276.9597       1.8947      44.5894    -201.9734       1.3696       0.3994       0.0000       0.0000       0.0000       0.0000       0.0000       1.7691       4.5070      12.8118       6.6886       2.7258    -276.9597      -0.9888     161.0241     -90.1912
     126       7.7864       9.3537       4.4571       2.8677    -273.5267       2.2817      42.3797    -204.4004       0.9687       1.9516       0.0000       0.0000       0.0000       0.0000       0.0000       2.9203       6.8177       7.4021       4.4571       2.8677    -273.5267      -0.8415     160.5142     -92.3094
