#Frame     p_ab[bond]  p_ab[angle]    p_ab[dih]  p_ab[vdw14] p_ab[elec14]    p_ab[vdw]   p_ab[elec]  p_ab[total]    p_a[bond]   p_a[angle]     p_a[dih]   p_a[vdw14]  p_a[elec14]     p_a[vdw]    p_a[elec]   p_a[total]    p_b[bond]   p_b[angle]     p_b[dih]   p_b[vdw14]  p_b[elec14]     p_b[vdw]    p_b[elec]   p_b[total]
       1       3.9963      14.7229       4.6431       2.5812    -267.5380       0.0765      62.6419    -178.8762       1.0648       5.1439       0.0000       0.0000       0.0000       0.0000       0.0000       6.2087       2.9315       9.5791       4.6431       2.5812    -267.5380      -1.2726     158.7509     -90.3249
       2       6.7823      13.0122       5.0446       1.8020    -273.1954      -0.8681      70.6375    -176.7849       0.6073       2.6326       0.0000       0.0000       0.0000       0.0000       0.0000       3.2399       6.1750      10.3797       5.0446       1.8020    -273.1954      -1.1187     160.3319     -90.5810
       3       4.7625      12.7141       5.1602       1.3649    -269.0390      -1.6300      74.7331    -171.9342       0.1247       0.1920       0.0000       0.0000       0.0000       0.0000       0.0000       0.3166       4.6378      12.5222       5.1602       1.3649    -269.0390      -1.2749     158.6745     -87.9543
       4       5.3001       9.2608       6.6899       1.7760    -273.1984       2.6430      42.9512    -204.5773       0.9676       0.8058       0.0000       0.0000       0.0000       0.0000       0.0000       1.7734       4.3325       8.4550       6.6899       1.7760    -273.1984      -1.2010     159.9083     -93.2376
       5       5.7575       9.5990       4.0908       2.5223    -273.2327       0.7370      49.5311    -200.9950       0.0886       0.9397       0.0000       0.0000       0.0000       0.0000       0.0000       1.0283       5.6689       8.6593       4.0908       2.5223    -273.2327      -0.7984     157.9459     -95.1440
       6       8.6145      13.7675       5.4310       1.7766    -281.5795      -0.7959      52.7163    -200.0695       1.0434       3.2735       0.0000       0.0000       0.0000       0.0000       0.0000       4.3169       7.5711      10.4940       5.4310       1.7766    -281.5795      -1.4785     165.9471     -91.8382
       7       2.7825      11.0187       6.5799       2.4320    -268.9516      -0.0766      50.8789    -195.3362       0.1309       1.3549       0.0000       0.0000       0.0000       0.0000       0.0000       1.4858       2.6516       9.6638       6.5799       2.4320    -268.9516      -0.7268     156.9466     -91.4045
       8       5.2824      14.4132       5.6633       2.5524    -267.2314       0.7398      47.9566    -190.6237       1.8237       3.8814       0.0000       0.0000       0.0000       0.0000       0.0000       5.7050       3.4588      10.5318       5.6633       2.5524    -267.2314      -0.3587     155.8543     -89.5296
       9      10.2072      12.8354       4.0776       2.6034    -271.4648       2.7464      44.1767    -194.8182       1.1410       2.9866       0.0000       0.0000       0.0000       0.0000       0.0000       4.1277       9.0662       9.8487       4.0776       2.6034    -271.4648      -1.2366     157.0669     -90.0385
      10       3.8974      13.2771       6.7767       2.8091    -269.5388       4.0113      37.5034    -201.2638       0.1237       3.6311       0.0000       0.0000       0.0000       0.0000       0.0000       3.7548       3.7737       9.6460       6.7767       2.8091    -269.5388      -1.0701     158.3856     -89.2178
      11       8.3698      15.6932       6.9977       2.6304    -278.3256       1.6335      47.8329    -195.1680       0.5983       6.8241       0.0000       0.0000       0.0000       0.0000       0.0000       7.4224       7.7716       8.8691       6.9977       2.6304    -278.3256      -1.4586     162.6212     -90.8942
      12       8.2323      11.6667       9.8520       2.3753    -274.7181       1.1792      48.3861    -193.0265       0.0123       3.0376       0.0000       0.0000       0.0000       0.0000       0.0000       3.0499       8.2200       8.6291       9.8520       2.3753    -274.7181      -1.2266     161.3717     -85.4966
      13       6.2834      14.8092       7.4119       2.2780    -268.1973       5.8420      42.0121    -189.5608       1.2078       2.2503       0.0000       0.0000       0.0000       0.0000       0.0000       3.4581       5.0756      12.5589       7.4119       2.2780    -268.1973      -1.1698     156.1760     -85.8668
      14       6.1137      13.6856       6.5997       2.3909    -267.7872       0.8661      49.0937    -189.0376       1.9162       1.7138       0.0000       0.0000       0.0000       0.0000       0.0000       3.6300       4.1975      11.9717       6.5997       2.3909    -267.7872      -0.7443     156.2863     -87.0854
      15       2.6339      16.3890       6.5029       2.3288    -266.5787       4.3672      42.2286    -192.1282       0.6953       6.4749       0.0000       0.0000       0.0000       0.0000       0.0000       7.1702       1.9386       9.9141       6.5029       2.3288    -266.5787      -1.1899     156.7439     -90.3402
      16       8.1987      17.0263       6.9554       2.0819    -269.2029       0.7615      40.8869    -193.2923       0.6081       4.5656       0.0000       0.0000       0.0000       0.0000       0.0000       5.1738       7.5905      12.4606       6.9554       2.0819    -269.2029      -0.7124     156.6018     -84.2251
      17       6.7743       7.5802       6.8646       1.5199    -268.9123       2.2335      42.1338    -201.8060       3.9799       1.6260       0.0000       0.0000       0.0000       0.0000       0.0000       5.6058       2.7945       5.9542       6.8646       1.5199    -268.9123       0.1771     158.3376     -93.2643
      18       5.2634      16.1340       6.4940       2.4091    -269.5337       3.6135      45.1729    -190.4468       1.4014       3.7971       0.0000       0.0000       0.0000       0.0000       0.0000       5.1985       3.8620      12.3369       6.4940       2.4091    -269.5337      -0.0001     158.9524     -85.4794
      19       9.9173      12.6437       6.4361       2.4057    -281.2428       1.4086      45.8081    -202.6233       0.0371       3.2019       0.0000       0.0000       0.0000       0.0000       0.0000       3.2390       9.8802       9.4418       6.4361       2.4057    -281.2428      -1.0381     163.6046     -90.5124
      20       7.2580      15.0873       4.3873       2.0191    -269.7879      -0.0580      48.7955    -192.2986       1.1485       3.9880       0.0000       0.0000       0.0000       0.0000       0.0000       5.1365       6.1095      11.0993       4.3873       2.0191    -269.7879      -1.2817     158.1065     -89.3478
      21      10.2640      13.5003       5.8044       2.9626    -279.6540       8.9176      44.1490    -194.0561       0.2592       3.4611       0.0000       0.0000       0.0000       0.0000       0.0000       3.7204      10.0048      10.0392       5.8044       2.9626    -279.6540      -0.3743     164.7018     -86.5155
      22       7.9886      13.5065       7.2599       2.0574    -274.8098      -1.7354      51.0361    -194.6967       0.4240       3.9865       0.0000       0.0000       0.0000       0.0000       0.0000       4.4105       7.5646       9.5200       7.2599       2.0574    -274.8098      -1.0145     157.8277     -91.5947
      23       4.3304      10.7832       5.3742       1.8013    -274.0888       2.0334      43.3208    -206.4456       0.8106       1.0375       0.0000       0.0000       0.0000       0.0000       0.0000       1.8481       3.5198       9.7457       5.3742       1.8013    -274.0888      -1.4739     159.0888     -96.0329
      24       7.5097       9.8496       6.7690       2.3266    -273.0237      -1.8383      49.7106    -198.6966       0.4828       2.8494       0.0000       0.0000       0.0000       0.0000       0.0000       3.3322       7.0268       7.0002       6.7690       2.3266    -273.0237      -1.4484     160.3400     -91.0094
      25       5.7072      12.8438       7.7735       2.7610    -276.0530       1.7227      46.1276    -199.1172       0.0627       1.0931       0.0000       0.0000       0.0000       0.0000       0.0000       1.1558       5.6445      11.7507       7.7735       2.7610    -276.0530      -0.8600     163.3764     -85.6069
      26       5.2987      14.8312       4.7835       2.8765    -272.2768      -2.4222      56.6456    -190.2634       0.5925       2.2382       0.0000       0.0000       0.0000       0.0000       0.0000       2.8307       4.7062      12.5931       4.7835       2.8765    -272.2768      -1.4092     161.2362     -87.4906
      27       4.5047      11.7604       8.0429       2.7143    -271.1916      -0.8179      51.5609    -193.4264       0.1601       3.2709       0.0000       0.0000       0.0000       0.0000       0.0000       3.4311       4.3446       8.4894       8.0429       2.7143    -271.1916      -1.0134     156.5784     -92.0354
      28       7.4052      11.3377       9.3721       2.9426    -274.5641       0.3155      50.1467    -193.0444       1.5315       2.6478       0.0000       0.0000       0.0000       0.0000       0.0000       4.1793       5.8737       8.6899       9.3721       2.9426    -274.5641      -1.3345     163.5776     -85.4428
      29       4.3636      12.3974       3.2820       2.6442    -266.2246      -0.4313      47.9433    -196.0255       0.3398       2.5280       0.0000       0.0000       0.0000       0.0000       0.0000       2.8678       4.0238       9.8694       3.2820       2.6442    -266.2246      -0.7119     154.0101     -93.1071
      30       7.2112      18.9291       3.8783       1.8800    -271.8717       1.2263      48.8155    -189.9312       1.0061       5.7660       0.0000       0.0000       0.0000       0.0000       0.0000       6.7721       6.2051      13.1631       3.8783       1.8800    -271.8717      -0.3719     158.9611     -88.1560
      31       8.5991      15.4914       5.4765       1.9709    -277.1818       0.8910      51.5643    -193.1886       1.4134       2.7396       0.0000       0.0000       0.0000       0.0000       0.0000       4.1530       7.1857      12.7518       5.4765       1.9709    -277.1818      -0.9751     159.9177     -90.8543
      32       6.3857      11.7813       5.6816       2.4200    -278.6297       5.0052      49.5115    -197.8444       0.0962       0.7327       0.0000       0.0000       0.0000       0.0000       0.0000       0.8289       6.2895      11.0486       5.6816       2.4200    -278.6297      -1.1358     165.0115     -89.3143
      33       6.6200      15.1168       7.7430       1.7540    -272.9901       2.4094      42.5413    -196.8057       0.0213       3.6381       0.0000       0.0000       0.0000       0.0000       0.0000       3.6594       6.5987      11.4787       7.7430       1.7540    -272.9901      -0.7095     159.6221     -86.5032
      34       6.5796      13.4380       6.9258       1.5589    -271.6819      -0.1748      50.4724    -192.8820       0.3409       1.6500       0.0000       0.0000       0.0000       0.0000       0.0000       1.9910       6.2386      11.7880       6.9258       1.5589    -271.6819      -0.9597     159.0664     -87.0639
      35       4.9589       9.1755       6.7479       2.8495    -274.5053       1.2921      51.3920    -198.0893       1.2924       0.2128       0.0000       0.0000       0.0000       0.0000       0.0000       1.5052       3.6665       8.9628       6.7479       2.8495    -274.5053      -0.4130     162.0991     -90.5925
      36      10.0601      12.5434       8.6797       1.5645    -272.2657       0.6135      42.7877    -196.0168       2.3805       2.0627       0.0000       0.0000       0.0000       0.0000       0.0000       4.4432       7.6796      10.4807       8.6797       1.5645    -272.2657      -1.5063     156.8623     -88.5051
      37       8.3886      14.0023       5.0197       3.4004    -275.8652       2.6623      48.7216    -193.6703       0.3433       3.9563       0.0000       0.0000       0.0000       0.0000       0.0000       4.2995       8.0453      10.0460       5.0197       3.4004    -275.8652      -0.8268     161.2033     -88.9772
      38       5.2788      12.7743       3.8020       2.0636    -271.9426      -2.6393      75.9216    -174.7415       0.4268       1.2063       0.0000       0.0000       0.0000       0.0000       0.0000       1.6332       4.8520      11.5679       3.8020       2.0636    -271.9426      -1.1465     156.8807     -93.9227
      39       4.4331      17.2388       4.1286       2.3973    -274.5255       3.4352      47.7327    -195.1598       0.8132       4.2197       0.0000       0.0000       0.0000       0.0000       0.0000       5.0329       3.6199      13.0191       4.1286       2.3973    -274.5255      -0.3970     157.8173     -93.9403
      40       7.3244       9.9084       5.4251       3.6623    -272.1291       1.2683      46.0250    -198.5155       0.4576       1.7152       0.0000       0.0000       0.0000       0.0000       0.0000       2.1728       6.8669       8.1932       5.4251       3.6623    -272.1291      -0.0797     159.1339     -88.9274
      41       8.0360      11.5894       3.8481       1.7709    -271.6088      -0.5639      70.8414    -176.0871       2.8463       2.9716       0.0000       0.0000       0.0000       0.0000       0.0000       5.8178       5.1897       8.6178       3.8481       1.7709    -271.6088      -1.4182     159.6043     -93.9962
      42       4.7781      21.4761       8.8045       0.8414    -271.3561      -0.6750      59.2199    -176.9111       0.0214       2.2418       0.0000       0.0000       0.0000       0.0000       0.0000       2.2632       4.7567      19.2343       8.8045       0.8414    -271.3561      -1.8310     157.6937     -81.8564
      43       7.3001      11.6428       7.8247       3.2895    -270.4870       1.4145      62.7986    -176.2169       0.3270       0.9576       0.0000       0.0000       0.0000       0.0000       0.0000       1.2846       6.9731      10.6852       7.8247       3.2895    -270.4870      -0.2966     156.2106     -85.8005
      44       7.0179      11.4956       7.6233       1.9715    -273.6122       0.3890      56.9960    -188.1189       0.2615       0.6111       0.0000       0.0000       0.0000       0.0000       0.0000       0.8726       6.7564      10.8844       7.6233       1.9715    -273.6122      -1.3673     159.9513     -87.7926
      45       6.0061      14.8098       7.0356       1.6498    -272.5382       1.7836      53.9771    -187.2761       0.7588       3.9831       0.0000       0.0000       0.0000       0.0000       0.0000       4.7419       5.2474      10.8267       7.0356       1.6498    -272.5382      -1.7671     162.5778     -86.9679
      46       5.9589      13.7705       4.5808       1.6194    -269.0025       0.5002      62.3866    -180.1861       0.1840       1.6708       0.0000       0.0000       0.0000       0.0000       0.0000       1.8547       5.7749      12.0997       4.5808       1.6194    -269.0025      -1.4944     156.0160     -90.4061
      47       5.8557      13.9090       4.8980       2.7002    -272.9434       4.5175      54.6464    -186.4167       0.0834       5.4905       0.0000       0.0000       0.0000       0.0000       0.0000       5.5739       5.7722       8.4185       4.8980       2.7002    -272.9434      -1.4449     162.5406     -90.0587
      48       6.9584      14.4029       5.4468       1.8287    -273.9183       0.1567      65.8905    -179.2344       1.8309       2.5323       0.0000       0.0000       0.0000       0.0000       0.0000       4.3632       5.1274      11.8706       5.4468       1.8287    -273.9183      -1.4208     160.1869     -90.8787
      49       4.7178      10.1248       4.1419       2.3005    -274.6697      -1.4997      71.5108    -183.3736       0.5640       0.7932       0.0000       0.0000       0.0000       0.0000       0.0000       1.3572       4.1537       9.3317       4.1419       2.3005    -274.6697      -1.4325     163.2936     -92.8809
      50       5.7824      11.2167       5.8834       2.5816    -270.7967      -0.8336      73.1498    -173.0165       0.7798       0.0202       0.0000       0.0000       0.0000       0.0000       0.0000       0.8000       5.0026      11.1965       5.8834       2.5816    -270.7967      -1.3286     161.4403     -86.0208
      51       6.0307      12.3844       4.3546       2.4204    -267.4109       0.0228      67.0897    -175.1082       0.6771       1.2843       0.0000       0.0000       0.0000       0.0000       0.0000       1.9613       5.3536      11.1002       4.3546       2.4204    -267.4109      -0.9267     155.1972     -89.9116
      52       8.2334      18.4195       5.1663       2.8690    -279.7595      -0.4239     105.0858    -140.4095       0.1349       1.7906       0.0000       0.0000       0.0000       0.0000       0.0000       1.9256       8.0985      16.6288       5.1663       2.8690    -279.7595      -0.0605     166.0526     -81.0048
      53       4.8147      10.3445       6.0567       2.8627    -270.3326      -0.0976      42.6413    -203.7102       0.1098       0.9298       0.0000       0.0000       0.0000       0.0000       0.0000       1.0396       4.7049       9.4147       6.0567       2.8627    -270.3326      -1.5847     158.5723     -90.3060
      54       7.6881      13.7851       9.0443       2.7411    -272.9326      -0.2267      62.1333    -177.7673       0.2331       3.6437       0.0000       0.0000       0.0000       0.0000       0.0000       3.8767       7.4550      10.1415       9.0443       2.7411    -272.9326      -0.7001     159.4956     -84.7550
      55       4.3481      17.9166       6.2552       2.0731    -274.9190       0.8905      53.5721    -189.8634       0.2299       1.7521       0.0000       0.0000       0.0000       0.0000       0.0000       1.9820       4.1182      16.1644       6.2552       2.0731    -274.9190      -1.5501     162.0795     -85.7787
      56       7.9313      15.7736       6.6905       2.4220    -285.7841      -1.2060      60.7127    -193.4602       0.5367       2.0339       0.0000       0.0000       0.0000       0.0000       0.0000       2.5706       7.3946      13.7397       6.6905       2.4220    -285.7841      -0.9388     170.1586     -86.3175
      57       4.9858      10.3026       6.9873       2.2645    -274.1086       1.8920      42.2777    -205.3988       0.5835       3.5014       0.0000       0.0000       0.0000       0.0000       0.0000       4.0849       4.4023       6.8012       6.9873       2.2645    -274.1086      -1.2408     163.1642     -91.7301
      58       7.0209      16.1049       6.4512       3.2350    -267.3876       2.6344      31.0096    -200.9315       0.2376       4.2710       0.0000       0.0000       0.0000       0.0000       0.0000       4.5086       6.7833      11.8339       6.4512       3.2350    -267.3876      -1.4709     156.4106     -84.1445
      59       4.9788      15.9223       3.7258       1.5909    -273.9306      -0.2010      46.4385    -201.4753       0.0011       1.7679       0.0000       0.0000       0.0000       0.0000       0.0000       1.7691       4.9777      14.1544       3.7258       1.5909    -273.9306      -1.5079     161.1987     -89.7910
      60       5.5485      16.4757       5.2067       2.5617    -272.6359       5.6895      54.3296    -182.8242       0.6156       3.0326       0.0000       0.0000       0.0000       0.0000       0.0000       3.6481       4.9329      13.4432       5.2067       2.5617    -272.6359      -1.5236     163.2554     -84.7597
      61       3.5947      14.5892       3.7775       1.4697    -270.2775       1.5659      58.1895    -187.0909       0.1297       1.2186       0.0000       0.0000       0.0000       0.0000       0.0000       1.3484       3.4650      13.3706       3.7775       1.4697    -270.2775      -1.3057     159.0940     -90.4064
      62       7.0380      11.0765       6.0455       2.6523    -282.3246       3.2881      44.3880    -207.8362       0.7352       1.2686       0.0000       0.0000       0.0000       0.0000       0.0000       2.0038       6.3028       9.8079       6.0455       2.6523    -282.3246      -1.0587     168.7273     -89.8476
      63       5.9563      15.9853       7.3219       2.1295    -275.9872      -0.9815      66.9902    -178.5855       0.2676       3.7619       0.0000       0.0000       0.0000       0.0000       0.0000       4.0295       5.6887      12.2234       7.3219       2.1295    -275.9872      -0.8265     161.2525     -88.1977
      64       3.3867      17.8439       6.4297       2.1890    -271.3183       1.5014      44.2093    -195.7583       0.8261       4.0099       0.0000       0.0000       0.0000       0.0000       0.0000       4.8360       2.5606      13.8340       6.4297       2.1890    -271.3183      -1.5427     160.7057     -87.1421
      65       4.2876      15.5294       3.1563       2.2630    -273.3146       2.3169      48.5554    -197.2059       0.6829       1.6720       0.0000       0.0000       0.0000       0.0000       0.0000       2.3549       3.6047      13.8574       3.1563       2.2630    -273.3146      -1.6006     160.6203     -91.4134
      66       9.4496      14.0699       5.1041       2.4830    -278.1076       0.2027      69.9015    -176.8967       0.9456       3.2178       0.0000       0.0000       0.0000       0.0000       0.0000       4.1634       8.5040      10.8521       5.1041       2.4830    -278.1076      -1.5475     164.3640     -88.3478
      67       5.9398      10.6374       4.5747       2.8600    -265.9528       1.9337      34.7996    -205.2077       0.6451       2.2010       0.0000       0.0000       0.0000       0.0000       0.0000       2.8461       5.2947       8.4364       4.5747       2.8600    -265.9528      -1.1971     155.2508     -90.7332
      68      10.2828       7.5930       6.3568       2.3756    -277.9529       2.8096      59.1820    -189.3531       0.4758       0.9748       0.0000       0.0000       0.0000       0.0000       0.0000       1.4507       9.8070       6.6182       6.3568       2.3756    -277.9529      -1.1886     162.7192     -91.2648
      69       7.0176       9.9183       7.6317       2.4827    -272.3671       4.1264      53.1212    -188.0691       0.2172       2.1259       0.0000       0.0000       0.0000       0.0000       0.0000       2.3431       6.8004       7.7925       7.6317       2.4827    -272.3671      -1.0212     161.8637     -86.8173
      70       4.3103      12.4779       4.4544       2.9264    -268.8329       1.4462      49.8452    -193.3725       0.0273       3.8965       0.0000       0.0000       0.0000       0.0000       0.0000       3.9237       4.2830       8.5814       4.4544       2.9264    -268.8329      -1.4409     158.1770     -91.8515
      71       6.1170      13.0819       6.2428       2.9987    -274.4471      -0.2849      46.7121    -199.5797       0.7471       1.1770       0.0000       0.0000       0.0000       0.0000       0.0000       1.9242       5.3698      11.9049       6.2428       2.9987    -274.4471      -1.2544     164.4126     -84.7728
      72       3.1803      16.3587       6.4779       2.8709    -273.4518       4.0673      38.9913    -201.5054       0.5321       5.1880       0.0000       0.0000       0.0000       0.0000       0.0000       5.7201       2.6483      11.1707       6.4779       2.8709    -273.4518      -1.0289     163.0399     -88.2730
      73       5.7000      22.0385       6.3308       3.7750    -271.5582      -1.3541      65.9081    -169.1598       0.4462       3.2505       0.0000       0.0000       0.0000       0.0000       0.0000       3.6967       5.2537      18.7880       6.3308       3.7750    -271.5582      -1.1451     156.9097     -81.6461
      74      12.2704      12.2315       4.5514       2.3138    -272.2788      -0.8109      69.3143    -172.4082       4.6007       1.7789       0.0000       0.0000       0.0000       0.0000       0.0000       6.3796       7.6697      10.4526       4.5514       2.3138    -272.2788      -1.5138     158.3382     -90.4668
      75       3.5410       7.1906       3.5096       2.7091    -273.8690       2.8742      59.2290    -194.8156       0.0041       0.1009       0.0000       0.0000       0.0000       0.0000       0.0000       0.1051       3.5368       7.0897       3.5096       2.7091    -273.8690      -0.6277     163.8095     -93.8420
      76       8.3535      13.4772       9.1739       2.0315    -272.9529      -1.7334      98.3191    -143.3310       0.1538       1.3063       0.0000       0.0000       0.0000       0.0000       0.0000       1.4600       8.1997      12.1709       9.1739       2.0315    -272.9529      -1.3836     158.2894     -84.4710
      77       1.8095      12.4043       5.8465       1.7760    -266.4391      -1.1283     101.6394    -144.0916       0.5691       3.6942       0.0000       0.0000       0.0000       0.0000       0.0000       4.2632       1.2404       8.7101       5.8465       1.7760    -266.4391      -0.9336     156.5084     -93.2912
      78       7.3358      12.5858       6.8791       2.0891    -278.5578      -1.6687     108.8238    -142.5129       0.2601       0.7439       0.0000       0.0000       0.0000       0.0000       0.0000       1.0040       7.0757      11.8419       6.8791       2.0891    -278.5578      -1.3995     165.5964     -86.4751
      79       6.2487      11.8546       7.5120       1.9638    -273.2821      -0.2941      74.3647    -171.6323       0.9442       3.1965       0.0000       0.0000       0.0000       0.0000       0.0000       4.1408       5.3045       8.6581       7.5120       1.9638    -273.2821      -1.4351     162.2409     -89.0379
      80       7.1478      14.3398       8.8418       2.9060    -271.9581      -0.2202      67.2027    -171.7403       0.3545       3.1255       0.0000       0.0000       0.0000       0.0000       0.0000       3.4800       6.7933      11.2143       8.8418       2.9060    -271.9581       0.5608     157.8513     -83.7907
      81       4.4099       7.5091       4.8526       1.9915    -265.9918      -0.5612      63.1650    -184.6248       0.3939       1.0509       0.0000       0.0000       0.0000       0.0000       0.0000       1.4448       4.0160       6.4582       4.8526       1.9915    -265.9918      -1.3451     156.6134     -93.4051
      82       4.9789       9.6263       6.0797       1.9543    -272.8067      -0.8978      67.6744    -183.3909       0.1671       2.0432       0.0000       0.0000       0.0000       0.0000       0.0000       2.2103       4.8118       7.5831       6.0797       1.9543    -272.8067      -0.9032     160.0363     -93.2447
      83       3.7576       8.3197       6.0529       2.2594    -267.9693      -1.7611      69.5975    -179.7434       0.0471       1.3544       0.0000       0.0000       0.0000       0.0000       0.0000       1.4014       3.7106       6.9653       6.0529       2.2594    -267.9693      -1.1985     158.3930     -91.7867
      84       4.8490      11.9684       4.3772       1.9777    -270.6277      -0.5594      71.8679    -176.1469       0.1378       0.8605       0.0000       0.0000       0.0000       0.0000       0.0000       0.9983       4.7112      11.1079       4.3772       1.9777    -270.6277      -0.7367     162.2946     -86.8957
      85       6.6934      19.9714       5.9278       2.1630    -270.4546      -1.1275      70.2098    -166.6168       0.9008       8.5682       0.0000       0.0000       0.0000       0.0000       0.0000       9.4691       5.7925      11.4031       5.9278       2.1630    -270.4546      -0.8909     157.9357     -88.1233
      86       5.1504      12.4646       6.3535       2.3097    -271.6200      -1.8250      71.8436    -175.3231       1.2420       0.6853       0.0000       0.0000       0.0000       0.0000       0.0000       1.9274       3.9084      11.7793       6.3535       2.3097    -271.6200      -1.2376     158.3163     -90.1904
      87       7.5338      15.0670       7.0489       3.2476    -273.2093       1.1267      70.9625    -168.2230       0.6224       4.7666       0.0000       0.0000       0.0000       0.0000       0.0000       5.3890       6.9114      10.3003       7.0489       3.2476    -273.2093      -0.7846     161.5207     -84.9651
      88       4.1112      15.2946       6.1732       2.2536    -267.4625      -0.7892      67.3525    -173.0665       1.5633       2.7036       0.0000       0.0000       0.0000       0.0000       0.0000       4.2669       2.5479      12.5910       6.1732       2.2536    -267.4625      -1.1934     155.5840     -89.5061
      89       5.0213      11.9040       4.6927       1.2908    -268.0155      -0.0531      60.1515    -185.0082       0.6187       4.3382       0.0000       0.0000       0.0000       0.0000       0.0000       4.9570       4.4026       7.5658       4.6927       1.2908    -268.0155      -0.8706     157.5894     -93.3447
      90       8.2866      18.8593       4.2234       2.1299    -279.1164      -0.4843      76.3575    -169.7440       0.2825       4.5563       0.0000       0.0000       0.0000       0.0000       0.0000       4.8388       8.0041      14.3030       4.2234       2.1299    -279.1164      -0.8470     165.3200     -85.9830
      91       4.3508      14.9242       7.4379       1.9560    -267.9915      -0.8908      66.4914    -173.7220       0.3318       2.9665       0.0000       0.0000       0.0000       0.0000       0.0000       3.2983       4.0189      11.9578       7.4379       1.9560    -267.9915      -0.9259     155.7378     -87.8090
      92       7.8193       9.3285       5.1618       2.2169    -267.8841      -0.1097      66.4213    -177.0459       1.5303       0.3769       0.0000       0.0000       0.0000       0.0000       0.0000       1.9072       6.2890       8.9517       5.1618       2.2169    -267.8841      -0.2225     156.6722     -88.8151
      93       6.3551      14.4290       3.4296       2.5899    -274.1377       0.4196      67.0799    -179.8345       0.1929       2.4684       0.0000       0.0000       0.0000       0.0000       0.0000       2.6613       6.1622      11.9606       3.4296       2.5899    -274.1377      -1.0902     161.2496     -89.8359
      94       3.9331      11.0909       6.5990       1.5265    -273.6008      -1.6507      95.1645    -156.9374       0.0295       2.0241       0.0000       0.0000       0.0000       0.0000       0.0000       2.0536       3.9036       9.0668       6.5990       1.5265    -273.6008      -1.2848     160.9175     -92.8722
      95       7.0951      10.2588       5.2816       1.7073    -274.1578       1.3734      47.5127    -200.9290       0.1531       0.6963       0.0000       0.0000       0.0000       0.0000       0.0000       0.8494       6.9421       9.5625       5.2816       1.7073    -274.1578      -1.2312     161.0952     -90.8004
      96       5.0476      17.2544       6.6354       1.3642    -272.8995       4.5085      39.2060    -198.8834       0.1438       2.9487       0.0000       0.0000       0.0000       0.0000       0.0000       3.0925       4.9039      14.3057       6.6354       1.3642    -272.8995      -0.8342     160.3157     -86.2089
      97       6.0832      15.1905       6.5303       1.8805    -269.2422       0.8965      39.8729    -198.7883       1.1631       2.7949       0.0000       0.0000       0.0000       0.0000       0.0000       3.9580       4.9201      12.3956       6.5303       1.8805    -269.2422      -1.2586     156.0555     -88.7188
      98       8.7267      14.8025       4.0256       2.3888    -277.8547       3.3847      44.5663    -199.9601       0.1644       1.1536       0.0000       0.0000       0.0000       0.0000       0.0000       1.3180       8.5623      13.6489       4.0256       2.3888    -277.8547      -0.9225     162.5157     -87.6359
      99       5.1432       8.5373       4.5678       2.5752    -267.9207      -1.1091      91.4735    -156.7329       0.3608       1.1103       0.0000       0.0000       0.0000       0.0000       0.0000       1.4711       4.7825       7.4269       4.5678       2.5752    -267.9207      -0.7942     153.9800     -95.3826
     100       5.8204       9.2779       3.4323       2.1579    -267.0147       0.7844      45.9204    -199.6213       0.9043       1.6732       0.0000       0.0000       0.0000       0.0000       0.0000       2.5775       4.9160       7.6047       3.4323       2.1579    -267.0147      -0.9257     155.5303     -94.2991
     101       4.6798      11.8407       7.4135       3.6943    -272.7747       4.4380      35.8673    -204.8410       0.7722       2.4701       0.0000       0.0000       0.0000       0.0000       0.0000       3.2423       3.9076       9.3705       7.4135       3.6943    -272.7747      -0.4578     159.6348     -89.2117
     102       4.5730       9.8877       5.5693       2.3511    -267.1899      -1.4991      91.7333    -154.5746       0.2609       0.6797       0.0000       0.0000       0.0000       0.0000       0.0000       0.9406       4.3121       9.2080       5.5693       2.3511    -267.1899      -1.1491     154.2828     -92.6157
     103      11.4634      11.8806       6.0738       1.7616    -267.1472      -1.2682     100.5526    -136.6833       1.2625       2.4815       0.0000       0.0000       0.0000       0.0000       0.0000       3.7440      10.2009       9.3990       6.0738       1.7616    -267.1472      -1.0532     156.0219     -84.7431
     104       7.2077       9.5874       4.1334       2.5993    -270.5619      -1.0818     104.0535    -144.0623       1.8866       2.4507       0.0000       0.0000       0.0000       0.0000       0.0000       4.3373       5.3211       7.1367       4.1334       2.5993    -270.5619      -0.8798     158.3438     -93.9074
     105       3.7723       9.6350       6.0151       2.0324    -270.5027      -1.5983      93.8040    -156.8422       0.0956       0.4670       0.0000       0.0000       0.0000       0.0000       0.0000       0.5626       3.6767       9.1681       6.0151       2.0324    -270.5027      -1.0899     158.7050     -91.9954
     106       6.1195      14.6635       5.5677       3.2883    -268.9004      -1.4434     105.8896    -134.8154       0.5287       1.0871       0.0000       0.0000       0.0000       0.0000       0.0000       1.6157       5.5908      13.5764       5.5677       3.2883    -268.9004      -1.2320     159.5177     -82.5916
     107       5.1291       8.2962       3.6862       2.4750    -268.5326      -0.3198     106.6059    -142.6600       0.7076       1.1534       0.0000       0.0000       0.0000       0.0000       0.0000       1.8610       4.4214       7.1428       3.6862       2.4750    -268.5326      -0.1577     157.6977     -93.2673
     108       6.2103      13.0620       5.6024       2.5976    -277.7316       0.9218      56.4215    -192.9159       0.0214       0.6759       0.0000       0.0000       0.0000       0.0000       0.0000       0.6973       6.1890      12.3861       5.6024       2.5976    -277.7316      -1.3440     165.0330     -87.2675
     109      13.1732      13.2316       6.3100       1.8212    -265.9591      -0.1851      64.2100    -167.3982       1.2296       2.8512       0.0000       0.0000       0.0000       0.0000       0.0000       4.0807      11.9436      10.3804       6.3100       1.8212    -265.9591      -1.0853     154.3399     -82.2493
     110       7.0294      14.0072       5.1298       2.3635    -271.0391       0.1588      48.0099    -194.3405       0.1671       1.5543       0.0000       0.0000       0.0000       0.0000       0.0000       1.7214       6.8623      12.4529       5.1298       2.3635    -271.0391      -1.4008     159.0563     -86.5750
     111       6.1381      16.3154       7.5817       3.0365    -269.3335      -0.3997      90.8909    -145.7705       0.5024       4.4170       0.0000       0.0000       0.0000       0.0000       0.0000       4.9194       5.6357      11.8985       7.5817       3.0365    -269.3335       0.0133     157.0644     -84.1034
     112       4.6248      10.1778       6.6239       3.0471    -265.8874      -0.4714      67.0842    -174.8011       0.6666       1.7782       0.0000       0.0000       0.0000       0.0000       0.0000       2.4448       3.9582       8.3996       6.6239       3.0471    -265.8874      -0.6452     155.8624     -88.6414
     113      10.6556      10.5784       6.7395       2.1546    -274.6270      -1.4252     106.4169    -139.5073       1.7981       2.3831       0.0000       0.0000       0.0000       0.0000       0.0000       4.1812       8.8575       8.1953       6.7395       2.1546    -274.6270      -1.2299     158.1826     -91.7274
     114       2.1712       9.2279       7.7266       1.8981    -268.0814      -0.9714     108.3445    -139.6845       0.2523       0.7591       0.0000       0.0000       0.0000       0.0000       0.0000       1.0114       1.9189       8.4688       7.7266       1.8981    -268.0814      -0.8533     152.0892     -96.8331
     115       5.3978      13.5747       5.1456       1.1802    -267.1910      -1.6738      94.9625    -148.6039       0.1452       0.8337       0.0000       0.0000       0.0000       0.0000       0.0000       0.9788       5.2527      12.7411       5.1456       1.1802    -267.1910      -1.3336     153.7610     -90.4442
     116       3.8877      14.0246       8.0198       1.7591    -266.8654       0.9739      46.1897    -192.0106       0.5589       1.1427       0.0000       0.0000       0.0000       0.0000       0.0000       1.7016       3.3288      12.8819       8.0198       1.7591    -266.8654      -1.5454     155.8326     -86.5885
     117       8.1140      14.3599       6.2123       1.8711    -270.9446       0.7619      50.4825    -189.1429       1.5577       1.6999       0.0000       0.0000       0.0000       0.0000       0.0000       3.2576       6.5564      12.6600       6.2123       1.8711    -270.9446      -1.3636     159.8729     -85.1355
     118       5.9072      11.6012       5.4788       1.1647    -269.3705      -0.2477      42.3528    -203.1137       0.0486       1.0806       0.0000       0.0000       0.0000       0.0000       0.0000       1.1292       5.8586      10.5206       5.4788       1.1647    -269.3705      -1.5200     156.4578     -91.4101
     119       5.0797      11.2274       5.0767       3.1305    -268.8376      -0.0097      44.8319    -199.5011       0.8577       1.8550       0.0000       0.0000       0.0000       0.0000       0.0000       2.7127       4.2220       9.3724       5.0767       3.1305    -268.8376      -1.2348     158.0098     -90.2610
     120       5.4293      20.0653       8.9126       1.7815    -275.9447       0.1991      52.0016    -187.5553       0.3720       4.3054       0.0000       0.0000       0.0000       0.0000       0.0000       4.6774       5.0573      15.7599       8.9126       1.7815    -275.9447      -1.6582     161.9698     -84.1218
     121       6.2674      14.8011       8.2227       2.8935    -271.2643       0.8285      36.1452    -202.1058       0.0134       2.8214       0.0000       0.0000       0.0000       0.0000       0.0000       2.8347       6.2540      11.9797       8.2227       2.8935    -271.2643      -0.8886     156.0175     -86.7854
     122       6.1915      12.1119       3.5265       3.3044    -268.9545      -0.9089      39.1054    -205.6237       0.2690       3.3122       0.0000       0.0000       0.0000       0.0000       0.0000       3.5812       5.9225       8.7996       3.5265       3.3044    -268.9545      -1.4678     156.1531     -92.7161
     123       9.6858      12.1011       6.0184       1.6379    -273.2911       3.6230      37.8160    -202.4089       0.4150       1.4527       0.0000       0.0000       0.0000       0.0000       0.0000       1.8676       9.2709      10.6484       6.0184       1.6379    -273.2911      -1.4236     159.3754     -87.7637
     124       4.9699      11.0193       7.3542       2.1670    -270.4787       0.3601      38.4988    -206.1095       0.0597       1.8772       0.0000       0.0000       0.0000       0.0000       0.0000       1.9369       4.9102       9.1421       7.3542       2.1670    -270.4787      -1.4924     157.6376     -90.7601
     125       6.2653      16.9822       6.5782       2.5704    -274.4235      -0.2449      47.5179    -194.7545       0.0639       2.3293       0.0000       0.0000       0.0000       0.0000       0.0000       2.3932       6.2014      14.6528       6.5782       2.5704    -274.4235      -0.7764     159.6407     -85.5564
     126       3.5747      14.3600       5.3420       2.2645    -271.4152       2.7322      45.0156    -198.1262       0.8350       2.2326       0.0000       0.0000       0.0000       0.0000       0.0000       3.0676       2.7397      12.1275       5.3420       2.2645    -271.4152      -1.1868     159.4992     -90.6292
