#Frame     e_ab[bond]  e_ab[angle]    e_ab[dih]  e_ab[vdw14] e_ab[elec14]    e_ab[vdw]   e_ab[elec]  e_ab[total]    e_a[bond]   e_a[angle]     e_a[dih]   e_a[vdw14]  e_a[elec14]     e_a[vdw]    e_a[elec]   e_a[total]    e_b[bond]   e_b[angle]     e_b[dih]   e_b[vdw14]  e_b[elec14]     e_b[vdw]    e_b[elec]   e_b[total]
       1      13.7295      25.5601       8.2765       4.6455    -543.3470       3.5884     153.5013    -334.0457       0.5897       3.8390       0.0000       0.0000       0.0000       0.0000       0.0000       4.4287      13.1398      21.7211       8.2765       4.6455    -543.3470      -2.0941     381.1422    -116.5161
       2      13.2568      30.2711      11.7100       5.2222    -545.7851      -0.6732     163.4662    -322.5321       1.9434       6.7125       0.0000       0.0000       0.0000       0.0000       0.0000       8.6559      11.3134      23.5586      11.7100       5.2222    -545.7851      -3.1539     389.9549    -107.1799
       3      16.9764      29.3469      13.6554       4.2849    -552.3308      -0.2418     160.9621    -327.3469       0.2420       1.2955       0.0000       0.0000       0.0000       0.0000       0.0000       1.5375      16.7344      28.0515      13.6554       4.2849    -552.3308      -3.7940     388.2803    -105.1183
       4       7.4455      27.3681      10.4630       4.7384    -537.6538       6.2566     154.9297    -326.4526       0.9630       2.9741       0.0000       0.0000       0.0000       0.0000       0.0000       3.9372       6.4824      24.3939      10.4630       4.7384    -537.6538      -0.9407     378.2005    -114.3163
       5      16.9984      28.1885      13.4079       3.0365    -551.7146       5.7353     161.3021    -323.0458       0.1014       1.7581       0.0000       0.0000       0.0000       0.0000       0.0000       1.8595      16.8970      26.4304      13.4079       3.0365    -551.7146      -1.7844     395.8297     -97.8974
       6      12.1240      16.7864       9.5117       4.7005    -536.9911       2.1547     151.4476    -340.2662       0.3362       3.0158       0.0000       0.0000       0.0000       0.0000       0.0000       3.3521      11.7878      13.7706       9.5117       4.7005    -536.9911      -3.0022     379.7614    -120.4614
       7      16.1851      29.4399      15.9385       3.1801    -545.5805       4.6264     150.8309    -325.3796       0.0742       1.1613       0.0000       0.0000       0.0000       0.0000       0.0000       1.2355      16.1109      28.2786      15.9385       3.1801    -545.5805      -3.4638     385.1778    -100.3585
       8      21.3838      19.5303       9.4824       4.5665    -546.4792       5.2767     159.2239    -327.0156       0.2110       3.8443       0.0000       0.0000       0.0000       0.0000       0.0000       4.0553      21.1728      15.6859       9.4824       4.5665    -546.4792      -0.5204     385.8928    -110.1991
       9      11.8226      25.4574       6.9898       4.1619    -543.6463      -2.7456     172.9582    -325.0021       0.1618       0.8826       0.0000       0.0000       0.0000       0.0000       0.0000       1.0445      11.6607      24.5747       6.9898       4.1619    -543.6463      -3.7442     387.9612    -112.0421
      10      11.4643      31.4110      11.0367       3.5657    -548.5843       3.9120     168.6105    -318.5840       0.4340       2.0422       0.0000       0.0000       0.0000       0.0000       0.0000       2.4762      11.0303      29.3688      11.0367       3.5657    -548.5843      -2.4643     398.7996     -97.2474
      11      11.4132      19.9557      11.9085       5.6158    -545.4814       5.3792     152.7338    -338.4752       0.3773       3.0688       0.0000       0.0000       0.0000       0.0000       0.0000       3.4461      11.0359      16.8869      11.9085       5.6158    -545.4814      -2.7512     383.0132    -119.7723
      12      16.8995      22.4409      11.9409       4.1461    -550.7346       1.4128     159.2916    -334.6027       0.3316       1.2683       0.0000       0.0000       0.0000       0.0000       0.0000       1.5999      16.5680      21.1726      11.9409       4.1461    -550.7346      -2.3768     383.7051    -115.5788
      13      13.8757      26.2527      11.0488       4.5139    -546.7211       8.3562     151.3785    -331.2954       0.4697       5.3956       0.0000       0.0000       0.0000       0.0000       0.0000       5.8653      13.4060      20.8571      11.0488       4.5139    -546.7211      -2.5443     388.2240    -111.2157
      14       6.3615      31.6474       8.5666       3.6960    -537.3663       7.4221     147.1767    -332.4960       0.0290       5.0785       0.0000       0.0000       0.0000       0.0000       0.0000       5.1075       6.3325      26.5689       8.5666       3.6960    -537.3663      -3.6022     388.5492    -107.2553
      15      11.8758      31.3075       9.3581       3.6461    -549.2979      -1.3312     164.7887    -329.6528       0.9759       5.6036       0.0000       0.0000       0.0000       0.0000       0.0000       6.5795      10.8999      25.7039       9.3581       3.6461    -549.2979      -3.8150     388.8937    -114.6112
      16      12.6603      24.9083      16.3298       5.8403    -553.1985       8.3024     155.2883    -329.8692       0.1671       1.6144       0.0000       0.0000       0.0000       0.0000       0.0000       1.7814      12.4933      23.2939      16.3298       5.8403    -553.1985      -1.9960     389.3074    -107.9299
      17      15.5063      18.4388       9.6161       5.1082    -552.1758       0.1254     171.6063    -331.7747       0.4523       1.2464       0.0000       0.0000       0.0000       0.0000       0.0000       1.6986      15.0540      17.1924       9.6161       5.1082    -552.1758      -1.5356     393.3809    -113.3597
      18      10.4541      26.2974      13.4521       3.2616    -538.7600       2.2445     153.1253    -329.9250       0.2042       1.9137       0.0000       0.0000       0.0000       0.0000       0.0000       2.1179      10.2499      24.3837      13.4521       3.2616    -538.7600      -3.5800     382.1955    -108.7972
      19       7.6399      26.6085       9.2064       4.9779    -544.0991       3.8270     156.1229    -335.7164       0.1127       1.0100       0.0000       0.0000       0.0000       0.0000       0.0000       1.1226       7.5272      25.5986       9.2064       4.9779    -544.0991      -2.5569     384.9319    -114.4140
      20      11.0931      19.8487       8.7505       4.3967    -544.6086       2.7128     169.9244    -327.8824       0.3274       0.8925       0.0000       0.0000       0.0000       0.0000       0.0000       1.2199      10.7657      18.9563       8.7505       4.3967    -544.6086      -2.8687     390.1788    -114.4294
      21      11.1467      24.8197      10.6843       4.7359    -539.2706       8.8625     143.7046    -335.3169       0.1390       5.2223       0.0000       0.0000       0.0000       0.0000       0.0000       5.3613      11.0077      19.5974      10.6843       4.7359    -539.2706      -2.1240     390.3135    -105.0557
      22       8.4978      22.9233      11.9280       5.1996    -542.9506      -0.3469     160.3884    -334.3604       1.5398       2.5605       0.0000       0.0000       0.0000       0.0000       0.0000       4.1003       6.9581      20.3627      11.9280       5.1996    -542.9506      -2.8354     383.0591    -118.2786
      23      15.9686      24.1296      11.7869       2.8986    -545.9231       0.4228     157.1114    -333.6052       0.7232       1.6207       0.0000       0.0000       0.0000       0.0000       0.0000       2.3439      15.2455      22.5089      11.7869       2.8986    -545.9231      -4.1920     390.9590    -106.7162
      24      12.6512      22.2199       8.6168       4.1641    -545.8628       3.0743     152.7997    -342.3367       0.8179       1.1242       0.0000       0.0000       0.0000       0.0000       0.0000       1.9421      11.8333      21.0957       8.6168       4.1641    -545.8628      -4.0033     384.9770    -119.1791
      25      10.8440      29.1525       7.7779       3.3704    -546.2611       1.6240     164.6016    -328.8908       0.0334       3.5347       0.0000       0.0000       0.0000       0.0000       0.0000       3.5680      10.8106      25.6178       7.7779       3.3704    -546.2611      -3.3580     388.5741    -113.4684
      26       7.0962      22.8025      10.8323       3.7869    -536.2359       1.3380     153.9204    -336.4595       0.5801       4.2217       0.0000       0.0000       0.0000       0.0000       0.0000       4.8017       6.5161      18.5809      10.8323       3.7869    -536.2359      -1.9726     377.5747    -120.9176
      27      10.0885      18.6438      13.7795       3.9435    -538.9692       1.1276     159.6092    -331.7771       0.0243       1.0057       0.0000       0.0000       0.0000       0.0000       0.0000       1.0300      10.0642      17.6381      13.7795       3.9435    -538.9692      -3.1225     380.2957    -116.3707
      28      15.1725      25.1949      11.8668       4.9361    -548.5755       6.8336     158.4809    -326.0907       0.8229       2.4378       0.0000       0.0000       0.0000       0.0000       0.0000       3.2608      14.3496      22.7571      11.8668       4.9361    -548.5755      -1.6359     388.6768    -107.6250
      29      13.4499      22.6318       8.8451       4.4532    -535.6093       3.7672     153.0096    -329.4524       0.4137       0.2825       0.0000       0.0000       0.0000       0.0000       0.0000       0.6962      13.0362      22.3493       8.8451       4.4532    -535.6093      -1.8200     379.9272    -108.8183
      30       9.0012      33.7228       7.2884       4.5778    -537.7229       0.0426     155.3030    -327.7872       0.1427       5.8169       0.0000       0.0000       0.0000       0.0000       0.0000       5.9596       8.8584      27.9060       7.2884       4.5778    -537.7229      -3.3153     377.8700    -114.5376
      31      14.4499      23.9940      10.7453       4.6041    -551.5767       1.6224     168.7671    -327.3939       0.2010       0.5163       0.0000       0.0000       0.0000       0.0000       0.0000       0.7173      14.2490      23.4776      10.7453       4.6041    -551.5767      -2.9115     392.5300    -108.8822
      32      14.1319      28.2568       9.5429       3.4549    -556.2397      -0.5233     160.0554    -341.3212       0.5850       1.4330       0.0000       0.0000       0.0000       0.0000       0.0000       2.0180      13.5468      26.8238       9.5429       3.4549    -556.2397      -6.1727     393.8647    -115.1793
      33      11.1502      31.2030       9.4110       3.3437    -547.2099       1.6083     158.8349    -331.6589       0.9403       2.8656       0.0000       0.0000       0.0000       0.0000       0.0000       3.8059      10.2099      28.3374       9.4110       3.3437    -547.2099      -4.6878     389.1870    -111.4087
      34      13.5704      28.6183       7.4524       3.5836    -544.0916       3.6677     154.6619    -332.5374       0.7373       1.8224       0.0000       0.0000       0.0000       0.0000       0.0000       2.5597      12.8331      26.7959       7.4524       3.5836    -544.0916      -2.1586     384.6442    -110.9411
      35      12.0246      27.7741       9.9544       3.4986    -543.6424       0.9320     161.5574    -327.9013       0.1242       0.8812       0.0000       0.0000       0.0000       0.0000       0.0000       1.0054      11.9005      26.8929       9.9544       3.4986    -543.6424      -3.5215     381.3120    -113.6055
      36      13.3818      22.6387       9.9154       4.0620    -547.5450       0.6896     165.8787    -330.9788       0.2563       1.0893       0.0000       0.0000       0.0000       0.0000       0.0000       1.3456      13.1255      21.5494       9.9154       4.0620    -547.5450      -2.8542     390.3796    -111.3673
      37      10.9169      31.4154      11.1277       3.9903    -543.7589      -1.6386     166.0793    -321.8679       0.2839       2.6139       0.0000       0.0000       0.0000       0.0000       0.0000       2.8978      10.6330      28.8015      11.1277       3.9903    -543.7589      -3.2560     382.1312    -110.3312
      38      12.1605      30.4759       9.7066       4.1104    -541.4798      -2.3196     162.6830    -324.6630       0.2442       0.6373       0.0000       0.0000       0.0000       0.0000       0.0000       0.8815      11.9163      29.8386       9.7066       4.1104    -541.4798      -3.0215     374.4120    -114.5174
      39      16.4945      32.0192      12.3238       4.2901    -555.6830       7.9772     154.1265    -328.4517       0.4404       4.2766       0.0000       0.0000       0.0000       0.0000       0.0000       4.7170      16.0541      27.7425      12.3238       4.2901    -555.6830      -3.6928     392.8913    -106.0739
      40      11.5789      32.5335      10.6133       3.8092    -543.8004      -0.4723     154.0852    -331.6528       0.7089       6.3749       0.0000       0.0000       0.0000       0.0000       0.0000       7.0838      10.8699      26.1586      10.6133       3.8092    -543.8004      -3.8147     380.0564    -116.1077
      41      12.5160      14.7995      11.3678       3.8354    -544.5682       4.5166     157.5494    -339.9836       0.9215       1.5844       0.0000       0.0000       0.0000       0.0000       0.0000       2.5058      11.5946      13.2152      11.3678       3.8354    -544.5682      -1.7695     383.4980    -122.8269
      42       9.7325      28.3968      11.2714       3.9835    -543.0611       6.0870     148.3449    -335.2449       0.2307       1.2237       0.0000       0.0000       0.0000       0.0000       0.0000       1.4545       9.5018      27.1730      11.2714       3.9835    -543.0611      -4.5427     385.7363    -109.9378
      43       8.1563      23.8730       8.5407       4.2223    -536.6526       1.2411     147.3936    -343.2256       0.7061       8.3544       0.0000       0.0000       0.0000       0.0000       0.0000       9.0605       7.4502      15.5186       8.5407       4.2223    -536.6526      -1.7754     378.6148    -124.0814
      44      12.2169      21.1274      11.3240       4.0684    -542.9113       7.4316     156.5508    -330.1921       0.1365       1.5166       0.0000       0.0000       0.0000       0.0000       0.0000       1.6531      12.0805      19.6108      11.3240       4.0684    -542.9113      -2.6806     386.9280    -111.5801
      45      11.0232      26.9392       7.8059       5.1030    -550.6305      -0.3060     162.0362    -338.0291       0.3245       1.0314       0.0000       0.0000       0.0000       0.0000       0.0000       1.3559      10.6986      25.9079       7.8059       5.1030    -550.6305      -3.1970     390.8345    -113.4776
      46       8.2417      28.3236      13.4496       4.3171    -532.8033       2.9178     152.2637    -323.2898       0.0423       1.0626       0.0000       0.0000       0.0000       0.0000       0.0000       1.1049       8.1994      27.2610      13.4496       4.3171    -532.8033      -2.2240     377.3462    -104.4540
      47      10.1554      23.3981      10.8729       4.4664    -541.5318       0.2389     156.4984    -335.9016       0.8051       3.5049       0.0000       0.0000       0.0000       0.0000       0.0000       4.3100       9.3504      19.8932      10.8729       4.4664    -541.5318      -3.9222     385.1496    -115.7216
      48      11.2457      28.1552      12.5201       5.1076    -552.3035      -0.7795     162.6243    -333.4300       0.0078       1.0829       0.0000       0.0000       0.0000       0.0000       0.0000       1.0907      11.2379      27.0723      12.5201       5.1076    -552.3035      -4.6912     392.8863    -108.1704
      49      13.7044      23.7645       9.3748       5.1373    -541.7553       6.5236     153.3324    -329.9183       0.3372       1.7110       0.0000       0.0000       0.0000       0.0000       0.0000       2.0482      13.3672      22.0535       9.3748       5.1373    -541.7553      -1.9083     381.8414    -111.8894
      50      13.9811      31.4486      11.8201       5.0385    -546.6055      -0.5181     165.3027    -319.5326       1.9269       2.9965       0.0000       0.0000       0.0000       0.0000       0.0000       4.9234      12.0542      28.4521      11.8201       5.0385    -546.6055      -2.9834     389.4676    -102.7564
      51      14.6609      22.8702      11.9042       3.9397    -540.4348       5.5471     148.9791    -332.5335       0.6308       3.3892       0.0000       0.0000       0.0000       0.0000       0.0000       4.0200      14.0301      19.4810      11.9042       3.9397    -540.4348      -2.7698     380.4403    -113.4093
      52      12.2686      28.9745       9.8536       4.6038    -543.7340       4.1269     147.8736    -336.0330       1.0170       7.7054       0.0000       0.0000       0.0000       0.0000       0.0000       8.7224      11.2516      21.2691       9.8536       4.6038    -543.7340      -2.2259     381.2532    -117.7285
      53      13.6146      29.3089      11.3740       3.1558    -545.4970       3.6517     153.6973    -330.6947       0.0781       1.8208       0.0000       0.0000       0.0000       0.0000       0.0000       1.8990      13.5364      27.4880      11.3740       3.1558    -545.4970      -3.8126     384.6993    -109.0560
      54      12.3283      18.8009       8.6464       5.1746    -540.4928       4.0257     157.8181    -333.6987       0.0298       0.8014       0.0000       0.0000       0.0000       0.0000       0.0000       0.8312      12.2985      17.9996       8.6464       5.1746    -540.4928      -2.8946     383.4627    -115.8056
      55      13.7599      23.7524       9.6588       4.6470    -547.8995      -0.8046     164.4007    -332.4852       1.6082       3.2333       0.0000       0.0000       0.0000       0.0000       0.0000       4.8415      12.1517      20.5191       9.6588       4.6470    -547.8995      -3.4849     389.0719    -115.3359
      56       9.6722      30.9671      12.4620       4.2321    -536.0610       1.3872     144.8346    -332.5059       0.9456       3.8198       0.0000       0.0000       0.0000       0.0000       0.0000       4.7654       8.7266      27.1473      12.4620       4.2321    -536.0610      -3.6312     377.6476    -109.4767
      57      10.2607      26.4302      12.3643       3.9563    -533.7833       0.9570     153.9424    -325.8724       0.1050       2.2545       0.0000       0.0000       0.0000       0.0000       0.0000       2.3594      10.1557      24.1757      12.3643       3.9563    -533.7833      -2.9195     381.8896    -104.1612
      58      13.6046      27.9133      12.2997       5.4447    -555.8590      -1.0429     170.8998    -326.7397       0.0449       1.7373       0.0000       0.0000       0.0000       0.0000       0.0000       1.7822      13.5597      26.1760      12.2997       5.4447    -555.8590      -3.6102     394.2841    -107.7050
      59       9.1053      22.7995      12.0673       6.2726    -535.0452       4.4132     147.4091    -332.9781       0.0808       2.3579       0.0000       0.0000       0.0000       0.0000       0.0000       2.4387       9.0246      20.4416      12.0673       6.2726    -535.0452      -2.8761     375.6117    -114.5035
      60      10.1501      29.9548      10.9687       3.4939    -538.4880       5.2369     148.3545    -330.3291       0.1181       6.3969       0.0000       0.0000       0.0000       0.0000       0.0000       6.5149      10.0320      23.5580      10.9687       3.4939    -538.4880      -3.5142     384.0206    -109.9290
      61      15.0361      27.5336      12.7596       4.4226    -546.1279      -1.6062     157.5541    -330.4280       0.4591       2.7419       0.0000       0.0000       0.0000       0.0000       0.0000       3.2010      14.5771      24.7917      12.7596       4.4226    -546.1279      -3.7681     387.4555    -105.8894
      62      10.4991      24.9014       7.4055       3.6260    -537.8890       2.2577     153.3509    -335.8483       0.5869       1.9054       0.0000       0.0000       0.0000       0.0000       0.0000       2.4924       9.9122      22.9959       7.4055       3.6260    -537.8890      -2.2240     382.6548    -113.5185
      63      14.5191      28.2252       9.5283       3.7767    -546.4255      -2.8587     173.6675    -319.5674       1.6022       0.1960       0.0000       0.0000       0.0000       0.0000       0.0000       1.7982      12.9169      28.0292       9.5283       3.7767    -546.4255      -2.5804     382.7380    -112.0168
      64      16.9085      28.2685      10.9935       3.9273    -549.7710       3.3273     154.9475    -331.3984       0.9119       1.6857       0.0000       0.0000       0.0000       0.0000       0.0000       2.5975      15.9967      26.5828      10.9935       3.9273    -549.7710      -4.6736     387.9082    -109.0362
      65      13.8229      29.4160      10.4922       4.2944    -551.2976       3.5931     158.4187    -331.2603       0.2889       1.4266       0.0000       0.0000       0.0000       0.0000       0.0000       1.7155      13.5340      27.9894      10.4922       4.2944    -551.2976      -3.7727     390.1321    -108.6282
      66       8.3124      22.9661       9.1232       4.3276    -539.3717       2.0310     148.8999    -343.7114       0.0199       3.8355       0.0000       0.0000       0.0000       0.0000       0.0000       3.8554       8.2925      19.1306       9.1232       4.3276    -539.3717      -3.4379     379.3681    -122.5676
      67      10.5622      28.9919      11.3719       3.6366    -550.5281       4.8460     155.1036    -336.0158       0.0636       1.6889       0.0000       0.0000       0.0000       0.0000       0.0000       1.7526      10.4986      27.3030      11.3719       3.6366    -550.5281      -3.2129     385.2478    -115.6831
      68      16.1924      25.7346      10.5851       3.3460    -547.7693      -0.7129     161.3967    -331.2275       0.5958       0.6596       0.0000       0.0000       0.0000       0.0000       0.0000       1.2554      15.5966      25.0750      10.5851       3.3460    -547.7693      -4.4901     384.4752    -113.1815
      69       9.7943      20.5381       9.5694       5.2209    -538.3790       4.8424     152.2379    -336.1761       2.3439       3.1075       0.0000       0.0000       0.0000       0.0000       0.0000       5.4514       7.4504      17.4306       9.5694       5.2209    -538.3790      -0.6196     379.3529    -119.9745
      70      12.3689      23.9936      11.4658       3.5343    -553.9093      -2.2773     166.7416    -338.0824       0.7157       0.4789       0.0000       0.0000       0.0000       0.0000       0.0000       1.1946      11.6531      23.5147      11.4658       3.5343    -553.9093      -3.3026     388.8262    -118.2177
      71      11.4636      30.3995       9.1625       3.4154    -540.8203       1.3013     158.6467    -326.4312       0.4435       0.8059       0.0000       0.0000       0.0000       0.0000       0.0000       1.2493      11.0201      29.5936       9.1625       3.4154    -540.8203      -4.9680     387.0050    -105.5915
      72       9.2936      20.9556      10.9862       5.3471    -539.8377      -1.5501     156.9317    -337.8736       1.0828       2.0418       0.0000       0.0000       0.0000       0.0000       0.0000       3.1247       8.2108      18.9137      10.9862       5.3471    -539.8377      -4.0423     380.4840    -119.9380
      73      10.1483      23.7024      14.2310       3.5969    -549.6006       5.7943     158.1468    -333.9809       0.5797       1.9339       0.0000       0.0000       0.0000       0.0000       0.0000       2.5137       9.5686      21.7684      14.2310       3.5969    -549.6006      -3.9116     392.2329    -112.1144
      74      12.1645      33.2805      11.7869       3.0777    -547.4155      -0.4774     162.4647    -325.1185       0.0940       2.5150       0.0000       0.0000       0.0000       0.0000       0.0000       2.6091      12.0705      30.7655      11.7869       3.0777    -547.4155      -3.4755     384.6741    -108.5162
      75      12.4316      27.0986       6.7340       4.2196    -543.3027       0.5796     160.7000    -331.5392       0.0468       1.6516       0.0000       0.0000       0.0000       0.0000       0.0000       1.6985      12.3848      25.4470       6.7340       4.2196    -543.3027      -3.8886     389.6315    -108.7745
      76      10.6907      31.6201       8.9653       4.1956    -537.1873       0.7846     157.0265    -323.9044       0.6033       2.0219       0.0000       0.0000       0.0000       0.0000       0.0000       2.6253      10.0874      29.5982       8.9653       4.1956    -537.1873      -3.6283     379.4008    -108.5682
      77       7.2774      23.1756       8.6343       3.5888    -536.8894       2.7614     153.1784    -338.2735       0.0114       1.1506       0.0000       0.0000       0.0000       0.0000       0.0000       1.1620       7.2660      22.0251       8.6343       3.5888    -536.8894      -3.1840     381.3817    -117.1776
      78      16.1712      23.3127       9.7955       5.3574    -551.4201       0.1154     159.1934    -337.4746       0.9173       3.6417       0.0000       0.0000       0.0000       0.0000       0.0000       4.5591      15.2539      19.6709       9.7955       5.3574    -551.4201      -3.5349     386.9730    -117.9044
      79      11.0890      19.6526       9.5822       3.6443    -540.7858       6.5888     154.3361    -335.8928       0.4763       1.6570       0.0000       0.0000       0.0000       0.0000       0.0000       2.1333      10.6127      17.9956       9.5822       3.6443    -540.7858      -3.2478     387.3907    -114.8081
      80       9.9618      33.6892      10.1835       3.9545    -546.4355       0.7230     160.1155    -327.8080       1.1513       2.3727       0.0000       0.0000       0.0000       0.0000       0.0000       3.5240       8.8105      31.3165      10.1835       3.9545    -546.4355      -3.5084     383.6905    -111.9884
      81      14.4841      27.3490      10.7351       4.2616    -547.9599       0.9815     160.6480    -329.5005       0.2319       0.8367       0.0000       0.0000       0.0000       0.0000       0.0000       1.0686      14.2522      26.5123      10.7351       4.2616    -547.9599      -3.3710     389.1378    -106.4318
      82      12.4098      27.1242      10.3070       6.1236    -543.8182       6.7276     150.0916    -331.0345       0.2883       2.4416       0.0000       0.0000       0.0000       0.0000       0.0000       2.7299      12.1215      24.6826      10.3070       6.1236    -543.8182      -2.2252     384.6843    -108.1245
      83       8.6956      22.1859       9.7320       3.8621    -540.8148       4.8517     153.4135    -338.0739       0.3155       0.6739       0.0000       0.0000       0.0000       0.0000       0.0000       0.9894       8.3801      21.5119       9.7320       3.8621    -540.8148      -3.1671     383.6720    -116.8238
      84       8.9115      22.8996      10.1482       5.8736    -536.5202      -0.2231     158.6428    -330.2675       0.8737       1.9501       0.0000       0.0000       0.0000       0.0000       0.0000       2.8238       8.0378      20.9495      10.1482       5.8736    -536.5202      -2.8701     382.4632    -111.9179
      85      13.3134      22.7919      14.5382       3.7043    -540.5799       3.5892     154.0599    -328.5830       0.1347       1.6050       0.0000       0.0000       0.0000       0.0000       0.0000       1.7397      13.1787      21.1870      14.5382       3.7043    -540.5799      -3.3565     384.0280    -107.3003
      86      13.1212      21.1043       9.6286       3.9780    -542.5260       1.9106     159.5790    -333.2042       0.1836       0.8586       0.0000       0.0000       0.0000       0.0000       0.0000       1.0422      12.9376      20.2456       9.6286       3.9780    -542.5260      -3.8374     386.1880    -113.3855
      87      17.7324      32.2098      12.7239       4.6363    -552.6386       4.1827     158.0083    -323.1452       2.3937       4.9567       0.0000       0.0000       0.0000       0.0000       0.0000       7.3504      15.3387      27.2531      12.7239       4.6363    -552.6386      -3.0494     392.8558    -102.8802
      88      10.4992      24.0000      10.7056       5.3690    -545.9040      -1.0560     168.3985    -327.9876       0.1139       2.3306       0.0000       0.0000       0.0000       0.0000       0.0000       2.4445      10.3853      21.6695      10.7056       5.3690    -545.9040      -4.0945     387.0157    -114.8534
      89      11.5001      26.3649      10.6076       4.0804    -550.8872      -1.1496     168.7998    -330.6839       0.2550       1.1936       0.0000       0.0000       0.0000       0.0000       0.0000       1.4486      11.2451      25.1713      10.6076       4.0804    -550.8872      -3.3716     390.3882    -112.7661
      90      11.6367      32.6544       8.6974       3.9638    -540.5894      -1.6792     163.7614    -321.5548       0.7468       3.3235       0.0000       0.0000       0.0000       0.0000       0.0000       4.0703      10.8899      29.3310       8.6974       3.9638    -540.5894      -5.7097     383.7812    -109.6359
      91      13.2454      27.6257       7.9838       4.2740    -545.0642       0.7061     156.0262    -335.2030       0.5902       4.0363       0.0000       0.0000       0.0000       0.0000       0.0000       4.6265      12.6552      23.5894       7.9838       4.2740    -545.0642      -2.2182     379.2727    -119.5075
      92      11.9538      28.9255       9.4686       5.4252    -542.0104      -1.0636     169.2506    -318.0504       0.5331       3.3084       0.0000       0.0000       0.0000       0.0000       0.0000       3.8415      11.4207      25.6171       9.4686       5.4252    -542.0104      -4.2069     384.1402    -110.1457
      93      13.9797      26.9543      10.3641       3.0900    -547.3051       1.7309     160.0500    -331.1360       2.3885       2.7727       0.0000       0.0000       0.0000       0.0000       0.0000       5.1611      11.5913      24.1816      10.3641       3.0900    -547.3051      -4.1734     387.8978    -114.3538
      94       8.5230      27.7069       8.4542       3.6691    -537.7116      -1.1263     161.2190    -329.2658       0.3149       3.0157       0.0000       0.0000       0.0000       0.0000       0.0000       3.3306       8.2081      24.6912       8.4542       3.6691    -537.7116      -3.9590     379.6769    -116.9712
      95      11.1922      29.1797       9.6013       7.6261    -550.5695      -1.2573     169.9457    -324.2817       0.5777       0.1864       0.0000       0.0000       0.0000       0.0000       0.0000       0.7641      10.6145      28.9933       9.6013       7.6261    -550.5695      -3.6223     382.4221    -114.9345
      96      15.6228      24.8808      11.7786       3.7489    -549.3709      -1.3927     168.8768    -325.8557       0.9221       0.2335       0.0000       0.0000       0.0000       0.0000       0.0000       1.1556      14.7008      24.6473      11.7786       3.7489    -549.3709      -4.5459     392.2552    -106.7860
      97       7.0455      30.5030      10.8514       2.9213    -535.3853       4.9411     151.6637    -327.4591       0.2226       4.8687       0.0000       0.0000       0.0000       0.0000       0.0000       5.0914       6.8229      25.6343      10.8514       2.9213    -535.3853      -3.9013     378.5680    -114.4886
      98      12.2075      28.5576       9.1803       3.1273    -551.2669      -1.8126     169.0783    -330.9285       1.1802       2.3493       0.0000       0.0000       0.0000       0.0000       0.0000       3.5295      11.0273      26.2083       9.1803       3.1273    -551.2669      -4.0670     389.0801    -116.7106
      99       8.1135      31.0727      14.9775       5.0076    -544.6798      -0.1923     156.9172    -328.7836       0.4201       2.1412       0.0000       0.0000       0.0000       0.0000       0.0000       2.5612       7.6935      28.9315      14.9775       5.0076    -544.6798      -5.1697     385.4092    -107.8303
     100       7.4101      28.8776      11.5931       4.4191    -538.8247       3.5747     154.5000    -328.4501       0.4726       1.9393       0.0000       0.0000       0.0000       0.0000       0.0000       2.4119       6.9376      26.9383      11.5931       4.4191    -538.8247      -3.0377     377.8096    -114.1648
     101       6.8461      33.0842      10.2367       5.8547    -541.1905      -0.5839     164.3498    -321.4029       0.9347       3.3902       0.0000       0.0000       0.0000       0.0000       0.0000       4.3248       5.9114      29.6940      10.2367       5.8547    -541.1905      -2.1729     389.1813    -102.4853
     102       9.3000      17.4174      10.8978       4.4001    -547.5257      -0.2728     163.7765    -342.0067       0.7946       2.3174       0.0000       0.0000       0.0000       0.0000       0.0000       3.1119       8.5054      15.1000      10.8978       4.4001    -547.5257      -4.2553     386.8701    -126.0075
     103      11.9851      20.7642       9.6886       3.9303    -537.1679       4.5867     154.4842    -331.7288       0.0174       2.8355       0.0000       0.0000       0.0000       0.0000       0.0000       2.8529      11.9677      17.9288       9.6886       3.9303    -537.1679      -3.0917     383.4787    -113.2656
     104      16.1056      19.5929      10.1434       4.4362    -545.2746       8.4781     152.6263    -333.8921       0.3373       0.6656       0.0000       0.0000       0.0000       0.0000       0.0000       1.0028      15.7684      18.9274      10.1434       4.4362    -545.2746      -2.3324     380.1366    -118.1951
     105       6.7424      25.5849      12.1306       5.4307    -540.5381       0.4651     162.3058    -327.8786       1.1825       3.3301       0.0000       0.0000       0.0000       0.0000       0.0000       4.5127       5.5598      22.2548      12.1306       5.4307    -540.5381      -3.8722     387.9225    -111.1119
     106      12.9824      28.2583      11.9705       7.0445    -546.0119       2.5392     163.1261    -320.0909       3.4595       3.9415       0.0000       0.0000       0.0000       0.0000       0.0000       7.4010       9.5230      24.3168      11.9705       7.0445    -546.0119      -0.7866     385.8634    -108.0803
     107       6.4638      18.1687       9.1738       6.2353    -529.2832       0.6116     155.0729    -333.5570       0.1319       1.0437       0.0000       0.0000       0.0000       0.0000       0.0000       1.1756       6.3319      17.1250       9.1738       6.2353    -529.2832      -2.6492     372.0640    -121.0023
     108      15.6809      23.3080       7.3707       4.3762    -550.9730       7.8801     155.5082    -336.8490       0.1105       1.2030       0.0000       0.0000       0.0000       0.0000       0.0000       1.3136      15.5703      22.1049       7.3707       4.3762    -550.9730      -3.4084     391.1530    -113.8063
     109      13.1392      20.1072      10.5130       4.6511    -546.3136       4.5133     157.5361    -335.8538       0.3631       1.8111       0.0000       0.0000       0.0000       0.0000       0.0000       2.1742      12.7761      18.2961      10.5130       4.6511    -546.3136      -3.7597     387.1791    -116.6580
     110      11.7371      29.5700      11.5433       4.5098    -548.5396       3.1448     166.6009    -321.4337       0.0865       1.3127       0.0000       0.0000       0.0000       0.0000       0.0000       1.3992      11.6507      28.2573      11.5433       4.5098    -548.5396      -3.3409     391.8560    -104.0634
     111      13.5846      23.9134       9.7932       4.6424    -552.1219       4.1774     167.0703    -328.9406       1.3549       0.3012       0.0000       0.0000       0.0000       0.0000       0.0000       1.6561      12.2296      23.6122       9.7932       4.6424    -552.1219      -2.7683     389.4688    -115.1440
     112      17.2779      29.3897      11.0340       4.1879    -549.3216       0.5061     162.3340    -324.5919       1.1992       2.7074       0.0000       0.0000       0.0000       0.0000       0.0000       3.9066      16.0787      26.6824      11.0340       4.1879    -549.3216      -3.6705     390.1147    -104.8944
     113      14.4475      35.6282       9.6239       3.2012    -555.5764       3.2266     166.0689    -323.3802       0.8785       4.5006       0.0000       0.0000       0.0000       0.0000       0.0000       5.3791      13.5690      31.1276       9.6239       3.2012    -555.5764      -2.0164     390.5132    -109.5579
     114      20.6280      27.9252       9.0368       2.9324    -558.0939       0.2358     170.2778    -327.0580       1.3721       1.6073       0.0000       0.0000       0.0000       0.0000       0.0000       2.9794      19.2559      26.3178       9.0368       2.9324    -558.0939      -3.8118     391.6314    -112.7315
     115       6.0809      24.6583      12.4993       4.0585    -537.7936       0.9511     162.7903    -326.7550       0.8682       2.2546       0.0000       0.0000       0.0000       0.0000       0.0000       3.1228       5.2128      22.4037      12.4993       4.0585    -537.7936      -2.0063     385.9090    -109.7166
     116      10.3937      25.6933      12.3761       6.2574    -539.1425       2.9147     152.8271    -328.6802       1.0561       4.5501       0.0000       0.0000       0.0000       0.0000       0.0000       5.6063       9.3375      21.1431      12.3761       6.2574    -539.1425      -0.5334     376.8731    -113.6885
     117       9.6997      30.4922       8.9328       3.6420    -546.9792       0.5428     167.3814    -326.2882       0.1216       1.6396       0.0000       0.0000       0.0000       0.0000       0.0000       1.7611       9.5781      28.8526       8.9328       3.6420    -546.9792      -3.3773     391.9056    -107.4453
     118      12.6340      22.2400      15.0107       4.2820    -551.7793      -1.5387     172.1237    -327.0275       0.2669       3.2238       0.0000       0.0000       0.0000       0.0000       0.0000       3.4906      12.3672      19.0162      15.0107       4.2820    -551.7793      -1.5636     388.3185    -114.3483
     119       8.7504      27.3585      11.1106       5.8452    -539.0126       4.2760     149.9728    -331.6990       0.5102       2.1451       0.0000       0.0000       0.0000       0.0000       0.0000       2.6552       8.2402      25.2135      11.1106       5.8452    -539.0126      -3.4827     378.2311    -113.8547
     120       7.1026      26.8053      10.1018       4.4076    -533.8947       1.5717     151.0249    -332.8809       0.7347       3.5357       0.0000       0.0000       0.0000       0.0000       0.0000       4.2704       6.3679      23.2696      10.1018       4.4076    -533.8947      -1.9929     376.1286    -115.6121
     121       9.6762      26.4625       8.1911       3.7076    -542.6896       2.8788     161.9698    -329.8036       0.0228       1.9584       0.0000       0.0000       0.0000       0.0000       0.0000       1.9812       9.6535      24.5040       8.1911       3.7076    -542.6896      -3.7603     387.7835    -112.6102
     122      12.3303      23.1277      14.4423       4.6927    -551.5547       8.5407     151.5290    -336.8920       0.2725       1.3679       0.0000       0.0000       0.0000       0.0000       0.0000       1.6404      12.0578      21.7598      14.4423       4.6927    -551.5547      -1.9907     386.3212    -114.2716
     123       9.8202      29.9919       8.3237       3.5977    -539.9069       1.0902     151.0519    -336.0312       0.3863       2.4826       0.0000       0.0000       0.0000       0.0000       0.0000       2.8689       9.4339      27.5093       8.3237       3.5977    -539.9069      -3.7340     384.6607    -110.1156
     124      10.5126      30.0149       8.1554       4.9201    -540.5986       1.0178     156.1965    -329.7813       0.0831       3.1623       0.0000       0.0000       0.0000       0.0000       0.0000       3.2454      10.4295      26.8526       8.1554       4.9201    -540.5986      -3.5148     386.8339    -106.9219
     125      10.6378      24.7053      10.5325       4.5763    -546.0161       0.2974     157.1286    -338.1382       0.0517       0.9893       0.0000       0.0000       0.0000       0.0000       0.0000       1.0410      10.5861      23.7161      10.5325       4.5763    -546.0161      -4.1561     384.9481    -115.8132
     126       9.3754      33.0880      12.9692       4.6202    -542.7179       2.4607     155.2891    -324.9154       1.1726       3.0955       0.0000       0.0000       0.0000       0.0000       0.0000       4.2681       8.2029      29.9924      12.9692       4.6202    -542.7179      -2.5148     383.5255    -105.9225
