| Run on Sun Jul 19 06:22:31 2026
| GB non-polar solvation energies calculated with gbsa=2
idecomp = 1: Per-residue decomp adding 1-4 interactions to Internal.
Energy Decomposition Analysis (All units kcal/mol): Generalized Born solvent
DELTAS:
Total Energy Decomposition:
Residue,Location,Internal,,,van der Waals,,,Electrostatic,,,Polar Solvation,,,Non-Polar Solv.,,,TOTAL,,
,,Avg.,Std. Dev.,Std. Err. of Mean,Avg.,Std. Dev.,Std. Err. of Mean,Avg.,Std. Dev.,Std. Err. of Mean,Avg.,Std. Dev.,Std. Err. of Mean,Avg.,Std. Dev.,Std. Err. of Mean
TYR 509,R TYR 509,0.0,0.0,0.0,-0.0005621890547263615,0.8359798001339648,0.058965468697083925,-8.76373134328358,0.9535792366968984,0.06726029339779459,3.14723880597015,0.5663602150755876,0.039947969470029855,-0.19305761194029844,0.023626840134554215,0.0016665088105499788,-5.810112338308457,0.556129131070493,0.0392263244451824
TRP 591,R TRP 591,0.0,0.0,0.0,-1.8350597014925383,0.21652335808159437,0.015272380135383398,1.5519402985074622,0.41842301243031016,0.029513283739206704,-0.721407960199005,0.35486403077044154,0.025030178832984164,-0.16178414328358212,0.020546287551036824,0.0014492233846293918,-1.1663115064676626,0.31902606605933526,0.02250236370395677
SER 592,R SER 592,0.0,0.0,0.0,-2.1557761194029856,1.0012255498231986,0.07062100520534076,-14.513427860696527,1.5048584753608412,0.10614453280834238,9.092895522388055,0.6834655355891901,0.0482079419118284,-0.3683425432835819,0.03316510611791324,0.002339286219975528,-7.944651000995021,1.0360557775791615,0.07307774005004325
TYR 593,R TYR 593,0.0,0.0,0.0,-3.319572139303481,0.34343473750523035,0.024224018643286275,0.30507462686567194,0.36200669217170445,0.025533983323478487,0.03902985074626865,0.36400653198512584,0.025675041147960112,-0.10132445373134326,0.02041674114980181,0.0014400858860132543,-3.076792115422886,0.4419533070812542,0.031172982756397145
ASP 670,R ASP 670,0.0,0.0,0.0,-0.17167661691542285,0.031177391676322497,0.0021990836532800426,6.047776119402981,1.363735568620729,0.09619049045170638,-5.593407960199004,1.37928020118085,0.09728692429434779,-0.002480310447761194,0.005086280582383029,0.00035875857098105875,0.280211231840796,0.1203331420253668,0.008487645417008251
HIE 702,R HIE 702,0.0,0.0,0.0,-1.72510447761194,0.5762839906163014,0.04064793862707058,-2.4789900497512445,0.6946987534967541,0.04900027201213686,2.6375373134328357,0.461986161894312,0.03258599138794936,-0.23165269253731355,0.031278415052533155,0.002206209292830985,-1.7982099064676618,0.4959917147127355,0.03498455814748166
HIE 729,L HIE   1,0.0,0.0,0.0,-5.218393034825868,1.1772222976400648,0.08303485865314056,-180.64738805970137,9.94302351128443,0.7013268042063439,191.87548756218908,8.138422400273397,0.574040056003825,-1.3135262328358208,0.08265149004500139,0.00582978661474223,4.696180234825872,3.0938242690756796,0.21822153844294628
AIB 730,L AIB   2,0.0,0.0,0.0,-3.1252039800995046,0.40371936608405135,0.028476168490459808,-9.825980099502488,1.9136004900252306,0.13497497161441616,11.564109452736314,1.5594418978584375,0.10999455058406608,-0.5718717850746269,0.06036722929162601,0.004257976052237916,-1.9589464119402973,0.7798924319165011,0.05500937076936044
GLU 731,L GLU   3,0.0,0.0,0.0,-2.1136616915422892,1.1266907449700287,0.07947063773930678,90.96974626865672,5.167107849913881,0.3644596868605304,-87.56028358208958,5.003594866317512,0.35292637024896456,-0.5930193671641789,0.035655979607333195,0.002514978889517605,0.7027816278606952,0.9386403789489026,0.06620658761594618
GLY 732,L GLY   4,0.0,0.0,0.0,-2.7624129353233813,0.5826074975067714,0.04109396441327504,-3.9623830845771124,0.9964802172624722,0.07028629525359083,5.384920398009946,0.6206965463242134,0.04378055877283573,-0.3288098507462685,0.03250984605957453,0.0022930677390358817,-1.6686854726368177,0.6476427133873055,0.045681194853050264
THR 733,L THR   5,0.0,0.0,0.0,-6.6685572139303515,0.7282710719156663,0.051368280773235714,-3.584039800995026,1.5487932161126516,0.10924345048565974,5.500059701492539,1.0749413481247903,0.07582051672049521,-0.8541361791044777,0.030090510542182338,0.0021224209689875246,-5.606673492537315,1.1985161311575667,0.08453680986477985
PHE 734,L PHE   6,0.0,0.0,0.0,-9.116716417910453,0.65936500749846,0.046508021728961055,-2.5309850746268663,0.6566942955342172,0.046319644231441075,6.057736318407961,0.6481929532179069,0.04572000577826881,-1.0108367641791054,0.05590935280943296,0.003943541688962514,-6.60080193830846,0.774245760937164,0.0546110853074133
THR 735,L THR   7,0.0,0.0,0.0,-6.043253731343286,1.1136927281949427,0.07855382832459043,-11.4199552238806,1.546873982390958,0.10910807817651928,12.729776119402985,1.2065585262392966,0.08510407667596993,-0.8811186626865668,0.03311782451213286,0.0023359512326407332,-5.614551498507463,1.1398825310813785,0.08040111458920526
SER 736,L SER   8,0.0,0.0,0.0,-4.075990049751244,0.5968219897617515,0.04209657739264566,-8.694402985074626,0.952576585391355,0.0671895718275346,10.215293532338308,0.8317044169786862,0.05866390642061479,-0.48698088358208963,0.029121351342804764,0.002054061749752524,-3.042080386069653,0.7860123734259441,0.05544103816066011
ASP 737,L ASP   9,0.0,0.0,0.0,-3.5863781094527365,0.8866148413678491,0.0625369891313979,68.82984577114432,4.71461576821269,0.3325433562566638,-62.88392537313428,4.448327087795042,0.3137608009281279,-0.6633685611940296,0.047902681859454545,0.0033787946637435467,1.6961737273631843,1.0882588142635483,0.07675985835602704
VAL 738,L VAL  10,0.0,0.0,0.0,-3.2056666666666658,0.4443737651096786,0.03134370870226903,-0.41951243781094527,0.6832710912761191,0.048194226867453074,2.660701492537313,0.6197668237881279,0.04371498120135644,-0.5589528358208954,0.07371426299672268,0.005199403223098604,-1.5234304477611944,0.6160605011930447,0.04345355736201648
SER 739,L SER  11,0.0,0.0,0.0,-2.7689253731343273,0.5004031801353231,0.03529571892701506,-2.060278606965173,0.8674149460018035,0.061182732929259485,4.889477611940301,0.8606010977791838,0.060702121132164416,-0.33501435223880593,0.04779361089917949,0.003371101391378797,-0.2747407203980096,0.9567733765753283,0.06748559065376356
SER 740,L SER  12,0.0,0.0,0.0,-3.025114427860695,0.3337613349345867,0.023541709433922395,-0.6460248756218907,0.4773805332337685,0.033671826621267845,3.2212338308457698,0.5601634356831744,0.039510882352341695,-0.42511554626865694,0.0362102171018295,0.0025540717882063476,-0.8750210189054742,0.4568078010409909,0.032220737975426975
TYR 741,L TYR  13,0.0,0.0,0.0,-8.28148756218905,0.9073406065053694,0.06399887188890438,-8.504089552238803,1.9757839383609035,0.13936105388066983,8.773905472636818,1.1638118131116417,0.08208895600627428,-1.0497644059701488,0.04442015456707964,0.0031331561279650914,-9.061436047761191,1.1853145241606973,0.08360564030302683
LEU 742,L LEU  14,0.0,0.0,0.0,-7.267283582089556,0.5664552554236251,0.03995467309931164,0.021179104477612815,0.5279776187789932,0.037240669867722516,1.618049751243781,0.5603959487856415,0.03952728256208718,-1.133473755223881,0.03779718320723075,0.0026660077467024444,-6.761528481592037,0.6413923191427918,0.04524032603527471
GLU 743,L GLU  15,0.0,0.0,0.0,-5.729497512437812,1.089184254176522,0.07682513385456269,73.13380099502487,7.810301123643838,0.5508961656097665,-61.63244278606968,6.659451298715081,0.4697214777572531,-1.120930137313433,0.035858547863247735,0.0025292669526397497,4.65093055920398,1.5643969578551573,0.11034405356856636
GLY 744,L GLY  16,0.0,0.0,0.0,-2.983646766169153,0.45689750813209784,0.03222706542576934,1.8416567164179107,0.5329748078830534,0.03759314441033904,1.4742537313432829,0.9037788002050106,0.06374764144305482,-0.3210709970149253,0.03581671179483162,0.0025263160638955427,0.011192684577114479,0.7936142295937865,0.05597723175269763
GLN 745,L GLN  17,0.0,0.0,0.0,-6.789557213930353,0.8466400598867921,0.05971738544514099,-5.753004975124375,2.2227554042314153,0.15678107795006352,10.33764676616915,1.6099595648956715,0.11355779208087784,-0.9076107940298502,0.045118211136848496,0.003182393242075867,-3.1125262169154246,1.1141787081284429,0.07858810670613939
ALA 746,L ALA  18,0.0,0.0,0.0,-3.0571592039801003,0.37843848390045504,0.02669299254913607,-2.8058159203980106,0.5138035717988981,0.03624090967808413,3.0890497512437824,0.4919477053391807,0.03469931571926886,-0.24378157611940313,0.033460930903385776,0.0023601520915250643,-3.017706949253732,0.5151555869443787,0.03633627347362804
ALA 747,L ALA  19,0.0,0.0,0.0,-1.190796019900497,0.23521211594356145,0.016590583477761538,-2.4657810945273635,0.4810963038445933,0.033933916872256,2.838965174129353,0.4799647828924662,0.033854105537972495,-0.15550735522388065,0.048047598558417254,0.0033890162995713516,-0.9731192955223877,0.329490127685861,0.02324044170319118
LYS 748,L LYS  20,0.0,0.0,0.0,-1.3408557213930352,0.4794272226008313,0.033816188958476066,-71.10568159203979,6.557730405995925,0.4625466391851851,71.38472139303482,6.819557715483947,0.481014513671128,-0.2189013134328358,0.10207471248886783,0.007199795094404983,-1.280717233830846,0.535693467895445,0.03778490390241409
GLU 749,L GLU  21,0.0,0.0,0.0,-2.72154726368159,0.7702177562512855,0.05432697176282907,43.86484079601989,7.763115517742893,0.5475679495843802,-42.720398009950245,7.035075881432139,0.4962159930200723,-0.47089282388059683,0.04368627693765001,0.003081392391115602,-2.0479973014925372,1.2810265218033752,0.09035664409525997
PHE 750,L PHE  22,0.0,0.0,0.0,241.24637313432834,8.505643819324272,0.5999418578015159,-4.274159203980099,0.7974660082759645,0.056248915273370816,5.295746268656716,0.7320359126514585,0.05163383216397541,-0.9076726925373138,0.04844331101816219,0.003416927704433523,241.36028750646787,8.52986388074335,0.601650209215293
ILE 751,L ILE  23,0.0,0.0,0.0,-0.5074029850746269,0.23342351872844122,0.016464425557339343,-2.2303532338308467,0.3962956828690913,0.027952542249540295,2.3774577114427857,0.40934185673391094,0.028872748403468252,-0.07282685373134323,0.08213135928266752,0.005793099419453692,-0.4331253611940283,0.2877737094848594,0.02029799243445115
ALA 752,L ALA  24,0.0,0.0,0.0,-0.07632338308457716,0.011657205851156201,0.0008222359040274226,-0.9562338308457714,0.3359775224206115,0.023698027246641225,1.0269303482587069,0.3341376293500016,0.02356825119554089,0.0,0.0,0.0,-0.005626865671641934,0.023683129470559127,0.0016704791541870445
TRP 753,L TRP  25,0.0,0.0,0.0,-0.688865671641791,0.5710494719101203,0.04027872414501711,-1.3309850746268646,1.6143090152731487,0.11386457865639264,1.4262089552238808,1.3147041572210578,0.09273208134469464,-0.07733566567164181,0.0658036725958737,0.00464143319728941,-0.670977456716416,0.8868135967175879,0.06255100825285456
LEU 754,L LEU  26,0.0,0.0,0.0,-0.10997512437810958,0.055685545505259594,0.003927755538882933,-1.1848606965174138,0.22804252570488115,0.016084879573525963,1.2456417910447761,0.23251643293935614,0.016400444658885464,-0.0005190805970149258,0.003445777463567474,0.00024304640271516787,-0.0497131104477618,0.04952508465350291,0.0034932301335374224
VAL 755,L VAL  27,0.0,0.0,0.0,-0.024681592039801026,0.0039610176908216116,0.00027938864625593726,-0.9001094527363187,0.23228621040106143,0.01638420601307966,0.9373681592039801,0.23357614327571224,0.016475190862868343,0.0,0.0,0.0,0.012577114427860279,0.007133780171422351,0.0005031780568411755
LYS 756,L LYS  28,0.0,0.0,0.0,-0.026019900497512443,0.007951319674570603,0.0005608428472748591,-46.325915422885565,4.2268651495934355,0.2981400802091228,46.463407960199014,4.230343342890829,0.29838541304846533,0.0,0.0,0.0,0.11147263681592007,0.07097901376840034,0.005006473617950826
GLY 757,L GLY  29,0.0,0.0,0.0,-0.005975124378109452,0.0022908813636548504,0.00016158631263061158,-0.46387562189054804,0.23031760345321828,0.016245351185078666,0.48201990049751287,0.2307085551402785,0.01627292679092671,0.0,0.0,0.0,0.012169154228855063,0.007156477341638249,0.0005047789917915934
ARG 758,L ARG  30,0.0,0.0,0.0,-0.015467661691542258,0.00615554589606655,0.0004341787311006928,-47.053845771144275,3.8497558094161155,0.27154083822978264,47.108631840796015,3.8511705817236277,0.2716406285742368,0.0,0.0,0.0,0.03931840796019854,0.03459859528182359,0.002440396749690025
GLY 759,L GLY  31,0.0,0.0,0.0,-0.002527363184079596,0.0008980340675638532,6.33424392447828e-05,41.02637313432835,2.3674165706483685,0.16698468990178242,-40.99560199004975,2.354404408803843,0.16606688277079457,0.0,0.0,0.0,0.02824378109452676,0.014973119318340267,0.0010561224066918992

Sidechain Energy Decomposition:
Residue,Location,Internal,,,van der Waals,,,Electrostatic,,,Polar Solvation,,,Non-Polar Solv.,,,TOTAL,,
,,Avg.,Std. Dev.,Std. Err. of Mean,Avg.,Std. Dev.,Std. Err. of Mean,Avg.,Std. Dev.,Std. Err. of Mean,Avg.,Std. Dev.,Std. Err. of Mean,Avg.,Std. Dev.,Std. Err. of Mean
TYR 509,R TYR 509,0.0,0.0,0.0,0.06257711442786058,0.8350361241470213,0.05889890692506577,-9.526721393034823,0.9472923298534134,0.06681684917985822,3.95539303482587,0.543914931297907,0.038364801219100936,-0.1930575402985074,0.02362675526368814,0.001666502824220649,-5.701808784079604,0.5461450088700207,0.038522098762952435
TRP 591,R TRP 591,0.0,0.0,0.0,-1.3655323383084579,0.19165975812512567,0.013518637013007675,0.9633432835820901,0.3724247649384588,0.02626881751865109,-0.5733383084577112,0.27699635390154703,0.019537816383327293,-0.1616660059701493,0.02055783475554657,0.0014500378616370292,-1.137193369154229,0.2577426113689646,0.01817976209490457
SER 592,R SER 592,0.0,0.0,0.0,-0.8063781094527361,0.7751161853647078,0.05467248031280372,-10.924383084577116,1.2390696829141168,0.08739723685867758,5.497497512437815,0.4583929870654373,0.03233254837669333,-0.1418805492537313,0.021980706745970593,0.0015503995136743874,-6.375144230845768,0.7097268074643727,0.050060269210231476
TYR 593,R TYR 593,0.0,0.0,0.0,-1.9502437810945272,0.258157199349067,0.018209004876319858,-0.4805820895522388,0.16999720359892617,0.01199067822667241,0.16410447761194025,0.19826753128046584,0.013984713395578408,-0.05650201791044774,0.013768436603072039,0.0009711506395203913,-2.3232234109452734,0.30697894527733627,0.021652625321226568
ASP 670,R ASP 670,0.0,0.0,0.0,-0.15074129353233826,0.028383001294893195,0.002001982552826183,4.67242786069652,1.2764032005475454,0.09003054015740944,-4.272691542288555,1.299286725248159,0.0916446195397064,-0.0024802746268656715,0.005086261769263906,0.0003587572440059493,0.2465147502487549,0.13273160300874443,0.009362165426810181
HIE 702,R HIE 702,0.0,0.0,0.0,-1.6397263681592031,0.5727244653280662,0.04039686907141113,-3.0808557213930348,0.6966626299577909,0.04913879317732488,3.07128855721393,0.4828283651232301,0.03405608705518449,-0.23165240597014933,0.0312788355831274,0.002206238954772083,-1.880945938308457,0.4886434239451409,0.03446624967978395
HIE 729,L HIE   1,0.0,0.0,0.0,-4.5213482587064675,0.7057643033266816,0.049780775718097275,-10.208422885572135,2.5003028424082783,0.17635776482114707,12.343756218905469,2.5744049605238586,0.18158452523501314,-0.6613770626865668,0.0829097848551026,0.005848005325932623,-3.047391988059702,1.1459850136652534,0.08083155052284423
AIB 730,L AIB   2,0.0,0.0,0.0,-3.1252039800995046,0.40371936608405135,0.028476168490459808,-9.825980099502488,1.9136004900252306,0.13497497161441616,11.564109452736314,1.5594418978584375,0.10999455058406608,-0.5718717850746269,0.06036722929162601,0.004257976052237916,-1.9589464119402973,0.7798924319165011,0.05500937076936044
GLU 731,L GLU   3,0.0,0.0,0.0,-0.7388457711442784,1.0928259141789343,0.07708199674627761,67.26999004975124,4.48509576373237,0.31635426336545985,-65.208447761194,4.38311137684208,0.3091608393475505,-0.5502522626865671,0.030613487698800748,0.0021593089334490238,0.7724442547263696,0.8999128932898218,0.06347496139366024
GLY 732,L GLY   4,0.0,0.0,0.0,-0.7282686567164183,0.07078857500283255,0.00499304110311255,3.1851592039801013,0.11153748907880741,0.007867247892561309,-3.258925373134327,0.10317033880411826,0.007277074616213103,-0.004436955223880592,0.0026816443064013647,0.00018914860548123743,-0.806471781094527,0.08951148100849897,0.006313653069835493
THR 733,L THR   5,0.0,0.0,0.0,-4.35868656716418,0.6528906609783014,0.04605135653560673,-1.7315522388059703,1.5507209360166831,0.10937942136395093,4.074184079601994,0.8878439259022034,0.06262368207018053,-0.7831072477611939,0.02264295589537425,0.0015971109670881829,-2.7991619741293516,1.1041427686084755,0.07788022611199628
PHE 734,L PHE   6,0.0,0.0,0.0,-6.792706467661693,0.5894473070335451,0.04157640737957681,-1.6445522388059706,0.43350635486566613,0.03057718068513393,3.644945273631842,0.33420606446088214,0.02357307823608393,-0.9017894686567159,0.05652023389849061,0.0039866299187602885,-5.694102901492538,0.6363670864993228,0.044885873453900674
THR 735,L THR   7,0.0,0.0,0.0,-4.138761194029848,1.0104633205001574,0.07127258731007077,-7.560651741293532,1.1778429259955876,0.08307863440210511,7.329482587064679,0.5534301278509882,0.0390359514363758,-0.685806232835821,0.0280799942474124,0.0019806100835746995,-5.055736581094529,0.8034057475276576,0.05666787217742331
SER 736,L SER   8,0.0,0.0,0.0,-2.4851194029850743,0.5674663473675511,0.04002599002629946,-8.772935323383082,0.7931945366247654,0.05594762889312706,8.843189054726363,0.6448020360939477,0.04548082892555636,-0.4343266388059701,0.02394236151916485,0.0016887639730844535,-2.8491923104477626,0.6410476237387676,0.0452160130960712
ASP 737,L ASP   9,0.0,0.0,0.0,-2.4537114427860693,0.8678490057805187,0.06121334914545322,54.68275621890551,4.2589637955972295,0.3004041441325001,-48.94463184079601,3.9243886114798263,0.27680503020327074,-0.5662513432835822,0.04201340169681918,0.00296339686941576,2.7181615920397997,0.9403426319164331,0.06632665528271917
VAL 738,L VAL  10,0.0,0.0,0.0,-2.206258706467661,0.42102006278795495,0.02969646554759958,-1.2136567164179095,0.18022558160770868,0.012712132385256335,1.440203980099502,0.165436203705837,0.011668970098820211,-0.5329705074626866,0.07413449995372602,0.005229044452623011,-2.5126819502487554,0.46487379047564364,0.032789669003956384
SER 739,L SER  11,0.0,0.0,0.0,-1.6392039800995022,0.47466701938057804,0.033480430111275904,-3.7089601990049745,0.8575435172561352,0.060486456030457714,5.466099502487565,0.7158455043646746,0.050491848813571036,-0.2977104000000003,0.03764849944876489,0.0026555204029841168,-0.17977507661691536,0.9537909420854737,0.0672752259445631
SER 740,L SER  12,0.0,0.0,0.0,-1.8864378109452749,0.2945199777210294,0.020773837506830012,-3.1329552238805984,0.39410081921575624,0.02779772850401157,4.2689502487562185,0.44752067409642277,0.031565674547999634,-0.34780115820895535,0.03302467989560515,0.002329381317949868,-1.0982439442786072,0.45093911762011996,0.03180679296324964
TYR 741,L TYR  13,0.0,0.0,0.0,-6.530850746268655,0.8542890545176252,0.06025690392799939,-6.349910447761195,1.7234662204046454,0.12156393426428053,6.945139303482585,0.9561625314582897,0.06744250496123637,-0.9872227701492541,0.04715669215501113,0.0033261766069930653,-6.922844660696517,0.8883878352374431,0.06266204647668412
LEU 742,L LEU  14,0.0,0.0,0.0,-5.441154228855719,0.4405408267057252,0.031073354072360573,-1.8449751243781094,0.20338577998622673,0.014345726824126647,1.8547761194029866,0.15500895376758433,0.010933488595879375,-0.9720671283582089,0.038178425611791536,0.002692898512566078,-6.4034203621890535,0.457422024077779,0.03226406192804276
GLU 743,L GLU  15,0.0,0.0,0.0,-3.7456616915422893,1.047254679225313,0.07386764966789772,58.89902487562189,7.062444551228806,0.49814643014536836,-49.65426865671639,5.956374955826226,0.420130296150198,-0.9256099343283584,0.03271459887286467,0.002307509888954773,4.573484593034825,1.4253013105747558,0.10053300306914184
GLY 744,L GLY  16,0.0,0.0,0.0,-0.6120696517412938,0.08532481178908818,0.006018348191939339,1.93641791044776,0.09362704927443219,0.00660394287314977,-2.089383084577114,0.09379817176950879,0.006616012923317476,-0.0033175522388059716,0.0027456388018014446,0.00019366242915819037,-0.768352378109453,0.09045076522000921,0.006379905069898888
GLN 745,L GLN  17,0.0,0.0,0.0,-4.582348258706466,0.7107660908694269,0.05013357460957043,-3.525641791044774,1.9433677956319262,0.13707459546497675,6.479094527363184,1.3826558825579212,0.09752502650033307,-0.7715035343283584,0.041431777003808415,0.0029223722266867357,-2.400399056716416,0.9105722199101635,0.06422681232362652
ALA 746,L ALA  18,0.0,0.0,0.0,-1.4039651741293535,0.30618000068098616,0.02159627211439162,-2.1667412935323385,0.1892205082242682,0.01334658559065234,2.2435870646766163,0.17365277767967036,0.012248522541802333,-0.19389714626865664,0.028888424849370327,0.0020376323816563946,-1.5210165492537295,0.3081386821854339,0.021734426855594173
ALA 747,L ALA  19,0.0,0.0,0.0,-0.5843781094527363,0.12442043279911236,0.008775940679808324,-2.4464676616915417,0.18660160610776194,0.013161862478028292,2.4540945273631847,0.18783806940634867,0.013249075874711113,-0.14056900298507455,0.04761602835726644,0.003358575684639658,-0.717320246766169,0.1542558347259701,0.010880367674457153
LYS 748,L LYS  20,0.0,0.0,0.0,-1.0873582089552238,0.36759167949046906,0.025927917955470135,-52.69427860696519,6.077202566708131,0.4286528187112201,53.59771641791048,6.415326458282878,0.45250223916514964,-0.18735102089552225,0.10614139805852717,0.007486636978168447,-0.3712714189054728,0.3883465443317856,0.027391853247826177
GLU 749,L GLU  21,0.0,0.0,0.0,-2.333890547263683,0.47755748575348633,0.033684307889667656,42.39258208955222,7.095945425177164,0.500509399602059,-40.59428358208955,6.791250706122667,0.4790178911760233,-0.4062872955223882,0.04299568124850417,0.003032681526948616,-0.9418793353233824,0.6516790060337786,0.045965892985301474
PHE 750,L PHE  22,0.0,0.0,0.0,241.72834328358206,8.505553776289021,0.5999355066555006,-2.8160845771144274,0.4816193639713745,0.033970810688981556,3.746353233830845,0.4000788598905678,0.028219386982151838,-0.9041142805970146,0.04732288794917885,0.0033378991544720992,241.7544976597013,8.5263906446923,0.6014052260331482
ILE 751,L ILE  23,0.0,0.0,0.0,-0.4079054726368158,0.2207962884987575,0.015573769409044884,-2.0439253731343294,0.15735335715496676,0.0110988500609888,2.0689999999999986,0.16376220474058306,0.011550895315710841,-0.07282703283582083,0.08213128887024294,0.005793094452944195,-0.45565787860696527,0.2930553622284288,0.020670531495167573
ALA 752,L ALA  24,0.0,0.0,0.0,-0.036771144278606956,0.0063900858521687975,0.0004507219040787316,-1.8023532338308448,0.13249496226974952,0.009345474076031821,1.7996716417910443,0.1311466523388866,0.009250371626176543,0.0,0.0,0.0,-0.03945273631840791,0.0061376421952198555,0.0004329159014107068
TRP 753,L TRP  25,0.0,0.0,0.0,-0.6511691542288561,0.559691227280104,0.039477575339653966,-0.9510447761194029,1.53389925949966,0.10819291178568356,0.9830945273631844,1.189221111383873,0.08388118972011047,-0.07733584477611938,0.06580354731672806,0.0046414243607797966,-0.6964552477611945,0.9131612219821312,0.06440942644971766
LEU 754,L LEU  26,0.0,0.0,0.0,-0.08916417910447755,0.05034970157018543,0.0035513941262319076,-1.2736467661691542,0.11390333512774603,0.008034121806402833,1.2934726368159213,0.11180424656407713,0.007886063514834556,-0.0005191164179104486,0.0034456462073821316,0.0002430371446176793,-0.06985742487562206,0.038716900498548416,0.0027308796026284704
VAL 755,L VAL  27,0.0,0.0,0.0,-0.016293532338308464,0.00296050418594941,0.00020881786482904448,-1.0130895522388061,0.06830697421687491,0.004818002479643903,1.0169402985074625,0.06881575674240875,0.004853889232024978,0.0,0.0,0.0,-0.012442786069651633,0.0030725813930505335,0.00021672318149568983
LYS 756,L LYS  28,0.0,0.0,0.0,-0.020084577114427873,0.007093393390775146,0.0005003293929743606,-36.29537313432834,3.823126806969118,0.2696625732167149,36.39297512437811,3.8296843412492434,0.27012510602224776,0.0,0.0,0.0,0.07751741293532366,0.06775542015566897,0.004779098855745841
GLY 757,L GLY  29,0.0,0.0,0.0,-0.001562189054726367,0.0007900898519842907,5.572864132314883e-05,1.0625472636815927,0.0549479084384893,0.0038757266317688104,-1.0638159203980093,0.05458346063052314,0.00385002046541299,0.0,0.0,0.0,-0.0028308457711442893,0.001506616842314887,0.00010626855845055306
ARG 758,L ARG  30,0.0,0.0,0.0,-0.013049751243781089,0.005845227030885798,0.0004122905259933469,-37.14435820895522,3.539913937881282,0.24968627766013085,37.1888208955224,3.54388902207113,0.24996665848072866,0.0,0.0,0.0,0.0314129353233822,0.03240621572711477,0.0022857582189688363
GLY 759,L GLY  31,0.0,0.0,0.0,-0.0004278606965174132,0.0005047238548446725,3.5600475823394125e-05,10.321761194029856,0.58330347842843,0.041143055122456355,-10.318452736318406,0.5810979391894856,0.040987488379177,0.0,0.0,0.0,0.0028805970149253716,0.0026552626130141254,0.00018728778430427591

Backbone Energy Decomposition:
Residue,Location,Internal,,,van der Waals,,,Electrostatic,,,Polar Solvation,,,Non-Polar Solv.,,,TOTAL,,
,,Avg.,Std. Dev.,Std. Err. of Mean,Avg.,Std. Dev.,Std. Err. of Mean,Avg.,Std. Dev.,Std. Err. of Mean,Avg.,Std. Dev.,Std. Err. of Mean,Avg.,Std. Dev.,Std. Err. of Mean
TYR 509,R TYR 509,0.0,0.0,0.0,-0.06316915422885576,0.006171773637450799,0.0004353233477247595,0.7629701492537311,0.11729721192276549,0.008273507418215954,-0.808129353233831,0.1419514428368448,0.01001248278697709,0.0,0.0,0.0,-0.1083283582089558,0.06989773369653342,0.004930206002130166
TRP 591,R TRP 591,0.0,0.0,0.0,-0.4694875621890547,0.06685799233325214,0.004715799177736717,0.5885522388059703,0.2863273854335564,0.020195976601581407,-0.14814427860696522,0.2827823980666413,0.019945932471828638,-0.0001181373134328358,0.0007166271831660335,5.054698418512584e-05,-0.02919773930348283,0.24879015065082133,0.0175483042030357
SER 592,R SER 592,0.0,0.0,0.0,-1.349323383084577,0.5997741862800183,0.042304809279776916,-3.5890597014925376,0.6986572312543441,0.049279481505315845,3.59544776119403,0.3533471486656024,0.0249231862187419,-0.22646210149253726,0.02051836050025349,0.0014472535623460034,-1.569397424875622,0.7046955028123859,0.04970538834239869
TYR 593,R TYR 593,0.0,0.0,0.0,-1.3692587064676622,0.2161417738529373,0.015245465259106994,0.7856019900497514,0.2874253713151316,0.020273422554365775,-0.1250497512437811,0.2707955067574749,0.019100442348559232,-0.04482243582089552,0.012938973799301662,0.0009126448443046698,-0.7535289034825873,0.3177208824762401,0.02241030315213409
ASP 670,R ASP 670,0.0,0.0,0.0,-0.02092537313432837,0.0033022535626620188,0.00023292300728770918,1.3753880597014927,0.1701882442015112,0.012004153191820844,-1.3207014925373133,0.17415981808838246,0.012284286414737156,0.0,0.0,0.0,0.03376119402985006,0.023765703089755064,0.0016763034482155878
HIE 702,R HIE 702,0.0,0.0,0.0,-0.08538308457711442,0.012112142356967212,0.0008543246510142052,0.6018407960198995,0.14442107633897713,0.010186677303327746,-0.4337412935323385,0.1373769652576486,0.009689824016444139,0.0,0.0,0.0,0.08271641791044645,0.0370660856522049,0.002614440101182202
HIE 729,L HIE   1,0.0,0.0,0.0,-0.6969701492537308,1.0726913375135434,0.07566181320846738,-170.43894029850756,9.44324552398445,0.6660751829818763,179.531776119403,7.454205939846697,0.525779147937799,-0.6521484895522391,0.04817167599800722,0.003397768047375526,7.743717182089548,2.8001452866837346,0.197507020172949
AIB 730,L AIB   2,0.0,0.0,0.0,0.0,0.0,0.0,0.0,0.0,0.0,0.0,0.0,0.0,0.0,0.0,0.0,0.0,0.0,0.0
GLU 731,L GLU   3,0.0,0.0,0.0,-1.3748557213930357,0.15656986767027856,0.011043586973679187,23.69973134328357,1.2056731063050052,0.08504162396908531,-22.351910447761195,1.0989330474267496,0.07751276071245869,-0.042766567164179134,0.018552564251895488,0.0013085969858009437,-0.06980139303482691,0.37481263788501595,0.026437245090059236
GLY 732,L GLY   4,0.0,0.0,0.0,-2.0341343283582085,0.5768454157720119,0.04068753850429189,-7.147517412935323,1.0020466622759698,0.07067892201220968,8.643825870646767,0.6316005212435848,0.044549665863316795,-0.3243727164179107,0.03302039075386489,0.0023290787852176397,-0.8621985870646771,0.6453936785444595,0.0455225601664188
THR 733,L THR   5,0.0,0.0,0.0,-2.3099054726368164,0.2060244539895452,0.01453184453811872,-1.8524726368159201,0.636704114835356,0.044909645599824785,1.425850746268657,0.5974793550520164,0.042142944365196264,-0.07102907462686567,0.01581898863317501,0.0011157854279726994,-2.807556437810946,0.6418210690483835,0.0452705677218956
PHE 734,L PHE   6,0.0,0.0,0.0,-2.3239800995024877,0.19782111523752902,0.013953225635704964,-0.8864875621890551,0.49462088712932817,0.03488786742487622,2.4128855721393037,0.5068641097101244,0.035751437762010785,-0.10904761791044779,0.018853926431295093,0.001329853435003454,-0.9066297074626873,0.5199784302637414,0.03667645061275658
THR 735,L THR   7,0.0,0.0,0.0,-1.9043781094527357,0.5045338287929022,0.03558707241914262,-3.859328358208954,0.6396012452125244,0.045113993420835434,5.400308457711443,0.8309611616179786,0.058611481229600935,-0.19531253731343282,0.029108872921309058,0.002053181589763041,-0.5587105472636807,0.7259114924225789,0.05120184886816381
SER 736,L SER   8,0.0,0.0,0.0,-1.5908805970149262,0.14129136358785657,0.009965924386537782,0.07854726368159205,0.4700085624338872,0.03315184789287446,1.3721592039800996,0.4452138337233802,0.03140296257363852,-0.05265453134328355,0.01732702617988079,0.001222154195184607,-0.19282866069651755,0.33649779016345416,0.023734724103789896
ASP 737,L ASP   9,0.0,0.0,0.0,-1.13271144278607,0.233437296636808,0.016465397376065564,14.147149253731333,0.7912618410530301,0.05581130705829578,-13.939228855721394,0.887465644973387,0.06259700019071017,-0.09711707462686567,0.019430823945069342,0.0013705446482174934,-1.0219081194029855,0.43053419238483637,0.030367540507586662
VAL 738,L VAL  10,0.0,0.0,0.0,-0.9993631840796017,0.1177809013980658,0.008307624243299956,0.794154228855722,0.6499816232339338,0.04584616883367104,1.2205223880597,0.6199148960579179,0.043725425413989105,-0.025982865671641812,0.013013221164457668,0.0009178818496548539,0.9893305671641799,0.39926619688480486,0.0281620661533233
SER 739,L SER  11,0.0,0.0,0.0,-1.1296865671641787,0.14315807728937824,0.01009759221908093,1.648656716417911,0.39780005298689913,0.02805865233626274,-0.5765820895522389,0.4426654953503189,0.031223216643722216,-0.03730398805970149,0.020072295357454115,0.0014157905530599155,-0.09491592835820845,0.29707577222873305,0.02095410935193444
SER 740,L SER  12,0.0,0.0,0.0,-1.1387412935323378,0.11203505464351338,0.007902343461528065,2.4868258706467676,0.286856048506104,0.020233265619630188,-1.0476815920398004,0.3498535843137368,0.024676769188811072,-0.07731381492537318,0.027095035638425125,0.001911136459909564,0.223089170149254,0.24100945201043722,0.016999496035604512
TYR 741,L TYR  13,0.0,0.0,0.0,-1.75065671641791,0.27031716504612024,0.019066702725660602,-2.1542288557213927,1.0059515963960295,0.07095435482838974,1.8287313432835814,0.7068528085801887,0.04985755295893731,-0.06254138507462684,0.015245116405593008,0.001075307601993902,-2.1386956139303486,0.7835050754468569,0.05526418699694008
LEU 742,L LEU  14,0.0,0.0,0.0,-1.8260995024875615,0.27706720999692064,0.019542814186950155,1.8661691542288548,0.5096659048542758,0.035949061154156886,-0.23669651741293526,0.561936534754904,0.039635947118014436,-0.16140698507462695,0.025352576902609624,0.001788232896897366,-0.3580338507462693,0.3946296311756179,0.027835028023761768
GLU 743,L GLU  15,0.0,0.0,0.0,-1.9838706467661689,0.21394053012909536,0.015090201498102177,14.234701492537315,1.1221073859128519,0.07914735251761823,-11.978213930348268,0.9993171842966844,0.07048639947958252,-0.19531970149253738,0.01826660801998099,0.00128842718835011,0.07729721393034789,0.412080255526412,0.02906590016174456
GLY 744,L GLY  16,0.0,0.0,0.0,-2.3715621890547265,0.4122589720829269,0.029078505855706472,-0.094880597014926,0.5342622156733162,0.037683951154407445,3.5635820895522397,0.8952020169891796,0.06314268179910922,-0.31775330149253717,0.03523892303173207,0.0024855619868010795,0.7793860019900497,0.7666538260660674,0.05407559150969209
GLN 745,L GLN  17,0.0,0.0,0.0,-2.20723880597015,0.42837072181700014,0.030214941059580423,-2.2274527363184076,0.8105939650184647,0.0571748899467212,3.8585820895522422,0.8107804387614429,0.057188042790429446,-0.13610718805970157,0.023352756664170506,0.001647176453128533,-0.7122166407960201,0.6384962445958827,0.04503605268678851
ALA 746,L ALA  18,0.0,0.0,0.0,-1.65318407960199,0.17725325768087155,0.012502480820185716,-0.6390746268656714,0.4742312862293997,0.033449695864489114,0.8455522388059696,0.44187148185313774,0.031167211249805288,-0.04988464477611939,0.014847492228347232,0.001047261354975933,-1.4965911124378117,0.3722645446319392,0.026257516449573578
ALA 747,L ALA  19,0.0,0.0,0.0,-0.6063681592039797,0.18218661850226112,0.012850453262867286,-0.019353233830845775,0.4176299745275369,0.029457347158413624,0.38484577114427887,0.39753693291237785,0.02804009327716194,-0.014939176119402979,0.008314009598874426,0.0005864250220772379,-0.25581479800995044,0.31087848454243044,0.02192767761367683
LYS 748,L LYS  20,0.0,0.0,0.0,-0.2535920398009952,0.3679710846528775,0.025954679132264027,-18.411437810945273,1.1796345489251776,0.08320500573997092,17.78692537313433,1.0992996048832502,0.07753861568194899,-0.03155097313432836,0.009337060137847747,0.0006585854433238987,-0.9096554507462689,0.36147155164924494,0.025496237421339978
GLU 749,L GLU  21,0.0,0.0,0.0,-0.3876766169154226,0.5510833382276559,0.03887042165915981,1.4723184079601983,4.009048610866174,0.28277648614384593,-2.1261890547263684,2.9481908398100507,0.20794934835744983,-0.064606280597015,0.030017526067641756,0.00211727304107323,-1.1061535442786086,1.0830949420946172,0.07639562689650606
PHE 750,L PHE  22,0.0,0.0,0.0,-0.482004975124378,0.061594767619772804,0.0043445599300435895,-1.4580696517412934,0.5476407337462091,0.03862759906134745,1.5492835820895516,0.5182866090624365,0.03655711874604088,-0.0035583761194029873,0.006127590173693339,0.0004322068864792823,-0.3943494208955217,0.14645853844042742,0.010330388799401347
ILE 751,L ILE  23,0.0,0.0,0.0,-0.09954228855721389,0.016850216726135615,0.0011885226494046978,-0.18646766169154189,0.32127093725294836,0.022660704709414996,0.30835323383084573,0.3247134666515476,0.022903522011291626,0.0,0.0,0.0,0.022343283582089393,0.03917109513015605,0.002762916021843566
ALA 752,L ALA  24,0.0,0.0,0.0,-0.039611940298507446,0.00614409531017514,0.000433371069044941,0.845995024875622,0.24103513291350623,0.017001307426843613,-0.7727960199004972,0.24072804825775956,0.016979647345280777,0.0,0.0,0.0,0.033587064676617394,0.023459155397858436,0.0016546812411625017
TRP 753,L TRP  25,0.0,0.0,0.0,-0.03780597014925371,0.014924592019361272,0.0010526995549334697,-0.3799950248756211,0.28979679786852425,0.020440690086642396,0.44306965174129354,0.2860035575821218,0.020173135546051178,0.0,0.0,0.0,0.02526865671641841,0.05380300776410468,0.003794971564641736
LEU 754,L LEU  26,0.0,0.0,0.0,-0.020825870646766168,0.006805362778752643,0.00048001328003204643,0.08890049751243774,0.1975336738085683,0.013932951080531606,-0.04783582089552239,0.1973298572130158,0.013918574966320388,0.0,0.0,0.0,0.020238805970149702,0.023592997666105068,0.0016641217468749351
VAL 755,L VAL  27,0.0,0.0,0.0,-0.008432835820895533,0.001481802189654226,0.00010451826780422795,0.11294029850746226,0.1972986634645204,0.013916374728946046,-0.0796019900497513,0.19738812133408862,0.013922684600556446,0.0,0.0,0.0,0.02490547263681518,0.006909220884754305,0.00048733886600601145
LYS 756,L LYS  28,0.0,0.0,0.0,-0.005865671641791017,0.001280106366709944,9.02917413591538e-05,-10.030537313432838,0.622943685795385,0.04393905977025709,10.070393034825866,0.6196888721447112,0.04370948291636315,0.0,0.0,0.0,0.033990049751243236,0.009894463022569206,0.0006979016114244204
GLY 757,L GLY  29,0.0,0.0,0.0,-0.004457711442786067,0.001701463442770069,0.00012001197799015452,-1.5263980099502479,0.24868768160308555,0.017541076593677537,1.545815920398011,0.24849869804611988,0.017527746721340026,0.0,0.0,0.0,0.014960199004975316,0.008169742011685925,0.0005762491710638473
ARG 758,L ARG  30,0.0,0.0,0.0,-0.0024129353233830783,0.0007008394687737471,4.943340467202315e-05,-9.909532338308452,0.5817062227202021,0.04103039339133599,9.919835820895521,0.579037044081264,0.04084212404624415,0.0,0.0,0.0,0.007890547263681297,0.005132857786237785,0.0003620438736348492
GLY 759,L GLY  31,0.0,0.0,0.0,-0.002009950248756218,0.0007464013149090421,5.264708951421859e-05,30.704676616915428,1.8686366035481046,0.13180346359455572,-30.677179104477613,1.857277649256949,0.13100226473355522,0.0,0.0,0.0,0.025487562189055527,0.013583392498507351,0.0009580986347308731

idecomp = 1: Per-residue decomp adding 1-4 interactions to Internal.
Energy Decomposition Analysis (All units kcal/mol): Poisson Boltzmann solvent
DELTAS:
Total Energy Decomposition:
Residue,Location,Internal,,,van der Waals,,,Electrostatic,,,Polar Solvation,,,Non-Polar Solv.,,,TOTAL,,
,,Avg.,Std. Dev.,Std. Err. of Mean,Avg.,Std. Dev.,Std. Err. of Mean,Avg.,Std. Dev.,Std. Err. of Mean,Avg.,Std. Dev.,Std. Err. of Mean,Avg.,Std. Dev.,Std. Err. of Mean
TYR 509,R TYR 509,0.0,0.0,0.0,-0.0005621890547263615,0.8359798001339648,0.058965468697083925,-8.76373134328358,0.9535792366968984,0.06726029339779459,3.777975124378112,0.7241030439700284,0.05107429074941254,0.0,0.0,0.0,-4.986318407960201,0.6149024499824666,0.04337187472758438
TRP 591,R TRP 591,0.0,0.0,0.0,-1.8350597014925383,0.21652335808159437,0.015272380135383398,1.5519402985074622,0.41842301243031016,0.029513283739206704,-0.6568258706467657,0.4190420662189641,0.029556948426787476,0.0,0.0,0.0,-0.939945273631841,0.3751880218389096,0.02646372263267349
SER 592,R SER 592,0.0,0.0,0.0,-2.1557761194029856,1.0012255498231986,0.07062100520534076,-14.513427860696527,1.5048584753608412,0.10614453280834238,11.66617910447761,0.6942030025270992,0.04896530443483648,0.0,0.0,0.0,-5.0030248756218905,1.0987189937567705,0.07749766253069086
TYR 593,R TYR 593,0.0,0.0,0.0,-3.319572139303481,0.34343473750523035,0.024224018643286275,0.30507462686567194,0.36200669217170445,0.025533983323478487,1.2514676616915426,0.3912411939453779,0.027596026089265584,0.0,0.0,0.0,-1.7630298507462672,0.48669677454521526,0.03432894361779882
ASP 670,R ASP 670,0.0,0.0,0.0,-0.17167661691542285,0.031177391676322497,0.0021990836532800426,6.047776119402981,1.363735568620729,0.09619049045170638,-5.168796019900497,1.6281467360815607,0.11484061622696151,0.0,0.0,0.0,0.7073034825870647,0.9305942478690584,0.065639057287767
HIE 702,R HIE 702,0.0,0.0,0.0,-1.72510447761194,0.5762839906163014,0.04064793862707058,-2.4789900497512445,0.6946987534967541,0.04900027201213686,1.8185870646766176,0.5536551485485062,0.03905182317262298,0.0,0.0,0.0,-2.3855074626865678,0.6629984513267904,0.04676430509643918
HIE 729,L HIE   1,0.0,0.0,0.0,-5.218393034825868,1.1772222976400648,0.08303485865314056,-180.64738805970137,9.94302351128443,0.7013268042063439,182.2946268656716,7.449805249389002,0.5254687471656904,0.0,0.0,0.0,-3.5711542288557188,3.9477399820990255,0.27845210889232486
AIB 730,L AIB   2,0.0,0.0,0.0,-3.1252039800995046,0.40371936608405135,0.028476168490459808,-9.825980099502488,1.9136004900252306,0.13497497161441616,11.559447761194027,1.3200028149026095,0.09310581984125645,0.0,0.0,0.0,-1.3917363184079603,1.0859759098344097,0.07659883469297533
GLU 731,L GLU   3,0.0,0.0,0.0,-2.1136616915422892,1.1266907449700287,0.07947063773930678,90.96974626865672,5.167107849913881,0.3644596868605304,-86.9032537313433,4.789545803650783,0.33782851345590265,0.0,0.0,0.0,1.952830845771143,1.2925105352857496,0.09116666395148536
GLY 732,L GLY   4,0.0,0.0,0.0,-2.7624129353233813,0.5826074975067714,0.04109396441327504,-3.9623830845771124,0.9964802172624722,0.07028629525359083,5.627507462686568,0.6481169364992193,0.04571464397234298,0.0,0.0,0.0,-1.097288557213931,0.8087666405853966,0.057046000418959616
THR 733,L THR   5,0.0,0.0,0.0,-6.6685572139303515,0.7282710719156663,0.051368280773235714,-3.584039800995026,1.5487932161126516,0.10924345048565974,7.224363184079601,1.4467033591551657,0.10204258718280032,0.0,0.0,0.0,-3.028233830845774,1.0369356452489216,0.07313980113038336
PHE 734,L PHE   6,0.0,0.0,0.0,-9.116716417910453,0.65936500749846,0.046508021728961055,-2.5309850746268663,0.6566942955342172,0.046319644231441075,6.891109452736316,0.7548797459239324,0.05324511192878983,0.0,0.0,0.0,-4.756592039800995,1.0178251727702063,0.07179185233239854
THR 735,L THR   7,0.0,0.0,0.0,-6.043253731343286,1.1136927281949427,0.07855382832459043,-11.4199552238806,1.546873982390958,0.10910807817651928,12.211253731343275,1.1647526504007975,0.0821553175519885,0.0,0.0,0.0,-5.251955223880595,1.233958623117998,0.08703673049671923
SER 736,L SER   8,0.0,0.0,0.0,-4.075990049751244,0.5968219897617515,0.04209657739264566,-8.694402985074626,0.952576585391355,0.0671895718275346,9.078920398009942,0.7874888381943194,0.05554517995579442,0.0,0.0,0.0,-3.6914726368159196,0.8404485005561517,0.05928066652222143
ASP 737,L ASP   9,0.0,0.0,0.0,-3.5863781094527365,0.8866148413678491,0.0625369891313979,68.82984577114432,4.71461576821269,0.3325433562566638,-60.064915422885605,5.264182295627358,0.3713067903301208,0.0,0.0,0.0,5.178552238805969,3.4228658584703644,0.24143034269441488
VAL 738,L VAL  10,0.0,0.0,0.0,-3.2056666666666658,0.4443737651096786,0.03134370870226903,-0.41951243781094527,0.6832710912761191,0.048194226867453074,1.573945273631841,0.7297668693303287,0.051473786188100196,0.0,0.0,0.0,-2.051233830845773,0.7298212416925246,0.05147762131883007
SER 739,L SER  11,0.0,0.0,0.0,-2.7689253731343273,0.5004031801353231,0.03529571892701506,-2.060278606965173,0.8674149460018035,0.061182732929259485,4.826855721393033,1.1265711390864261,0.07946220139074378,0.0,0.0,0.0,-0.002348258706467348,1.1269967081621894,0.07949221871892724
SER 740,L SER  12,0.0,0.0,0.0,-3.025114427860695,0.3337613349345867,0.023541709433922395,-0.6460248756218907,0.4773805332337685,0.033671826621267845,3.579228855721393,0.7934212694458945,0.05596362139326253,0.0,0.0,0.0,-0.09191044776119489,0.7090554307814693,0.05001291395024391
TYR 741,L TYR  13,0.0,0.0,0.0,-8.28148756218905,0.9073406065053694,0.06399887188890438,-8.504089552238803,1.9757839383609035,0.13936105388066983,9.725512437810949,1.037520250282228,0.07318103599010851,0.0,0.0,0.0,-7.060064676616915,1.2051541842259206,0.08500502202773985
LEU 742,L LEU  14,0.0,0.0,0.0,-7.267283582089556,0.5664552554236251,0.03995467309931164,0.021179104477612815,0.5279776187789932,0.037240669867722516,1.383258706467662,0.6177409194142189,0.043572084924527896,0.0,0.0,0.0,-5.8628457711442765,0.6646819095553279,0.04688304708453719
GLU 743,L GLU  15,0.0,0.0,0.0,-5.729497512437812,1.089184254176522,0.07682513385456269,73.13380099502487,7.810301123643838,0.5508961656097665,-57.68317412935324,5.547309160298038,0.39127701960284633,0.0,0.0,0.0,9.721129353233833,4.538174683273504,0.32009816168474486
GLY 744,L GLY  16,0.0,0.0,0.0,-2.983646766169153,0.45689750813209784,0.03222706542576934,1.8416567164179107,0.5329748078830534,0.03759314441033904,2.1084328358208966,0.8538361644588056,0.060224959526253966,0.0,0.0,0.0,0.9664427860696523,0.8361173166037018,0.058975168360987665
GLN 745,L GLN  17,0.0,0.0,0.0,-6.789557213930353,0.8466400598867921,0.05971738544514099,-5.753004975124375,2.2227554042314153,0.15678107795006352,9.855890547263678,2.2953348400225315,0.16190043663373896,0.0,0.0,0.0,-2.686671641791046,1.413467396594491,0.09969830313469909
ALA 746,L ALA  18,0.0,0.0,0.0,-3.0571592039801003,0.37843848390045504,0.02669299254913607,-2.8058159203980106,0.5138035717988981,0.03624090967808413,3.704303482587065,0.7305399233033786,0.05152831321117147,0.0,0.0,0.0,-2.1586716417910448,0.7518931275556843,0.05303445211156117
ALA 747,L ALA  19,0.0,0.0,0.0,-1.190796019900497,0.23521211594356145,0.016590583477761538,-2.4657810945273635,0.4810963038445933,0.033933916872256,2.68909950248756,0.47171948622179494,0.03327252715216135,0.0,0.0,0.0,-0.967477611940298,0.33180661925789157,0.023403834420641697
LYS 748,L LYS  20,0.0,0.0,0.0,-1.3408557213930352,0.4794272226008313,0.033816188958476066,-71.10568159203979,6.557730405995925,0.4625466391851851,70.2488805970149,6.938737469978836,0.4894208054043354,0.0,0.0,0.0,-2.1976567164179115,0.8225175505497445,0.058015914824701524
GLU 749,L GLU  21,0.0,0.0,0.0,-2.72154726368159,0.7702177562512855,0.05432697176282907,43.86484079601989,7.763115517742893,0.5475679495843802,-42.87258706467662,6.938357239843818,0.4893939860384601,0.0,0.0,0.0,-1.7292935323383092,1.4722485014959839,0.10384440259845831
PHE 750,L PHE  22,0.0,0.0,0.0,241.24637313432834,8.505643819324272,0.5999418578015159,-4.274159203980099,0.7974660082759645,0.056248915273370816,5.708457711442788,0.6445931490588821,0.045466095170117043,0.0,0.0,0.0,242.6806716417911,8.522404097647255,0.6011240366850845
ILE 751,L ILE  23,0.0,0.0,0.0,-0.5074029850746269,0.23342351872844122,0.016464425557339343,-2.2303532338308467,0.3962956828690913,0.027952542249540295,2.270641791044775,0.4183602330787101,0.02950885562516495,0.0,0.0,0.0,-0.4671144278606953,0.19209694339703517,0.013549473684493607
ALA 752,L ALA  24,0.0,0.0,0.0,-0.07632338308457716,0.011657205851156201,0.0008222359040274226,-0.9562338308457714,0.3359775224206115,0.023698027246641225,0.9543880597014925,0.3266559780818854,0.02304053620340602,0.0,0.0,0.0,-0.07816915422885583,0.0267329011475052,0.0018855934623574083
TRP 753,L TRP  25,0.0,0.0,0.0,-0.688865671641791,0.5710494719101203,0.04027872414501711,-1.3309850746268646,1.6143090152731487,0.11386457865639264,1.4366815920398006,1.5256519552853869,0.10761119179866459,0.0,0.0,0.0,-0.5831691542288548,0.6686966168724767,0.04716622270504782
LEU 754,L LEU  26,0.0,0.0,0.0,-0.10997512437810958,0.055685545505259594,0.003927755538882933,-1.1848606965174138,0.22804252570488115,0.016084879573525963,1.1695373134328368,0.22240161299645644,0.01568700026869312,0.0,0.0,0.0,-0.12529850746268725,0.056507124965809716,0.003985705285940782
VAL 755,L VAL  27,0.0,0.0,0.0,-0.024681592039801026,0.0039610176908216116,0.00027938864625593726,-0.9001094527363187,0.23228621040106143,0.01638420601307966,0.888592039800995,0.22759216106322913,0.016053113300973264,0.0,0.0,0.0,-0.03619900497512476,0.008181413166317113,0.0005770723908389588
LYS 756,L LYS  28,0.0,0.0,0.0,-0.026019900497512443,0.007951319674570603,0.0005608428472748591,-46.325915422885565,4.2268651495934355,0.2981400802091228,45.707104477611914,4.156839440412085,0.2932008475122773,0.0,0.0,0.0,-0.6448308457711457,0.1065960489675991,0.007518705580714448
GLY 757,L GLY  29,0.0,0.0,0.0,-0.005975124378109452,0.0022908813636548504,0.00016158631263061158,-0.46387562189054804,0.23031760345321828,0.016245351185078666,0.45686567164179087,0.22612851729492606,0.01594987582945813,0.0,0.0,0.0,-0.012985074626866341,0.005467659428063893,0.00038565896065927976
ARG 758,L ARG  30,0.0,0.0,0.0,-0.015467661691542258,0.00615554589606655,0.0004341787311006928,-47.053845771144275,3.8497558094161155,0.27154083822978264,46.39174626865671,3.7926393283471613,0.2675121522782569,0.0,0.0,0.0,-0.6775671641791037,0.09270740746790798,0.006539076341510556
GLY 759,L GLY  31,0.0,0.0,0.0,-0.002527363184079596,0.0008980340675638532,6.33424392447828e-05,41.02637313432835,2.3674165706483685,0.16698468990178242,-40.466338308457715,2.3351451284916447,0.16470843787751446,0.0,0.0,0.0,0.5575074626865667,0.06982402325070822,0.004925006868149587

Sidechain Energy Decomposition:
Residue,Location,Internal,,,van der Waals,,,Electrostatic,,,Polar Solvation,,,Non-Polar Solv.,,,TOTAL,,
,,Avg.,Std. Dev.,Std. Err. of Mean,Avg.,Std. Dev.,Std. Err. of Mean,Avg.,Std. Dev.,Std. Err. of Mean,Avg.,Std. Dev.,Std. Err. of Mean,Avg.,Std. Dev.,Std. Err. of Mean
TYR 509,R TYR 509,0.0,0.0,0.0,0.06257711442786058,0.8350361241470213,0.05889890692506577,-9.526721393034823,0.9472923298534134,0.06681684917985822,4.486562189054727,0.6875865914627641,0.04849861878114178,0.0,0.0,0.0,-4.977582089552238,0.59641413912723,0.042067809826947175
TRP 591,R TRP 591,0.0,0.0,0.0,-1.3655323383084579,0.19165975812512567,0.013518637013007675,0.9633432835820901,0.3724247649384588,0.02626881751865109,-0.4573532338308458,0.2073822380021875,0.014627615238178734,0.0,0.0,0.0,-0.8595422885572138,0.2760040908427382,0.019467827543496366
SER 592,R SER 592,0.0,0.0,0.0,-0.8063781094527361,0.7751161853647078,0.05467248031280372,-10.924383084577116,1.2390696829141168,0.08739723685867758,6.789283582089559,0.48046577130118623,0.033889442535741165,0.0,0.0,0.0,-4.941477611940299,0.7122716100713916,0.05023976574644011
TYR 593,R TYR 593,0.0,0.0,0.0,-1.9502437810945272,0.258157199349067,0.018209004876319858,-0.4805820895522388,0.16999720359892617,0.01199067822667241,0.7378606965174129,0.17821450124845645,0.012570281713802544,0.0,0.0,0.0,-1.6929651741293519,0.2854082243183593,0.02013114397529421
ASP 670,R ASP 670,0.0,0.0,0.0,-0.15074129353233826,0.028383001294893195,0.002001982552826183,4.67242786069652,1.2764032005475454,0.09003054015740944,-3.8126716417910465,1.5634211502905722,0.11027522540980618,0.0,0.0,0.0,0.7090149253731324,0.926455495880338,0.06534713223073
HIE 702,R HIE 702,0.0,0.0,0.0,-1.6397263681592031,0.5727244653280662,0.04039686907141113,-3.0808557213930348,0.6966626299577909,0.04913879317732488,2.4266119402985082,0.569452943955697,0.040166113745692296,0.0,0.0,0.0,-2.2939701492537306,0.6708106175971565,0.0473153328193553
HIE 729,L HIE   1,0.0,0.0,0.0,-4.5213482587064675,0.7057643033266816,0.049780775718097275,-10.208422885572135,2.5003028424082783,0.17635776482114707,12.494472636815928,2.373277568765466,0.16739809283442744,0.0,0.0,0.0,-2.2352985074626877,0.9011942548766309,0.06356534167141878
AIB 730,L AIB   2,0.0,0.0,0.0,-3.1252039800995046,0.40371936608405135,0.028476168490459808,-9.825980099502488,1.9136004900252306,0.13497497161441616,11.559447761194027,1.3200028149026095,0.09310581984125645,0.0,0.0,0.0,-1.3917363184079603,1.0859759098344097,0.07659883469297533
GLU 731,L GLU   3,0.0,0.0,0.0,-0.7388457711442784,1.0928259141789343,0.07708199674627761,67.26999004975124,4.48509576373237,0.31635426336545985,-65.62802487562193,4.184541282583455,0.29515478480495555,0.0,0.0,0.0,0.9031194029850729,1.1102358118355893,0.07830999624474445
GLY 732,L GLY   4,0.0,0.0,0.0,-0.7282686567164183,0.07078857500283255,0.00499304110311255,3.1851592039801013,0.11153748907880741,0.007867247892561309,-3.071442786069653,0.09736134654569276,0.0068673398940094065,0.0,0.0,0.0,-0.6145522388059702,0.09781665511238538,0.006899454884147357
THR 733,L THR   5,0.0,0.0,0.0,-4.35868656716418,0.6528906609783014,0.04605135653560673,-1.7315522388059703,1.5507209360166831,0.10937942136395093,4.5990099502487585,1.2984914131983027,0.09158852255294585,0.0,0.0,0.0,-1.491228855721393,1.0339561551195653,0.07292964410035982
PHE 734,L PHE   6,0.0,0.0,0.0,-6.792706467661693,0.5894473070335451,0.04157640737957681,-1.6445522388059706,0.43350635486566613,0.03057718068513393,3.500064676616915,0.24460755612503296,0.017253286731867802,0.0,0.0,0.0,-4.937194029850749,0.60840619382182,0.04291366414734374
THR 735,L THR   7,0.0,0.0,0.0,-4.138761194029848,1.0104633205001574,0.07127258731007077,-7.560651741293532,1.1778429259955876,0.08307863440210511,8.254432835820893,0.5411838200473399,0.03817216348439998,0.0,0.0,0.0,-3.444980099502489,0.9216714751264016,0.06500969342423345
SER 736,L SER   8,0.0,0.0,0.0,-2.4851194029850743,0.5674663473675511,0.04002599002629946,-8.772935323383082,0.7931945366247654,0.05594762889312706,9.095671641791046,0.5882364245657049,0.0414909983155757,0.0,0.0,0.0,-2.162383084577114,0.6589287307074111,0.04647724913677433
ASP 737,L ASP   9,0.0,0.0,0.0,-2.4537114427860693,0.8678490057805187,0.06121334914545322,54.68275621890551,4.2589637955972295,0.3004041441325001,-47.133144278606935,4.622902487296107,0.32607440019561185,0.0,0.0,0.0,5.095900497512437,3.2586279962524074,0.22984589708707243
VAL 738,L VAL  10,0.0,0.0,0.0,-2.206258706467661,0.42102006278795495,0.02969646554759958,-1.2136567164179095,0.18022558160770868,0.012712132385256335,1.324437810945274,0.15952263166434333,0.011251858887467056,0.0,0.0,0.0,-2.095477611940299,0.4151549141376099,0.029282769858911595
SER 739,L SER  11,0.0,0.0,0.0,-1.6392039800995022,0.47466701938057804,0.033480430111275904,-3.7089601990049745,0.8575435172561352,0.060486456030457714,5.364990049751247,1.06852916060589,0.07536823588504325,0.0,0.0,0.0,0.016825870646766234,1.0944797144309524,0.07719864682200428
SER 740,L SER  12,0.0,0.0,0.0,-1.8864378109452749,0.2945199777210294,0.020773837506830012,-3.1329552238805984,0.39410081921575624,0.02779772850401157,4.843955223880598,0.5288725292770984,0.03730379198736495,0.0,0.0,0.0,-0.17543781094527358,0.50458825869132,0.035590911608164674
TYR 741,L TYR  13,0.0,0.0,0.0,-6.530850746268655,0.8542890545176252,0.06025690392799939,-6.349910447761195,1.7234662204046454,0.12156393426428053,7.777746268656715,0.9115061617367739,0.06429268750091319,0.0,0.0,0.0,-5.103014925373135,0.9269960068911548,0.0653852569379103
LEU 742,L LEU  14,0.0,0.0,0.0,-5.441154228855719,0.4405408267057252,0.031073354072360573,-1.8449751243781094,0.20338577998622673,0.014345726824126647,2.0194328358208957,0.15046037714615645,0.010612656738047269,0.0,0.0,0.0,-5.266696517412936,0.4454574622614366,0.03142014680576013
GLU 743,L GLU  15,0.0,0.0,0.0,-3.7456616915422893,1.047254679225313,0.07386764966789772,58.89902487562189,7.062444551228806,0.49814643014536836,-46.31094527363183,4.903083062157764,0.345836814208353,0.0,0.0,0.0,8.842417910447763,4.138729421976735,0.29192346530162805
GLY 744,L GLY  16,0.0,0.0,0.0,-0.6120696517412938,0.08532481178908818,0.006018348191939339,1.93641791044776,0.09362704927443219,0.00660394287314977,-1.893149253731343,0.09718228045160048,0.006854709545567715,0.0,0.0,0.0,-0.5688009950248755,0.09773479293605539,0.006893680771429457
GLN 745,L GLN  17,0.0,0.0,0.0,-4.582348258706466,0.7107660908694269,0.05013357460957043,-3.525641791044774,1.9433677956319262,0.13707459546497675,5.630472636815921,2.0013654419760045,0.14116543402286807,0.0,0.0,0.0,-2.477517412935322,1.2475055552554881,0.08799225741587048
ALA 746,L ALA  18,0.0,0.0,0.0,-1.4039651741293535,0.30618000068098616,0.02159627211439162,-2.1667412935323385,0.1892205082242682,0.01334658559065234,2.264587064676617,0.17002365545642872,0.011992543996844483,0.0,0.0,0.0,-1.3061194029850745,0.31338883652318605,0.022104744190065626
ALA 747,L ALA  19,0.0,0.0,0.0,-0.5843781094527363,0.12442043279911236,0.008775940679808324,-2.4464676616915417,0.18660160610776194,0.013161862478028292,2.437537313432836,0.1886376131772694,0.013305471344061712,0.0,0.0,0.0,-0.593308457711443,0.12692625029143573,0.008952687418043531
LYS 748,L LYS  20,0.0,0.0,0.0,-1.0873582089552238,0.36759167949046906,0.025927917955470135,-52.69427860696519,6.077202566708131,0.4286528187112201,52.719378109452734,6.4825594122732095,0.45724448609898,0.0,0.0,0.0,-1.0622587064676612,0.6303990465939711,0.044464920375649766
GLU 749,L GLU  21,0.0,0.0,0.0,-2.333890547263683,0.47755748575348633,0.033684307889667656,42.39258208955222,7.095945425177164,0.500509399602059,-40.812268656716405,6.748066800922676,0.4759719333551766,0.0,0.0,0.0,-0.7535771144278606,0.8580191031479418,0.06052000127283272
PHE 750,L PHE  22,0.0,0.0,0.0,241.72834328358206,8.505553776289021,0.5999355066555006,-2.8160845771144274,0.4816193639713745,0.033970810688981556,4.19892537313433,0.30584992808637057,0.021572990588638905,0.0,0.0,0.0,243.11118407960194,8.518744104934774,0.6008658807037022
ILE 751,L ILE  23,0.0,0.0,0.0,-0.4079054726368158,0.2207962884987575,0.015573769409044884,-2.0439253731343294,0.15735335715496676,0.0110988500609888,2.0297164179104468,0.16472544375417253,0.011618836957236771,0.0,0.0,0.0,-0.42211442786069653,0.21038333135076318,0.014839296041798759
ALA 752,L ALA  24,0.0,0.0,0.0,-0.036771144278606956,0.0063900858521687975,0.0004507219040787316,-1.8023532338308448,0.13249496226974952,0.009345474076031821,1.7781641791044775,0.1302483579042755,0.009187010822056233,0.0,0.0,0.0,-0.06096019900497523,0.006863154776976437,0.00048408961328993256
TRP 753,L TRP  25,0.0,0.0,0.0,-0.6511691542288561,0.559691227280104,0.039477575339653966,-0.9510447761194029,1.53389925949966,0.10819291178568356,1.0498656716417907,1.4380878220560607,0.10143489405068824,0.0,0.0,0.0,-0.5523482587064681,0.6816664816086451,0.04808104642804136
LEU 754,L LEU  26,0.0,0.0,0.0,-0.08916417910447755,0.05034970157018543,0.0035513941262319076,-1.2736467661691542,0.11390333512774603,0.008034121806402833,1.254965174129354,0.11208092217463196,0.00790557870772654,0.0,0.0,0.0,-0.10784577114427864,0.04993190481979133,0.003521925015610863
VAL 755,L VAL  27,0.0,0.0,0.0,-0.016293532338308464,0.00296050418594941,0.00020881786482904448,-1.0130895522388061,0.06830697421687491,0.004818002479643903,0.9989800995024879,0.06724181950644309,0.004742872259122481,0.0,0.0,0.0,-0.030402985074626777,0.0038994566587679477,0.000275046465849259
LYS 756,L LYS  28,0.0,0.0,0.0,-0.020084577114427873,0.007093393390775146,0.0005003293929743606,-36.29537313432834,3.823126806969118,0.2696625732167149,35.81194029850746,3.7606265642362713,0.26525414599654373,0.0,0.0,0.0,-0.5035174129353233,0.08975156948016344,0.006330587604926165
GLY 757,L GLY  29,0.0,0.0,0.0,-0.001562189054726367,0.0007900898519842907,5.572864132314883e-05,1.0625472636815927,0.0549479084384893,0.0038757266317688104,-1.0482537313432845,0.05411991750870943,0.003817324654539719,0.0,0.0,0.0,0.012731343283582061,0.0023494389478593935,0.00016571664616000611
ARG 758,L ARG  30,0.0,0.0,0.0,-0.013049751243781089,0.005845227030885798,0.0004122905259933469,-37.14435820895522,3.539913937881282,0.24968627766013085,36.61847761194029,3.487024736531348,0.245955761030287,0.0,0.0,0.0,-0.538930348258709,0.07853462097013712,0.005539405059440295
GLY 759,L GLY  31,0.0,0.0,0.0,-0.0004278606965174132,0.0005047238548446725,3.5600475823394125e-05,10.321761194029856,0.58330347842843,0.041143055122456355,-10.180960199004973,0.5750763292690916,0.040562756763400945,0.0,0.0,0.0,0.1403731343283583,0.017951429068430298,0.0012661961791813911

Backbone Energy Decomposition:
Residue,Location,Internal,,,van der Waals,,,Electrostatic,,,Polar Solvation,,,Non-Polar Solv.,,,TOTAL,,
,,Avg.,Std. Dev.,Std. Err. of Mean,Avg.,Std. Dev.,Std. Err. of Mean,Avg.,Std. Dev.,Std. Err. of Mean,Avg.,Std. Dev.,Std. Err. of Mean,Avg.,Std. Dev.,Std. Err. of Mean
TYR 509,R TYR 509,0.0,0.0,0.0,-0.06316915422885576,0.006171773637450799,0.0004353233477247595,0.7629701492537311,0.11729721192276549,0.008273507418215954,-0.7085820895522391,0.11923601945692268,0.008410260357637093,0.0,0.0,0.0,-0.008781094527363809,0.08654295710037722,0.006104269537418982
TRP 591,R TRP 591,0.0,0.0,0.0,-0.4694875621890547,0.06685799233325214,0.004715799177736717,0.5885522388059703,0.2863273854335564,0.020195976601581407,-0.19953731343283584,0.38685834996296253,0.027286884110466696,0.0,0.0,0.0,-0.08047263681592066,0.370310197383331,0.02611966742320647
SER 592,R SER 592,0.0,0.0,0.0,-1.349323383084577,0.5997741862800183,0.042304809279776916,-3.5890597014925376,0.6986572312543441,0.049279481505315845,4.876865671641791,0.3813781853545598,0.026900343102394662,0.0,0.0,0.0,-0.061517412935323576,0.7771852394783101,0.05481842013760408
TYR 593,R TYR 593,0.0,0.0,0.0,-1.3692587064676622,0.2161417738529373,0.015245465259106994,0.7856019900497514,0.2874253713151316,0.020273422554365775,0.5135422885572141,0.31840854174387156,0.02245880689709693,0.0,0.0,0.0,-0.07011442786069681,0.4019250837854184,0.028349609575164466
ASP 670,R ASP 670,0.0,0.0,0.0,-0.02092537313432837,0.0033022535626620188,0.00023292300728770918,1.3753880597014927,0.1701882442015112,0.012004153191820844,-1.3560945273631837,0.16690133534874957,0.01177231251691862,0.0,0.0,0.0,-0.0016318407960204278,0.035442950882485336,0.002499953001805267
HIE 702,R HIE 702,0.0,0.0,0.0,-0.08538308457711442,0.012112142356967212,0.0008543246510142052,0.6018407960198995,0.14442107633897713,0.010186677303327746,-0.6079502487562186,0.13642466443829898,0.009622653895653461,0.0,0.0,0.0,-0.09149253731343422,0.04941600435685659,0.0034855362026358187
HIE 729,L HIE   1,0.0,0.0,0.0,-0.6969701492537308,1.0726913375135434,0.07566181320846738,-170.43894029850756,9.44324552398445,0.6660751829818763,169.80017910447765,6.6170067016211735,0.46672766670954585,0.0,0.0,0.0,-1.3357313432835836,3.990007503510777,0.2814334299844237
AIB 730,L AIB   2,0.0,0.0,0.0,0.0,0.0,0.0,0.0,0.0,0.0,0.0,0.0,0.0,0.0,0.0,0.0,0.0,0.0,0.0
GLU 731,L GLU   3,0.0,0.0,0.0,-1.3748557213930357,0.15656986767027856,0.011043586973679187,23.69973134328357,1.2056731063050052,0.08504162396908531,-21.275203980099512,1.272468261217054,0.08975299093686626,0.0,0.0,0.0,1.0496716417910434,0.8430936585317852,0.05946724158035808
GLY 732,L GLY   4,0.0,0.0,0.0,-2.0341343283582085,0.5768454157720119,0.04068753850429189,-7.147517412935323,1.0020466622759698,0.07067892201220968,8.69896019900498,0.6726470013800537,0.04744486134438534,0.0,0.0,0.0,-0.482691542288558,0.8202338486952259,0.05785483491560024
THR 733,L THR   5,0.0,0.0,0.0,-2.3099054726368164,0.2060244539895452,0.01453184453811872,-1.8524726368159201,0.636704114835356,0.044909645599824785,2.625343283582089,0.5691287017637677,0.04014324346483693,0.0,0.0,0.0,-1.5370348258706463,0.6720290607471157,0.04740127517275496
PHE 734,L PHE   6,0.0,0.0,0.0,-2.3239800995024877,0.19782111523752902,0.013953225635704964,-0.8864875621890551,0.49462088712932817,0.03488786742487622,3.391064676616914,0.7169949317361693,0.050572923169294196,0.0,0.0,0.0,0.18059701492537253,0.8350183075366893,0.05889765023826705
THR 735,L THR   7,0.0,0.0,0.0,-1.9043781094527357,0.5045338287929022,0.03558707241914262,-3.859328358208954,0.6396012452125244,0.045113993420835434,3.956781094527363,0.7654478621645756,0.053990529374612004,0.0,0.0,0.0,-1.8069253731343278,0.71604475346042,0.05050590276118581
SER 736,L SER   8,0.0,0.0,0.0,-1.5908805970149262,0.14129136358785657,0.009965924386537782,0.07854726368159205,0.4700085624338872,0.03315184789287446,-0.016791044776119406,0.4514594422309775,0.03184349383155881,0.0,0.0,0.0,-1.5291243781094523,0.4509399353861957,0.03180685064402127
ASP 737,L ASP   9,0.0,0.0,0.0,-1.13271144278607,0.233437296636808,0.016465397376065564,14.147149253731333,0.7912618410530301,0.05581130705829578,-12.931761194029853,0.8810062274595027,0.06214138800826833,0.0,0.0,0.0,0.08267661691542261,0.55072241104784,0.038844963818767085
VAL 738,L VAL  10,0.0,0.0,0.0,-0.9993631840796017,0.1177809013980658,0.008307624243299956,0.794154228855722,0.6499816232339338,0.04584616883367104,0.24954726368159202,0.6964001673174526,0.04912028049005595,0.0,0.0,0.0,0.04433830845771243,0.5732418979864328,0.040433365957119216
SER 739,L SER  11,0.0,0.0,0.0,-1.1296865671641787,0.14315807728937824,0.01009759221908093,1.648656716417911,0.39780005298689913,0.02805865233626274,-0.5381691542288555,0.5126717076693023,0.03616107413792832,0.0,0.0,0.0,-0.019199004975123824,0.4462447850207479,0.03147568027141472
SER 740,L SER  12,0.0,0.0,0.0,-1.1387412935323378,0.11203505464351338,0.007902343461528065,2.4868258706467676,0.286856048506104,0.020233265619630188,-1.2646666666666673,0.5642933355010294,0.03980218302538762,0.0,0.0,0.0,0.08341791044776131,0.5290384542236746,0.03731549543072786
TYR 741,L TYR  13,0.0,0.0,0.0,-1.75065671641791,0.27031716504612024,0.019066702725660602,-2.1542288557213927,1.0059515963960295,0.07095435482838974,1.9477512437810944,0.6533196499310371,0.04608161508331312,0.0,0.0,0.0,-1.9571343283582072,0.8151132124558393,0.05749365308341445
LEU 742,L LEU  14,0.0,0.0,0.0,-1.8260995024875615,0.27706720999692064,0.019542814186950155,1.8661691542288548,0.5096659048542758,0.035949061154156886,-0.6361243781094531,0.5988455306710676,0.042239306963535325,0.0,0.0,0.0,-0.5960547263681603,0.4834624826492762,0.03410081425687806
GLU 743,L GLU  15,0.0,0.0,0.0,-1.9838706467661689,0.21394053012909536,0.015090201498102177,14.234701492537315,1.1221073859128519,0.07914735251761823,-11.372199004975124,1.0160203900679585,0.07166455277573774,0.0,0.0,0.0,0.8786318407960193,0.8193076884415258,0.05778950860814726
GLY 744,L GLY  16,0.0,0.0,0.0,-2.3715621890547265,0.4122589720829269,0.029078505855706472,-0.094880597014926,0.5342622156733162,0.037683951154407445,4.001502487562189,0.8383476174032761,0.05913248165009023,0.0,0.0,0.0,1.535059701492536,0.8180995246647139,0.05770429130582591
GLN 745,L GLN  17,0.0,0.0,0.0,-2.20723880597015,0.42837072181700014,0.030214941059580423,-2.2274527363184076,0.8105939650184647,0.0571748899467212,4.225432835820895,0.8579196907273662,0.060512989261331224,0.0,0.0,0.0,-0.2092587064676618,0.716232287243369,0.05051913037434865
ALA 746,L ALA  18,0.0,0.0,0.0,-1.65318407960199,0.17725325768087155,0.012502480820185716,-0.6390746268656714,0.4742312862293997,0.033449695864489114,1.4397711442786068,0.6616468578784916,0.04666897104512111,0.0,0.0,0.0,-0.852487562189055,0.6187689038025127,0.04364459335267331
ALA 747,L ALA  19,0.0,0.0,0.0,-0.6063681592039797,0.18218661850226112,0.012850453262867286,-0.019353233830845775,0.4176299745275369,0.029457347158413624,0.2515223880597014,0.398940700273356,0.028139107392537072,0.0,0.0,0.0,-0.37419900497512465,0.3222189240623303,0.02272757054340393
LYS 748,L LYS  20,0.0,0.0,0.0,-0.2535920398009952,0.3679710846528775,0.025954679132264027,-18.411437810945273,1.1796345489251776,0.08320500573997092,17.529487562189065,1.0836383440937565,0.07643395551828022,0.0,0.0,0.0,-1.1355422885572142,0.4224872919902689,0.029799955916130764
GLU 749,L GLU  21,0.0,0.0,0.0,-0.3876766169154226,0.5510833382276559,0.03887042165915981,1.4723184079601983,4.009048610866174,0.28277648614384593,-2.060373134328359,2.946344709861353,0.20781913239088792,0.0,0.0,0.0,-0.9757313432835837,1.176129814586337,0.08295780083990589
PHE 750,L PHE  22,0.0,0.0,0.0,-0.482004975124378,0.061594767619772804,0.0043445599300435895,-1.4580696517412934,0.5476407337462091,0.03862759906134745,1.509557213930348,0.5044547896355713,0.03558149742683217,0.0,0.0,0.0,-0.4305174129353231,0.15899476178133615,0.011214625816694766
ILE 751,L ILE  23,0.0,0.0,0.0,-0.09954228855721389,0.016850216726135615,0.0011885226494046978,-0.18646766169154189,0.32127093725294836,0.022660704709414996,0.24086069651741282,0.32961228618106,0.023249058099094028,0.0,0.0,0.0,-0.04514925373134347,0.04930348308909571,0.00347759956434522
ALA 752,L ALA  24,0.0,0.0,0.0,-0.039611940298507446,0.00614409531017514,0.000433371069044941,0.845995024875622,0.24103513291350623,0.017001307426843613,-0.8238457711442786,0.23362128875964822,0.01647837517978535,0.0,0.0,0.0,-0.0174626865671637,0.024013881780242087,0.0016938086233440426
TRP 753,L TRP  25,0.0,0.0,0.0,-0.03780597014925371,0.014924592019361272,0.0010526995549334697,-0.3799950248756211,0.28979679786852425,0.020440690086642396,0.3868457711442786,0.26672739562452935,0.018813499913314363,0.0,0.0,0.0,-0.030955223880596495,0.06306044628486573,0.004447940932111667
LEU 754,L LEU  26,0.0,0.0,0.0,-0.020825870646766168,0.006805362778752643,0.00048001328003204643,0.08890049751243774,0.1975336738085683,0.013932951080531606,-0.08537810945273627,0.19213541120059544,0.0135521869941529,0.0,0.0,0.0,-0.01730348258706422,0.013478652286989861,0.0009507108298310768
VAL 755,L VAL  27,0.0,0.0,0.0,-0.008432835820895533,0.001481802189654226,0.00010451826780422795,0.11294029850746226,0.1972986634645204,0.013916374728946046,-0.11037810945273636,0.1933963432706412,0.013641126284903129,0.0,0.0,0.0,-0.005870646766169904,0.006325592342790399,0.00044617288266959274
LYS 756,L LYS  28,0.0,0.0,0.0,-0.005865671641791017,0.001280106366709944,9.02917413591538e-05,-10.030537313432838,0.622943685795385,0.04393905977025709,9.895129353233832,0.6119635172556436,0.04316457839616759,0.0,0.0,0.0,-0.14127363184079653,0.02047932463622894,0.0014445001847909066
GLY 757,L GLY  29,0.0,0.0,0.0,-0.004457711442786067,0.001701463442770069,0.00012001197799015452,-1.5263980099502479,0.24868768160308555,0.017541076593677537,1.505099502487562,0.2441454791202941,0.017220694332919638,0.0,0.0,0.0,-0.02575621890547246,0.006052446866062977,0.00042690668621946337
ARG 758,L ARG  30,0.0,0.0,0.0,-0.0024129353233830783,0.0007008394687737471,4.943340467202315e-05,-9.909532338308452,0.5817062227202021,0.04103039339133599,9.773303482587067,0.5731238241850709,0.04042503767330538,0.0,0.0,0.0,-0.13864179104477645,0.018187553690092645,0.0012828511258499717
GLY 759,L GLY  31,0.0,0.0,0.0,-0.002009950248756218,0.0007464013149090421,5.264708951421859e-05,30.704676616915428,1.8686366035481046,0.13180346359455572,-30.285348258706474,1.8429632525790827,0.12999260503951585,0.0,0.0,0.0,0.4173184079601998,0.052641168739130204,0.0037130217583818182

