#Frame    epair[bond] epair[angle]   epair[dih] epair[vdw14] epair[elec14]   epair[vdw]  epair[elec] epair[total]
       1    1034.1133      52.7785       8.0704       3.1181       81.6638     496.4958      -9.9435    1666.2965
       2    1059.5886      51.9612      11.3902       3.5077       83.9173     472.9384     -13.2288    1670.0748
       3    1065.0891      59.6224      12.8595       3.2923       81.1794     461.4330     -12.5819    1670.8938
       4    1056.8453      50.9287       9.3489       3.8980       80.9769     475.6275      -9.9794    1667.6458
       5    1000.4274      67.1876       9.3734       3.1683       83.7829     523.4069     -13.4806    1673.8659
       6    1009.0566      54.9120      10.7173       4.0176       80.2256     530.7561      -7.9913    1681.6940
       7    1078.9992      56.9939       9.0682       2.6334       83.3966     454.9281     -10.1097    1675.9098
       8    1012.9122      54.4817       6.3322       3.2088       82.3253     517.7489     -12.2404    1664.7688
       9    1020.4459      61.5578       9.9424       3.7503       82.2566     495.4913     -10.3682    1663.0762
      10    1035.1917      58.2574      10.3995       2.0533       82.3475     495.1469     -10.3829    1673.0134
      11    1054.6389      56.1668       7.7794       2.0234       82.2650     486.5763     -14.5036    1674.9463
      12    1048.8112      56.2541       8.2296       2.2630       83.3856     477.8725     -12.4415    1664.3745
      13    1044.0169      53.6380       9.4098       3.4385       80.4495     490.0290      -8.0344    1672.9473
      14    1048.4117      54.3994       7.2301       3.9852       83.1203     476.1930     -12.4555    1660.8842
      15    1054.5735      52.7040       9.8770       2.9945       82.9845     478.4627     -11.3945    1670.2017
      16    1052.2049      54.1080       8.8723       1.9776       81.2336     481.3535     -10.8066    1668.9433
      17    1020.1769      56.2691       8.4658       2.3535       83.4093     507.9741     -15.8758    1662.7729
      18    1089.8675      53.7401      12.7024       1.9023       82.4437     448.7850     -13.5247    1675.9163
      19    1035.2730      46.6726       8.4425       1.5953       85.0366     500.9198     -13.9253    1664.0144
      20    1078.7330      53.6738       9.3769       3.0055       84.5711     452.4414     -14.5418    1667.2598
      21    1046.8122      55.1508       8.8396       1.7980       83.1385     491.5727     -15.3442    1671.9676
      22    1052.9616      57.3524      10.9612       4.8048       83.6346     476.1882     -12.9505    1672.9525
      23    1037.3665      58.6396       7.7102       2.5760       79.9803     493.7521      -9.9142    1670.1105
      24    1032.0737      52.5934       9.6438       2.6133       87.2600     499.0043     -12.5133    1670.6752
      25     996.9554      61.3001       9.1940       3.9840       84.4964     533.0257     -13.8451    1675.1104
      26    1039.8030      51.8511       8.8931       2.8911       83.9335     485.5723     -12.4601    1660.4840
      27    1051.9912      52.4959       8.6797       4.1049       86.3137     476.6376     -12.0974    1668.1255
      28    1085.3134      60.4263       8.3078       2.2875       84.4252     444.7577     -13.1074    1672.4104
      29    1041.1373      50.9593       7.6551       1.6595       81.2219     496.1892     -11.7719    1667.0504
      30    1027.4096      58.9100      10.3958       2.8210       87.1361     497.9889     -17.4230    1667.2384
      31    1049.7760      55.4456       8.1586       3.2921       87.9656     482.3933     -17.3309    1669.7004
      32    1038.0054      53.3772       8.7525       2.4790       85.9179     499.2386     -15.9539    1671.8167
      33    1067.9921      45.8280       9.4767       2.6955       85.3951     466.9234     -13.7005    1664.6104
      34    1049.2877      56.5618       8.2197       3.3529       84.6083     480.3993     -13.8463    1668.5835
      35    1046.5590      64.6545      10.1321       2.7279       84.3667     480.0015     -13.4288    1675.0129
      36    1078.2182      53.2813      11.1256       4.2046       86.8064     453.8709     -15.2564    1672.2506
      37    1013.0964      64.3428       9.1597       2.9511       82.1077     507.6992     -10.6408    1668.7162
      38    1078.1332      53.0920       8.1807       2.0752       85.5722     456.3115     -13.7470    1669.6179
      39    1027.5057      53.6186       8.8798       3.4358       86.8013     505.3408     -13.5334    1672.0486
      40    1047.8156      63.6702      12.0267       2.6624       88.7772     478.4208     -17.0412    1676.3317
      41    1060.0642      60.3600      11.6863       3.0862       84.3914     468.3130     -14.8356    1673.0655
      42    1040.9307      72.1557      11.5559       5.2729       85.2503     482.2967     -16.9500    1680.5123
      43    1017.6470      56.9734       8.2407       2.9649       82.3793     511.8612     -12.4205    1667.6460
      44    1054.7253      55.7920       7.9036       2.3943       81.6575     473.6158      -9.8838    1666.2047
      45    1026.3111      65.4373      10.7049       2.9762       85.7361     494.4105     -16.3546    1669.2215
      46    1035.7583      53.5069       9.7735       3.7447       84.2111     497.4767     -16.8421    1667.6291
      47    1045.0084      51.4698       8.7497       2.1094       83.4274     486.6600     -15.3138    1662.1110
      48    1036.1934      66.4702       9.9485       4.6204       82.9446     486.6712     -14.8686    1671.9797
      49    1048.6599      53.2426      10.0371       2.4995       84.9092     486.0753     -17.1177    1668.3059
      50    1062.1135      58.0306       9.4927       2.3891       80.5474     468.0641     -10.5808    1670.0565
      51    1044.2823      55.6186       9.2325       2.9528       81.9262     484.4975     -11.8236    1666.6862
      52    1079.3923      56.8318       8.8835       2.8248       81.4057     449.8113     -10.6224    1668.5271
      53    1036.1304      54.3477       8.5317       4.3009       84.1382     493.6766     -11.7551    1669.3703
      54    1038.9485      59.9801       9.3249       3.0376       81.0994     484.3500      -8.7335    1668.0069
      55    1032.8160      59.1685       9.0154       3.0526       83.3647     500.1400     -11.4398    1676.1174
      56    1052.0371      50.6158       9.7011       3.5659       82.3399     480.3917     -12.2926    1666.3588
      57    1007.4336      55.9142       8.6832       2.8837       81.8952     526.6372     -11.2349    1672.2122
      58    1042.9366      59.9551       7.6470       3.3507       81.1634     483.2298     -10.8318    1667.4509
      59    1027.0149      54.8448       7.4936       3.5000       79.5398     501.8611      -9.3026    1664.9516
      60    1043.4943      50.2769      10.0784       2.5153       90.2388     486.8857     -18.6258    1664.8635
      61    1053.7901      59.7830       8.9496       3.7733       81.7246     476.2809      -9.6230    1674.6787
      62    1044.7805      52.3808       8.3466       1.8933       87.4532     491.9240     -15.2749    1671.5035
      63    1072.9746      53.9002       7.6591       2.6981       82.4878     457.7105     -12.9369    1664.4935
      64    1045.5733      60.5984       7.8891       3.9507       81.3265     476.7660      -9.8367    1666.2674
      65    1056.4807      58.2960       9.0117       4.1515       83.8068     465.0861     -13.8076    1663.0253
      66    1048.0833      66.1987       7.7473       2.9894       81.9428     477.6643     -13.1640    1671.4619
      67    1038.5184      62.1905       8.5919       4.0903       86.1885     490.4253     -13.7721    1676.2328
      68    1061.3655      52.2524       9.7384       2.0858       82.6028     474.5194     -11.9721    1670.5922
      69    1057.1798      48.8912       9.1472       4.2618       83.1355     475.6862     -12.3065    1665.9951
      70    1018.5886      54.4673      12.2872       3.1139       85.3814     515.5824     -15.7306    1673.6901
      71    1047.6880      52.1663       7.8908       3.0486       86.1401     479.4333     -13.6986    1662.6684
      72    1047.3142      52.9153       7.2643       2.3011       83.3509     486.4668     -12.8272    1666.7854
      73    1067.1199      49.2508       8.8293       3.5035       85.4881     463.6855     -12.6469    1665.2303
      74    1043.9649      54.5294       5.9121       3.4209       86.9385     481.1983     -14.8821    1661.0820
      75    1070.8993      54.1042       9.9972       2.9896       83.2732     462.8343     -13.4496    1670.6481
      76    1036.3702      46.5806       9.0721       3.0702       86.2233     492.5154     -12.1243    1661.7074
      77    1064.6779      55.7535      10.2962       3.1037       89.1849     464.5713     -19.2318    1668.3557
      78    1037.8362      54.9130       7.9793       3.7694       87.1180     491.9353     -14.2306    1669.3205
      79    1063.7469      63.4823       8.2851       3.3948       85.1555     463.6976     -16.0689    1671.6933
      80    1059.4260      54.1278      11.2745       2.8585       85.4965     480.3601     -13.4145    1680.1289
      81    1038.0972      57.0241      10.0810       4.4150       83.3580     489.9125     -14.0680    1668.8199
      82    1063.3630      51.5712       8.5447       4.5126       83.8048     470.9080     -13.7366    1668.9676
      83    1036.3358      64.4402       8.8333       5.4584       86.8467     486.7968     -15.8046    1672.9065
      84    1058.7273      58.7830      13.9549       4.4715       81.9472     472.8397     -13.0182    1677.7055
      85    1056.1156      53.4233      12.0835       3.6501       88.8011     472.1208     -16.3962    1669.7981
      86    1030.7425      57.5690      11.5277       1.7947       89.2183     499.7409     -17.3194    1673.2736
      87    1032.3448      66.8364      10.7653       2.7764       84.4335     492.6875     -15.1421    1674.7018
      88    1030.2166      57.4203      10.1902       2.9017       85.1621     493.9737     -12.6710    1667.1936
      89    1036.8176      60.7762      10.0771       3.8936       83.5598     484.2881     -11.9360    1667.4764
      90    1017.4637      59.2944       9.1069       5.0291       83.9702     506.1847     -13.3921    1667.6568
      91    1029.7968      54.3497       9.0161       3.5073       84.5334     499.8416     -14.0883    1666.9567
      92    1021.2393      56.3529      13.0263       3.4976       82.7298     507.7877     -11.4425    1673.1912
      93    1029.1992      53.7825      13.7798       2.7433       86.2623     502.3374     -15.2855    1672.8192
      94    1044.0718      51.4960      10.5085       4.3396       85.9216     484.7210     -15.0137    1666.0449
      95    1025.1067      64.1669      10.7773       2.7022       83.1824     497.7634     -15.5803    1668.1186
      96    1009.1353      62.6674       8.5362       3.2976       83.2106     514.8636     -15.9777    1665.7329
      97    1062.0500      49.4031      10.2837       2.4343       83.9012     473.1902     -12.2920    1668.9706
      98    1031.5154      61.2759       9.6068       2.5398       89.5981     489.3395     -18.5327    1665.3428
      99    1052.9451      57.1531      11.9804       3.9227       88.1840     475.3067     -15.2084    1674.2837
     100    1047.0970      54.0055      14.0778       2.6381       90.1304     486.7004     -17.0429    1677.6063
     101    1039.2948      59.2279       9.1541       3.3362       89.2057     481.1033     -18.9026    1662.4195
     102    1048.1503      52.2168       8.5427       3.4692       83.7691     483.0599     -12.7394    1666.4686
     103    1075.6470      47.7810      11.7427       3.4528       85.0776     458.7668     -16.3145    1666.1534
     104    1083.3087      52.4389       9.8324       2.0725       87.3805     462.9804     -17.6513    1680.3623
     105    1054.4915      58.8061       8.5132       2.5625       84.3190     471.3431     -12.8891    1667.1463
     106    1018.2118      52.3224       7.9743       2.0829       85.5947     511.9676     -12.8985    1665.2552
     107    1038.2174      53.4752       8.8146       2.0926       81.1479     501.5795     -10.8822    1674.4451
     108    1042.4570      55.8275       7.9252       3.4704       81.0286     484.0395     -10.2437    1664.5044
     109    1062.3700      52.9631       9.1759       2.6159       81.2213     471.5445     -12.8709    1667.0198
     110    1062.0306      61.3510      13.4155       3.6126       83.7020     466.9534     -14.3109    1676.7541
     111    1054.3779      45.0775      10.4768       1.6135       85.8769     484.0479     -15.6988    1665.7717
     112    1025.3345      54.4725      11.1619       4.1334       86.9737     503.4882     -16.4580    1669.1061
     113    1039.7965      52.4469       6.5684       2.7684       86.0524     488.8748     -12.9746    1663.5329
     114    1037.9722      55.6307       9.7335       3.1662       85.6605     486.8624     -16.4081    1662.6174
     115    1035.4465      60.5510       9.4113       3.9350       85.5329     487.1389     -14.5880    1667.4276
     116    1036.1019      54.4593       9.6143       2.9331       83.9261     492.7231     -12.4202    1667.3376
     117    1070.4085      53.5884       7.0278       2.7693       86.1347     456.3428     -15.1762    1661.0953
     118    1055.9301      56.1369      10.9068       2.3690       83.0021     470.5688     -11.9440    1666.9698
     119    1025.2173      58.1568      10.3309       5.0324       83.0339     499.9479     -13.9904    1667.7288
     120    1051.3271      53.6027      10.7362       2.3716       86.0861     477.9333     -15.0911    1666.9660
     121    1038.5579      64.1391      10.7709       4.0545       82.7000     485.7135     -13.3875    1672.5483
     122    1041.8770      56.2054       8.2946       4.0033       83.1317     483.8252     -11.0611    1666.2761
     123    1056.9401      68.2513      10.2364       2.5030       84.9348     464.8164     -13.6263    1674.0556
     124    1030.2104      51.5371       8.9691       2.7161       88.4238     498.7636     -14.8666    1665.7536
     125    1024.4844      58.7137       8.7185       3.5101       84.1442     500.9194     -14.6773    1665.8131
     126    1050.1421      53.0763       7.7645       2.7586       83.3832     483.2310     -14.6289    1665.7266
     127    1032.8490      51.1998      11.6557       1.4405       86.0646     502.0116     -16.4638    1668.7575
     128    1059.6162      50.9572      12.8489       2.8180       88.5517     476.9882     -15.4810    1676.2992
     129    1032.9366      59.1746       7.6674       2.8392       79.9183     497.4494     -10.8468    1669.1386
     130    1040.0308      56.1334      10.3522       3.7413       81.3436     486.6028      -8.8674    1669.3368
     131    1044.8089      62.2463      10.7398       3.1348       87.7836     482.2242     -18.0060    1672.9316
     132    1049.4115      54.0783       7.7815       2.5498       86.7029     478.2497     -11.4933    1667.2803
     133    1066.9175      59.6460      11.4962       3.6820       85.8901     456.9321     -14.5251    1670.0389
     134    1061.6148      47.8715      10.2005       3.6485       85.9561     482.3218     -15.3410    1676.2723
     135    1020.9569      51.2835       7.3918       3.1465       88.3928     508.2957     -14.5798    1664.8873
     136    1034.8888      60.1438      13.2906       4.0548       82.4236     489.3785      -9.7368    1674.4433
     137    1069.4290      49.9609      11.9892       5.3270       84.6770     456.5949     -13.5316    1664.4464
     138    1048.4794      55.0103      12.6235       3.9393       88.3686     480.7394     -17.7978    1671.3627
     139    1053.7679      49.8677       9.0389       3.0992       86.4814     482.5119     -17.0482    1667.7188
     140    1044.6913      53.6255       9.8956       3.5962       86.4774     489.5140     -17.3605    1670.4395
     141    1032.0292      53.2118       9.6506       3.6094       84.6825     499.2187     -15.9545    1666.4476
     142    1019.7173      55.3284       8.8523       1.8412       85.2687     509.6829     -15.6066    1665.0842
     143    1016.5465      66.7610       8.9698       2.0103       86.6349     506.7860     -15.4671    1672.2414
     144    1057.9655      54.9964      10.6359       2.8985       86.7865     472.6966     -14.8346    1671.1447
     145    1034.3858      49.8111       7.4436       1.9366       86.2733     499.5955     -12.4375    1667.0084
     146    1015.2630      49.3791       7.8027       2.2061       87.2353     515.4436     -15.4695    1661.8603
     147    1034.8742      53.6601       9.1098       2.9781       82.9810     497.3765     -11.3358    1669.6439
     148    1044.9036      51.7922      10.4774       4.3382       85.1847     486.1751     -12.8980    1669.9732
     149    1022.7102      53.9616      11.6825       3.9992       85.4196     510.5408     -11.9313    1676.3825
     150    1030.4609      53.2282       8.1416       3.2286       82.4691     502.1758     -10.7208    1668.9834
     151    1060.5528      62.3242      11.1799       2.6362       84.5729     469.5635     -15.7778    1675.0517
     152    1018.9586      51.5549      12.0883       4.3993       86.8326     513.2006     -16.2810    1670.7533
     153    1030.6321      52.8622      10.6765       2.6927       87.7529     494.1504     -15.5768    1663.1901
     154    1059.5381      50.1755       9.3601       1.8408       89.2330     480.4679     -17.0143    1673.6012
     155    1047.4195      60.1328      10.2995       2.6538       83.4383     478.5612     -13.3538    1669.1514
     156    1032.0106      54.3540       8.5487       2.1995       85.7459     502.9166     -16.8725    1668.9028
     157    1012.5481      54.8934      10.4864       2.6105       84.9782     518.7106     -15.8550    1668.3723
     158    1020.1725      50.6134      12.7841       4.8143       86.8630     514.0525     -14.3918    1674.9079
     159    1030.1052      63.4798       9.0785       4.5639       85.2067     496.2895     -13.6771    1675.0464
     160    1026.9356      61.4652       9.7532       3.4903       85.2943     499.9503     -17.1243    1669.7646
     161    1058.9399      61.6699       8.7602       1.7106       89.4681     466.1013     -18.3422    1668.3077
     162    1022.9340      60.9494      10.0506       3.3594       82.8801     498.5160     -12.9900    1665.6995
     163    1055.4311      61.0373       9.8383       2.0875       83.5761     469.8662     -13.4736    1668.3629
     164    1028.3393      50.1554       9.5061       2.3958       89.6537     503.9634     -15.2108    1668.8029
     165    1023.3713      56.8796       7.5055       3.0198       85.5185     507.9464     -15.2610    1668.9800
     166    1030.4986      55.9584       8.7185       3.1551       80.8483     502.4396     -11.4714    1670.1470
     167    1056.2879      44.9405      12.5943       3.8175       85.6768     481.4651     -13.0626    1671.7194
     168    1066.9310      57.4903      11.7990       2.5818       82.7802     463.6633     -11.4325    1673.8131
     169    1053.1630      59.2759       8.4108       3.1412       84.3710     473.2401     -16.2795    1665.3223
     170    1044.3678      55.3369       8.2165       2.9177       84.2631     482.4169     -15.7628    1661.7562
     171    1055.2173      53.8040      11.3604       3.1916       84.9227     472.9570     -16.2795    1665.1734
     172    1066.6710      52.5441       7.4820       1.9164       86.4204     471.4919     -15.7025    1670.8232
     173    1018.1368      53.0861       8.5465       3.2980       84.2472     514.2240     -16.1285    1665.4101
     174    1015.8895      63.2946       9.2314       2.5454       84.1081     507.6069     -15.2559    1667.4201
     175    1049.7700      53.1258       7.6748       4.0740       83.5284     482.0025     -13.6615    1666.5141
     176    1074.2986      47.5213       6.7547       1.5598       81.2586     470.8348     -13.0849    1669.1430
     177    1062.2889      64.7816       9.7176       3.6317       82.6997     460.5100      -8.9473    1674.6822
     178    1028.3904      64.4985       8.1947       3.2580       83.2757     495.1414     -14.2273    1668.5314
     179    1040.6324      53.8252       7.8801       3.0441       83.1732     491.8891     -13.8064    1666.6376
     180    1039.5295      53.8324      12.4735       2.6200       85.4894     487.9319     -15.6928    1666.1840
     181    1029.3797      56.7787       6.8447       2.9142       82.1017     500.2781     -12.2583    1666.0388
     182    1051.8733      48.5193       8.5392       3.7947       84.1455     481.4764     -13.0307    1665.3178
     183    1068.3798      48.9738       9.6781       2.2843       86.5742     465.1642     -14.4069    1666.6476
     184    1036.7914      55.2848       7.5545       4.2463       83.2741     495.5089     -16.7803    1665.8797
     185    1029.8872      69.6207       9.3147       3.6623       81.7654     496.3792     -15.5255    1675.1041
     186    1048.3277      55.1300       6.6640       2.0579       84.9200     476.1899     -16.6711    1656.6183
     187    1052.3724      54.3101       7.6440       3.9445       83.1952     477.2480     -13.4377    1665.2766
     188    1033.3858      53.8589       9.9359       2.7345       83.2662     497.5100     -11.6124    1669.0790
     189    1049.0501      54.4141       8.2490       3.2717       84.0352     479.5275     -13.7137    1664.8339
     190    1072.3231      59.1861      12.1968       3.5176       85.5102     463.3654     -16.1779    1679.9213
     191    1036.8588      55.5772       7.9750       2.0646       82.6803     498.4356     -15.3161    1668.2754
     192    1044.5309      51.6371       8.0394       2.1282       82.0017     489.9957     -13.7670    1664.5659
     193    1009.6604      56.2312       7.4825       2.6786       82.4771     514.8772      -9.9812    1663.4258
     194    1040.1004      60.3967       8.2524       2.4390       87.2840     483.6660     -16.1239    1666.0145
     195    1060.7898      63.2877       8.4568       2.4398       83.9599     469.0666     -15.9354    1672.0653
     196     994.9664      53.5296       6.9804       3.1615       86.5381     533.6123     -14.6651    1664.1232
     197    1056.4800      55.9163       8.1302       3.1432       84.8326     472.8848     -13.1798    1668.2074
     198    1049.7570      55.4307       7.2180       2.5149       84.2281     479.3829     -14.9593    1663.5724
     199    1041.6510      60.2149      11.0209       4.1359       84.6357     485.9038     -12.2299    1675.3324
     200    1047.6450      54.3663      10.4358       4.1434       83.0334     485.6599     -13.1071    1672.1768
     201    1026.3890      67.1204       9.5649       3.5009       84.7593     495.3650     -15.8222    1670.8773
