#Frame     p_ab[bond]  p_ab[angle]    p_ab[dih]  p_ab[vdw14] p_ab[elec14]    p_ab[vdw]   p_ab[elec]  p_ab[total]    p_a[bond]   p_a[angle]     p_a[dih]   p_a[vdw14]  p_a[elec14]     p_a[vdw]    p_a[elec]   p_a[total]    p_b[bond]   p_b[angle]     p_b[dih]   p_b[vdw14]  p_b[elec14]     p_b[vdw]    p_b[elec]   p_b[total]
       1       4.6710       9.3482       6.8451       1.1545    -266.3086       0.9645      64.3359    -178.9892       1.4767       0.5985       0.0000       0.0000       0.0000       0.0000       0.0000       2.0752       3.1944       8.7497       6.8451       1.1545    -266.3086      -1.3104     155.7291     -91.9461
       2       4.1244      17.6433       3.5442       1.7725    -268.6456       1.1010      54.6843    -185.7760       0.3228       4.0498       0.0000       0.0000       0.0000       0.0000       0.0000       4.3726       3.8016      13.5935       3.5442       1.7725    -268.6456      -1.6354     158.9999     -88.5693
       3       5.1949      13.1104       5.4899       2.7288    -270.5919       1.0883      56.7290    -186.2506       0.1302       3.1200       0.0000       0.0000       0.0000       0.0000       0.0000       3.2502       5.0646       9.9904       5.4899       2.7288    -270.5919      -0.9466     157.3506     -90.9141
       4       2.0395      12.4598       7.4912       2.7618    -264.0025       1.3559      59.3667    -178.5275       0.5174       3.2244       0.0000       0.0000       0.0000       0.0000       0.0000       3.7418       1.5222       9.2354       7.4912       2.7618    -264.0025      -1.1672     154.1231     -90.0360
       5       6.2935      16.5412       8.0327       1.9525    -271.9185       0.0212      66.3621    -172.7154       0.0056       2.4135       0.0000       0.0000       0.0000       0.0000       0.0000       2.4191       6.2879      14.1276       8.0327       1.9525    -271.9185      -1.4390     160.4216     -82.5351
       6       7.1740      12.9440       8.1433       2.1994    -277.9850      -0.4455      68.6711    -179.2987       0.3680       4.7340       0.0000       0.0000       0.0000       0.0000       0.0000       5.1020       6.8060       8.2100       8.1433       2.1994    -277.9850      -1.3498     162.6715     -91.3045
       7       3.9248       9.9348       5.7391       2.0912    -271.5545      -1.5146      70.7827    -180.5965       0.3317       2.1567       0.0000       0.0000       0.0000       0.0000       0.0000       2.4884       3.5932       7.7780       5.7391       2.0912    -271.5545      -1.2018     158.1377     -95.4170
       8       6.0202      14.3016       7.8793       1.8115    -271.8320       2.7957      61.9198    -177.1037       1.0208       2.0961       0.0000       0.0000       0.0000       0.0000       0.0000       3.1169       4.9994      12.2055       7.8793       1.8115    -271.8320      -1.2346     158.6519     -87.5189
       9       3.9192      12.9909       6.7137       3.0032    -270.6831      -1.0134     101.2026    -143.8668       0.3727       1.4848       0.0000       0.0000       0.0000       0.0000       0.0000       1.8575       3.5465      11.5061       6.7137       3.0032    -270.6831      -0.7338     158.5617     -88.0856
      10       5.6535      13.4061       4.4832       2.8416    -279.2103      -1.3787     114.1300    -140.0747       1.4087       1.8865       0.0000       0.0000       0.0000       0.0000       0.0000       3.2952       4.2448      11.5196       4.4832       2.8416    -279.2103      -1.2245     164.2048     -93.1407
      11      12.0607      14.1209       5.0366       1.9142    -276.4208      -1.2621     113.4215    -131.1289       1.9311       2.3386       0.0000       0.0000       0.0000       0.0000       0.0000       4.2697      10.1296      11.7823       5.0366       1.9142    -276.4208      -1.1296     159.7991     -88.8887
      12       6.0567      13.2607       7.2869       2.3849    -268.1634       2.1848      64.7902    -172.1993       0.7674       4.0350       0.0000       0.0000       0.0000       0.0000       0.0000       4.8025       5.2892       9.2256       7.2869       2.3849    -268.1634      -0.3430     156.1283     -88.1914
      13       6.9236       8.5119       5.8843       2.2806    -272.9154      -0.0319      69.1942    -180.1526       0.4011       1.8443       0.0000       0.0000       0.0000       0.0000       0.0000       2.2454       6.5225       6.6676       5.8843       2.2806    -272.9154      -1.0682     157.5932     -95.0353
      14       5.9428      10.3040       5.3647       1.4920    -276.8616       0.4653      70.3842    -182.9086       0.4403       2.7922       0.0000       0.0000       0.0000       0.0000       0.0000       3.2324       5.5025       7.5119       5.3647       1.4920    -276.8616      -1.6465     164.3080     -94.3291
      15       4.1390      18.5721       3.1476       2.7735    -277.3158      -1.2986     106.1923    -143.7898       0.1652       6.8293       0.0000       0.0000       0.0000       0.0000       0.0000       6.9945       3.9738      11.7428       3.1476       2.7735    -277.3158      -1.0441     163.9645     -92.7576
      16       7.2882      11.6057       7.4874       2.2233    -271.3342       0.5801      61.2945    -180.8550       1.2260       2.2048       0.0000       0.0000       0.0000       0.0000       0.0000       3.4308       6.0622       9.4009       7.4874       2.2233    -271.3342      -1.1504     160.9226     -86.3882
      17       4.1012      12.2928       4.0452       2.6691    -272.1052      -1.2825      72.3419    -177.9375       0.3005       2.6066       0.0000       0.0000       0.0000       0.0000       0.0000       2.9071       3.8007       9.6862       4.0452       2.6691    -272.1052      -0.9992     162.6750     -90.2282
      18       5.6832      13.8472       6.0812       2.1734    -271.0866      -2.0653      94.9436    -150.4233       0.1157       2.3474       0.0000       0.0000       0.0000       0.0000       0.0000       2.4631       5.5675      11.4998       6.0812       2.1734    -271.0866      -1.3779     158.1211     -89.0216
      19       8.1923      11.1589       4.7942       2.0980    -274.7370      -0.4788     105.6975    -143.2749       0.1536       1.6431       0.0000       0.0000       0.0000       0.0000       0.0000       1.7967       8.0387       9.5158       4.7942       2.0980    -274.7370      -0.2497     157.0370     -93.5030
      20       5.6240       9.7472       5.3016       3.1723    -273.2920      -0.9118      99.2212    -151.1374       0.1854       1.4566       0.0000       0.0000       0.0000       0.0000       0.0000       1.6420       5.4386       8.2906       5.3016       3.1723    -273.2920      -0.6919     157.3723     -94.4084
      21       4.3629      13.9433       4.1944       1.7624    -270.3953      -1.4072     109.5087    -138.0309       0.0963       2.4148       0.0000       0.0000       0.0000       0.0000       0.0000       2.5110       4.2667      11.5285       4.1944       1.7624    -270.3953      -1.2873     156.3755     -93.5552
      22       9.0412      12.7846       3.6746       4.1567    -268.5051      -0.8379      92.1002    -147.5858       2.5876       2.5120       0.0000       0.0000       0.0000       0.0000       0.0000       5.0995       6.4536      10.2726       3.6746       4.1567    -268.5051      -0.4092     153.7447     -90.6121
      23       3.1329      14.1032       4.6632       1.5935    -267.7484      -1.2081     106.1487    -139.3151       0.1440       4.8745       0.0000       0.0000       0.0000       0.0000       0.0000       5.0185       2.9889       9.2287       4.6632       1.5935    -267.7484      -1.1112     152.1546     -98.2308
      24       9.0661      16.1187       5.6925       3.1104    -281.4604      -1.0680     121.0734    -127.4673       0.0881       1.3258       0.0000       0.0000       0.0000       0.0000       0.0000       1.4139       8.9780      14.7929       5.6925       3.1104    -281.4604      -1.0213     162.6483     -87.2595
      25       6.5104      10.8488       8.1761       2.2666    -272.9707      -1.2691     114.2869    -132.1510       0.5755       1.5940       0.0000       0.0000       0.0000       0.0000       0.0000       2.1695       5.9349       9.2548       8.1761       2.2666    -272.9707      -1.2180     155.4080     -93.1482
      26       8.6005      11.0300       4.2511       2.1919    -275.1396      -0.4278     106.1057    -143.3882       0.0568       3.5586       0.0000       0.0000       0.0000       0.0000       0.0000       3.6154       8.5437       7.4714       4.2511       2.1919    -275.1396      -0.2015     160.2539     -92.6291
      27       7.2937      10.1493       5.6053       2.7571    -269.9547      -1.7561      99.7052    -146.2003       0.4002       0.8348       0.0000       0.0000       0.0000       0.0000       0.0000       1.2350       6.8935       9.3144       5.6053       2.7571    -269.9547      -1.4825     153.6600     -93.2069
      28       4.5215      10.2124       4.1289       2.1108    -270.1958      -1.7764      94.7696    -156.2289       0.1649       1.8897       0.0000       0.0000       0.0000       0.0000       0.0000       2.0546       4.3566       8.3228       4.1289       2.1108    -270.1958      -1.4739     153.9056     -98.8450
      29       2.2196      19.6083       4.6913       2.0353    -268.8796      -1.2547     111.4164    -130.1633       0.1284       6.5116       0.0000       0.0000       0.0000       0.0000       0.0000       6.6400       2.0912      13.0967       4.6913       2.0353    -268.8796      -1.2049     153.9495     -94.2204
      30       7.5150      10.4372       9.7221       1.8129    -277.3634      -1.2195     101.8852    -147.2105       0.8243       1.4467       0.0000       0.0000       0.0000       0.0000       0.0000       2.2710       6.6907       8.9905       9.7221       1.8129    -277.3634      -0.9798     161.4425     -89.6846
      31       2.6721      14.8153       9.2673       2.5696    -268.1884      -1.6994     113.3388    -127.2246       0.1181       2.3812       0.0000       0.0000       0.0000       0.0000       0.0000       2.4994       2.5539      12.4341       9.2673       2.5696    -268.1884      -1.6707     150.3178     -92.7163
      32       8.8255       8.1282       4.7533       2.1662    -275.9638      -0.8886     110.0025    -142.9767       1.2560       1.1014       0.0000       0.0000       0.0000       0.0000       0.0000       2.3575       7.5695       7.0267       4.7533       2.1662    -275.9638      -0.7749     157.4471     -97.7759
      33       6.5903      11.0155       2.8271       1.6905    -267.8429      -0.7187     110.5999    -135.8383       0.1960       2.5710       0.0000       0.0000       0.0000       0.0000       0.0000       2.7670       6.3943       8.4445       2.8271       1.6905    -267.8429      -0.6632     153.5039     -95.6458
      34       7.6450      14.3781       6.2072       2.1905    -273.0215      -1.7262     109.8214    -134.5055       0.9993       1.9519       0.0000       0.0000       0.0000       0.0000       0.0000       2.9512       6.6457      12.4263       6.2072       2.1905    -273.0215      -1.5250     156.3421     -90.7347
      35       5.3587      12.1061       6.3172       2.4777    -267.5307      -1.0595     100.0918    -142.2387       1.3305       2.4853       0.0000       0.0000       0.0000       0.0000       0.0000       3.8158       4.0282       9.6208       6.3172       2.4777    -267.5307      -0.8363     151.6465     -94.2767
      36       8.1193      10.8663       4.6855       3.6899    -275.9374      -1.2263      96.3550    -153.4477       0.2386       1.8354       0.0000       0.0000       0.0000       0.0000       0.0000       2.0740       7.8807       9.0309       4.6855       3.6899    -275.9374      -0.6953     157.2965     -94.0492
      37       1.8360      11.2344       7.6730       1.9411    -264.3890      -1.7158      97.7769    -145.6435       0.4401       2.4632       0.0000       0.0000       0.0000       0.0000       0.0000       2.9033       1.3959       8.7712       7.6730       1.9411    -264.3890      -1.4939     151.6906     -94.4112
      38       3.4845      15.0091       7.1455       2.6805    -267.4467      -0.2628     105.6303    -133.7595       0.0176       4.6143       0.0000       0.0000       0.0000       0.0000       0.0000       4.6320       3.4669      10.3948       7.1455       2.6805    -267.4467      -0.1792     151.3124     -92.6257
      39       5.8169      13.3566       4.0365       2.7300    -269.9984      -0.7797      98.3155    -146.5226       1.2728       0.3813       0.0000       0.0000       0.0000       0.0000       0.0000       1.6541       4.5441      12.9753       4.0365       2.7300    -269.9984      -0.5640     155.5002     -90.7763
      40       7.0899      11.8077       8.7984       2.0713    -271.8396      -1.5124      97.3911    -146.1937       1.6213       1.5711       0.0000       0.0000       0.0000       0.0000       0.0000       3.1924       5.4686      10.2365       8.7984       2.0713    -271.8396      -1.1569     157.7623     -88.6594
      41       7.1893       8.3527       6.8424       2.1962    -273.4852      -0.5587      56.8945    -192.5689       1.5401       1.4723       0.0000       0.0000       0.0000       0.0000       0.0000       3.0124       5.6492       6.8803       6.8424       2.1962    -273.4852      -1.3516     158.1208     -95.1479
      42       6.9856      12.2601       5.5925       1.6068    -280.2507      -0.8845      55.0456    -199.6446       0.6252       0.0770       0.0000       0.0000       0.0000       0.0000       0.0000       0.7022       6.3603      12.1831       5.5925       1.6068    -280.2507      -1.4064     162.4929     -93.4213
      43       7.1662      10.1968       4.4540       2.5329    -267.6115      -0.4982      72.3274    -171.4324       2.1087       1.4556       0.0000       0.0000       0.0000       0.0000       0.0000       3.5643       5.0575       8.7412       4.4540       2.5329    -267.6115      -0.9506     156.8283     -90.9480
      44       3.3545      10.1934       6.3907       3.6487    -264.4630      -0.8666     118.8723    -122.8701       0.0120       1.7608       0.0000       0.0000       0.0000       0.0000       0.0000       1.7728       3.3425       8.4325       6.3907       3.6487    -264.4630      -0.7997     158.2810     -85.1674
      45       6.9388       7.1427       6.5961       2.3023    -263.0721      -0.1989     119.4480    -120.8433       0.3934       1.0313       0.0000       0.0000       0.0000       0.0000       0.0000       1.4247       6.5454       6.1114       6.5961       2.3023    -263.0721      -0.1435     155.5308     -86.1296
      46       7.7222      11.5454       4.6806       2.8679    -274.5198      -0.7797     124.7839    -123.6995       0.0403       0.2953       0.0000       0.0000       0.0000       0.0000       0.0000       0.3356       7.6818      11.2501       4.6806       2.8679    -274.5198      -0.6874     161.4378     -87.2888
      47       8.5914      12.8781       4.6801       2.9604    -268.4816      -0.7090     103.6523    -136.4284       0.2345       1.7103       0.0000       0.0000       0.0000       0.0000       0.0000       1.9448       8.3569      11.1678       4.6801       2.9604    -268.4816      -0.5272     155.7417     -86.1019
      48       6.5905      12.6726       5.3203       1.7547    -269.4121      -1.3215     103.5471    -140.8484       0.1482       0.9928       0.0000       0.0000       0.0000       0.0000       0.0000       1.1410       6.4423      11.6799       5.3203       1.7547    -269.4121      -1.1681     156.3455     -89.0376
      49       3.7157      11.4075      10.7760       2.7486    -269.8110      -1.0342     103.7558    -138.4416       0.1914       2.8184       0.0000       0.0000       0.0000       0.0000       0.0000       3.0098       3.5243       8.5890      10.7760       2.7486    -269.8110      -0.8064     159.8512     -85.1283
      50       7.3938      10.5380       5.3732       3.5190    -275.3592      -0.9877     118.9094    -130.6136       1.7129       3.7907       0.0000       0.0000       0.0000       0.0000       0.0000       5.5037       5.6809       6.7472       5.3732       3.5190    -275.3592      -0.9288     160.8378     -94.1299
      51       5.0491      16.5028       3.8201       2.3011    -278.6352      -0.9890     124.1911    -127.7601       0.3092       3.2327       0.0000       0.0000       0.0000       0.0000       0.0000       3.5419       4.7398      13.2701       3.8201       2.3011    -278.6352      -0.9453     164.8679     -90.5816
      52       7.8097      11.9568      11.3163       2.1151    -273.1222      -1.6539     105.3691    -136.2091       0.5752       0.8334       0.0000       0.0000       0.0000       0.0000       0.0000       1.4086       7.2345      11.1234      11.3163       2.1151    -273.1222      -1.4758     159.9090     -82.8996
      53       9.0198      13.9990       5.6286       2.4172    -276.9347      -1.2614     105.8276    -141.3039       1.8705       1.3566       0.0000       0.0000       0.0000       0.0000       0.0000       3.2271       7.1493      12.6423       5.6286       2.4172    -276.9347      -0.9468     161.4379     -88.6061
      54       5.2328      11.8026       6.4901       1.6312    -268.2592      -1.0445     114.1161    -130.0311       0.0375       2.3271       0.0000       0.0000       0.0000       0.0000       0.0000       2.3645       5.1953       9.4755       6.4901       1.6312    -268.2592      -0.9637     156.3868     -90.0440
      55      11.8526      10.1763       5.5248       2.3576    -279.4136      -1.1617     112.9177    -137.7464       0.9466       0.3551       0.0000       0.0000       0.0000       0.0000       0.0000       1.3017      10.9060       9.8211       5.5248       2.3576    -279.4136      -1.0046     160.9357     -90.8730
      56       2.4424      12.5100       4.9276       3.2815    -274.2275      -0.7632     124.4697    -127.3595       0.1567       2.5428       0.0000       0.0000       0.0000       0.0000       0.0000       2.6995       2.2858       9.9671       4.9276       3.2815    -274.2275      -0.7048     162.3623     -92.1080
      57       6.6804      16.2021       6.9291       1.8898    -269.4202      -1.1816     125.5028    -113.3977       0.9478       4.0518       0.0000       0.0000       0.0000       0.0000       0.0000       4.9996       5.7326      12.1503       6.9291       1.8898    -269.4202      -1.1514     157.7935     -86.0763
      58       6.7970      11.2032       5.2451       2.4857    -270.4534      -1.2352     121.3638    -124.5938       1.0781       1.8899       0.0000       0.0000       0.0000       0.0000       0.0000       2.9681       5.7188       9.3133       5.2451       2.4857    -270.4534      -1.1701     157.0174     -91.8432
      59       5.2186       9.2506       7.1096       2.2480    -264.8536      -0.4429     117.8868    -123.5829       0.5064       0.7097       0.0000       0.0000       0.0000       0.0000       0.0000       1.2161       4.7121       8.5410       7.1096       2.2480    -264.8536      -0.3899     154.0913     -88.5416
      60       2.5331      16.0391       7.7143       1.9706    -267.4462      -1.1154     110.8373    -129.4672       0.2498       4.0173       0.0000       0.0000       0.0000       0.0000       0.0000       4.2671       2.2833      12.0218       7.7143       1.9706    -267.4462      -1.0003     157.3559     -87.1007
      61       3.9934      16.6128       7.4248       2.5259    -265.1140      -1.1646     112.3651    -123.3566       0.5849       4.3821       0.0000       0.0000       0.0000       0.0000       0.0000       4.9670       3.4086      12.2307       7.4248       2.5259    -265.1140      -1.1054     152.3001     -88.3293
      62       6.7921      12.2051       4.5574       1.8310    -272.3984      -1.0475     118.6064    -129.4540       0.0392       1.6643       0.0000       0.0000       0.0000       0.0000       0.0000       1.7035       6.7529      10.5408       4.5574       1.8310    -272.3984      -0.9922     158.5180     -91.1906
      63       3.9241      14.6318       4.3838       2.3350    -276.0730      -1.3167     124.4363    -127.6788       0.6473       2.2239       0.0000       0.0000       0.0000       0.0000       0.0000       2.8711       3.2768      12.4079       4.3838       2.3350    -276.0730      -1.2266     162.5582     -92.3379
      64       5.7463      18.7612       7.2843       3.0179    -268.5731      -0.9017     118.3556    -116.3095       0.0571       3.0702       0.0000       0.0000       0.0000       0.0000       0.0000       3.1273       5.6892      15.6909       7.2843       3.0179    -268.5731      -0.8510     156.7079     -81.0339
      65       8.0728      18.0143       4.9815       3.4342    -276.3441      -0.9287     111.3477    -131.4223       0.1130       4.2580       0.0000       0.0000       0.0000       0.0000       0.0000       4.3710       7.9598      13.7563       4.9815       3.4342    -276.3441      -0.7036     161.9187     -84.9973
      66       2.2171      13.1198       5.5133       3.1282    -260.2307      -1.3889     105.6833    -131.9580       0.1177       3.3679       0.0000       0.0000       0.0000       0.0000       0.0000       3.4856       2.0993       9.7519       5.5133       3.1282    -260.2307      -1.2502     151.2937     -89.6945
      67       2.0849      16.9675       5.3271       1.4848    -264.3313      -1.5158      98.3642    -141.6186       0.1257       2.2371       0.0000       0.0000       0.0000       0.0000       0.0000       2.3628       1.9593      14.7304       5.3271       1.4848    -264.3313      -1.2782     154.4692     -87.6387
      68       4.8431      13.7165       3.9227       2.3267    -272.9159      -1.1956     111.0657    -138.2368       0.6561       1.1524       0.0000       0.0000       0.0000       0.0000       0.0000       1.8085       4.1871      12.5641       3.9227       2.3267    -272.9159      -1.0685     158.7572     -92.2267
      69       8.7406      10.4651       8.3000       3.6058    -272.7571      -0.7903      99.4649    -142.9710       0.9806       0.2801       0.0000       0.0000       0.0000       0.0000       0.0000       1.2608       7.7599      10.1849       8.3000       3.6058    -272.7571      -0.5972     156.6516     -86.8520
      70       3.5771      14.2928       6.1974       1.9697    -273.1785      -1.6548     104.7067    -144.0897       0.5878       4.4020       0.0000       0.0000       0.0000       0.0000       0.0000       4.9898       2.9893       9.8908       6.1974       1.9697    -273.1785      -1.4300     159.7627     -93.7987
      71       2.7884      15.4371       5.6480       1.6169    -273.0654      -0.1683      58.5204    -189.2229       0.4652       3.8273       0.0000       0.0000       0.0000       0.0000       0.0000       4.2925       2.3232      11.6098       5.6480       1.6169    -273.0654      -1.1470     159.4205     -93.5940
      72       6.1208      15.9752       3.3441       2.2157    -268.9075      -0.0159      55.1209    -186.1467       0.1035       3.1772       0.0000       0.0000       0.0000       0.0000       0.0000       3.2808       6.0173      12.7980       3.3441       2.2157    -268.9075      -0.7495     157.3708     -87.9112
      73       5.0937       7.8970       7.1952       2.9814    -271.6864      -1.2850     104.6582    -145.1459       0.5423       0.7411       0.0000       0.0000       0.0000       0.0000       0.0000       1.2834       4.5514       7.1559       7.1952       2.9814    -271.6864      -1.0597     154.9831     -95.8792
      74       6.2347      16.5908       4.4566       2.5230    -278.3765      -1.9237      88.3296    -162.1656       0.3428       2.7281       0.0000       0.0000       0.0000       0.0000       0.0000       3.0709       5.8919      13.8627       4.4566       2.5230    -278.3765      -1.1006     163.2920     -89.4510
      75       6.2612       7.2259       5.4808       2.4597    -272.2174       1.6340      56.4716    -192.6842       0.2626       0.9333       0.0000       0.0000       0.0000       0.0000       0.0000       1.1959       5.9987       6.2926       5.4808       2.4597    -272.2174      -0.7042     158.1904     -94.4995
      76       7.1232      16.1489       5.0312       2.1935    -275.2959       0.6205      57.7263    -186.4523       1.6723       2.8548       0.0000       0.0000       0.0000       0.0000       0.0000       4.5271       5.4509      13.2941       5.0312       2.1935    -275.2959      -1.3358     160.0169     -90.6451
      77       2.8248      19.1131       4.0229       1.4200    -270.1008       2.0858      48.5113    -192.1230       0.0819       2.8855       0.0000       0.0000       0.0000       0.0000       0.0000       2.9674       2.7429      16.2276       4.0229       1.4200    -270.1008      -1.0690     159.8969     -86.8594
      78       5.1004      15.5805       5.7795       2.4521    -271.4738       0.9043      54.2982    -187.3587       0.3529       2.3085       0.0000       0.0000       0.0000       0.0000       0.0000       2.6615       4.7474      13.2720       5.7795       2.4521    -271.4738      -1.0242     159.1611     -87.0858
      79       1.8935      11.1843       7.1640       3.1531    -268.0901       0.7724      56.1431    -187.7797       0.7535       1.6475       0.0000       0.0000       0.0000       0.0000       0.0000       2.4010       1.1400       9.5368       7.1640       3.1531    -268.0901      -0.9440     154.8435     -93.1968
      80       2.5665      15.8107       3.2364       3.0971    -263.9396      -1.8584      50.7916    -190.2957       0.5729       1.3706       0.0000       0.0000       0.0000       0.0000       0.0000       1.9434       1.9937      14.4401       3.2364       3.0971    -263.9396      -1.2616     152.2252     -90.2087
      81       4.1933      11.6748       7.7406       2.2681    -267.4696      -0.9817      59.7235    -182.8510       0.6528       3.0082       0.0000       0.0000       0.0000       0.0000       0.0000       3.6610       3.5405       8.6666       7.7406       2.2681    -267.4696      -0.7986     153.9872     -92.0652
      82       5.3560      13.2092       4.7810       1.4403    -269.8863       0.4800      43.9152    -200.7046       1.0773       3.4377       0.0000       0.0000       0.0000       0.0000       0.0000       4.5150       4.2787       9.7715       4.7810       1.4403    -269.8863      -1.4279     157.5999     -93.4427
      83       4.3438      13.7896       5.9288       2.0952    -267.9700       2.1496      41.6079    -198.0550       0.8288       1.3232       0.0000       0.0000       0.0000       0.0000       0.0000       2.1520       3.5150      12.4665       5.9288       2.0952    -267.9700      -1.1918     154.6241     -90.5322
      84       5.2357      16.3682       4.7809       1.9239    -272.7851      -0.3116      69.3360    -175.4520       0.9889       2.4909       0.0000       0.0000       0.0000       0.0000       0.0000       3.4799       4.2468      13.8773       4.7809       1.9239    -272.7851      -0.4176     159.5319     -88.8420
      85       5.3252      11.6981       7.1893       1.8074    -272.6938       0.7591      63.1480    -182.7667       1.9462       3.2165       0.0000       0.0000       0.0000       0.0000       0.0000       5.1627       3.3791       8.4816       7.1893       1.8074    -272.6938      -0.9083     160.7606     -91.9842
      86       5.9545      11.8076       4.9746       1.7807    -271.7012       0.9353      45.2545    -200.9941       0.3062       0.4076       0.0000       0.0000       0.0000       0.0000       0.0000       0.7139       5.6483      11.4000       4.9746       1.7807    -271.7012      -0.8691     158.1114     -90.6554
      87       4.9517      13.7316       3.6764       2.0059    -271.4813       3.0749      50.6621    -193.3789       0.1230       3.4409       0.0000       0.0000       0.0000       0.0000       0.0000       3.5640       4.8287      10.2906       3.6764       2.0059    -271.4813      -1.0416     158.5785     -93.1429
      88       5.1129      12.9804       7.8742       1.8293    -272.4207       2.0133      47.9157    -194.6949       0.0257       2.5896       0.0000       0.0000       0.0000       0.0000       0.0000       2.6153       5.0872      10.3908       7.8742       1.8293    -272.4207      -1.5742     157.9605     -90.8530
      89       5.6316      14.5629       9.1480       2.0396    -268.3253      -0.0641      37.7058    -199.3016       0.4401       5.7198       0.0000       0.0000       0.0000       0.0000       0.0000       6.1599       5.1915       8.8430       9.1480       2.0396    -268.3253      -1.5855     154.3517     -90.3370
      90       8.8448      11.8168       6.5974       2.3394    -276.4404       3.5425      46.0316    -197.2680       0.3468       1.5574       0.0000       0.0000       0.0000       0.0000       0.0000       1.9042       8.4980      10.2594       6.5974       2.3394    -276.4404      -0.9690     161.5312     -88.1841
      91       9.1004      13.5829       8.0589       3.0554    -278.8138       1.6781      53.5800    -189.7582       0.2882       3.9532       0.0000       0.0000       0.0000       0.0000       0.0000       4.2414       8.8122       9.6297       8.0589       3.0554    -278.8138      -0.4382     162.7890     -86.9069
      92       4.9287      13.3216       5.5669       2.1913    -272.9860      -1.8222      56.3136    -192.4861       0.6058       3.8709       0.0000       0.0000       0.0000       0.0000       0.0000       4.4767       4.3229       9.4507       5.5669       2.1913    -272.9860      -1.3885     158.2178     -94.6250
      93       9.0646      10.2499       5.3688       2.0472    -274.0722      -0.9447      60.1607    -188.1256       1.2053       0.5799       0.0000       0.0000       0.0000       0.0000       0.0000       1.7852       7.8593       9.6700       5.3688       2.0472    -274.0722      -1.2733     159.2946     -91.1054
      94       7.4959      16.5573       4.5008       1.8496    -278.3791      -1.1191      65.1015    -183.9931       0.0345       3.6368       0.0000       0.0000       0.0000       0.0000       0.0000       3.6713       7.4614      12.9205       4.5008       1.8496    -278.3791      -1.4109     162.3977     -90.6601
      95       3.4329      11.9182       5.0806       1.7219    -270.1147      -0.2038      60.1167    -188.0482       0.0430       2.3358       0.0000       0.0000       0.0000       0.0000       0.0000       2.3789       3.3898       9.5824       5.0806       1.7219    -270.1147      -1.0671     156.0505     -95.3566
      96       7.5027      13.9292       6.6587       1.8127    -273.7130       0.5856      50.2409    -192.9833       0.6302       0.9233       0.0000       0.0000       0.0000       0.0000       0.0000       1.5534       6.8725      13.0059       6.6587       1.8127    -273.7130      -1.5026     156.9735     -89.8923
      97       3.8114       9.2406       3.9537       2.0943    -269.2218      -1.1688      55.4309    -195.8595       0.1902       1.2422       0.0000       0.0000       0.0000       0.0000       0.0000       1.4324       3.6212       7.9984       3.9537       2.0943    -269.2218      -1.2974     157.2149     -95.6366
      98       3.6949      12.0892       9.4394       2.1943    -268.6230      -1.0835      44.6681    -197.6206       0.5356       3.4975       0.0000       0.0000       0.0000       0.0000       0.0000       4.0331       3.1593       8.5917       9.4394       2.1943    -268.6230      -1.0017     154.1476     -92.0925
      99       6.0425      10.0738       7.2374       2.9707    -265.0749       3.4486      51.2993    -184.0026       1.1939       0.7589       0.0000       0.0000       0.0000       0.0000       0.0000       1.9529       4.8486       9.3148       7.2374       2.9707    -265.0749      -0.5015     156.0325     -85.1724
     100       7.2024       9.9841       6.6439       2.4781    -269.5869      -0.2080      63.9353    -179.5511       0.3404       1.3996       0.0000       0.0000       0.0000       0.0000       0.0000       1.7400       6.8620       8.5845       6.6439       2.4781    -269.5869      -1.2086     156.6069     -89.6200
     101       5.2794      12.9618       4.7211       3.3510    -272.0689      -1.2625      95.8070    -151.2111       0.2394       0.2582       0.0000       0.0000       0.0000       0.0000       0.0000       0.4977       5.0400      12.7036       4.7211       3.3510    -272.0689      -0.8340     157.8828     -89.2045
     102       7.7540       7.5278       3.8251       1.7982    -269.4896      -1.2717      59.3461    -190.5101       1.1320       0.9564       0.0000       0.0000       0.0000       0.0000       0.0000       2.0884       6.6220       6.5714       3.8251       1.7982    -269.4896      -1.1098     156.6620     -95.1207
     103       6.0128      15.8624       5.9428       2.7306    -276.4873      -1.3494      56.9520    -190.3361       0.4797       1.5910       0.0000       0.0000       0.0000       0.0000       0.0000       2.0707       5.5331      14.2714       5.9428       2.7306    -276.4873      -1.5012     159.6557     -89.8549
     104       3.4053      12.2293       5.6222       3.1414    -272.0090       3.2743      60.4200    -183.9165       0.7368       2.4587       0.0000       0.0000       0.0000       0.0000       0.0000       3.1955       2.6685       9.7706       5.6222       3.1414    -272.0090      -1.4210     160.5062     -91.7211
     105       6.4254      11.5916       5.2980       2.1981    -262.0593       2.1154      51.5937    -182.8371       0.5180       1.6112       0.0000       0.0000       0.0000       0.0000       0.0000       2.1292       5.9073       9.9804       5.2980       2.1981    -262.0593      -1.1919     149.9522     -89.9152
     106       6.9034      13.0738       4.2656       2.8264    -269.8062       0.9896      43.2405    -198.5069       0.1043       2.9655       0.0000       0.0000       0.0000       0.0000       0.0000       3.0699       6.7990      10.1083       4.2656       2.8264    -269.8062      -1.4207     155.8279     -91.3997
     107       4.4513      13.5920       5.1851       2.5758    -274.6579      -1.7257      99.4400    -151.1394       0.5848       1.8870       0.0000       0.0000       0.0000       0.0000       0.0000       2.4718       3.8665      11.7049       5.1851       2.5758    -274.6579      -1.2052     158.5167     -94.0140
     108       3.7067      12.2978       4.0055       2.7449    -264.4373      -1.2580      99.9460    -142.9944       0.5946       2.5709       0.0000       0.0000       0.0000       0.0000       0.0000       3.1655       3.1120       9.7269       4.0055       2.7449    -264.4373      -1.0872     152.9935     -92.9417
     109       5.6829      13.0712       7.9968       2.1231    -273.8570      -0.3395      58.1611    -187.1613       1.7781       3.3276       0.0000       0.0000       0.0000       0.0000       0.0000       5.1057       3.9048       9.7437       7.9968       2.1231    -273.8570      -1.1758     161.1002     -90.1642
     110       1.8954      12.1054       9.5772       2.6332    -269.3793      -0.8170      74.9204    -169.0646       0.1579       2.8952       0.0000       0.0000       0.0000       0.0000       0.0000       3.0531       1.7376       9.2102       9.5772       2.6332    -269.3793      -0.3918     158.6237     -87.9891
     111       3.9042      13.7191       9.5315       2.9337    -268.6811      -1.7611      97.3711    -142.9826       0.2165       1.5291       0.0000       0.0000       0.0000       0.0000       0.0000       1.7455       3.6877      12.1901       9.5315       2.9337    -268.6811      -1.3361     158.9444     -82.7298
     112       6.9534      16.6541       3.8709       1.2670    -274.7084      -1.9132      94.1401    -153.7362       0.5144       4.2453       0.0000       0.0000       0.0000       0.0000       0.0000       4.7598       6.4389      12.4088       3.8709       1.2670    -274.7084      -1.1837     162.7756     -89.1309
     113       7.2502      15.2439       7.6381       1.7372    -274.8026      -1.9514      86.5060    -158.3785       0.4937       2.1286       0.0000       0.0000       0.0000       0.0000       0.0000       2.6223       6.7565      13.1154       7.6381       1.7372    -274.8026      -1.3839     159.8779     -87.0615
     114      11.0071      13.4011       5.0819       3.9693    -278.6808       2.4594      63.9718    -178.7903       0.2992       3.7959       0.0000       0.0000       0.0000       0.0000       0.0000       4.0951      10.7079       9.6052       5.0819       3.9693    -278.6808      -0.7291     164.2477     -85.7980
     115       8.0741       8.3211       8.2627       1.4788    -269.0041       0.3444      66.2383    -176.2846       0.2705       0.8418       0.0000       0.0000       0.0000       0.0000       0.0000       1.1123       7.8036       7.4793       8.2627       1.4788    -269.0041      -1.2035     157.9666     -87.2164
     116       9.0937      10.6038       7.0698       4.3269    -266.3321       0.0233      68.8075    -166.4070       0.0878       1.0968       0.0000       0.0000       0.0000       0.0000       0.0000       1.1846       9.0059       9.5070       7.0698       4.3269    -266.3321      -0.9217     155.8365     -81.5076
     117       7.3174      13.5436       7.8539       2.6525    -278.1507      -1.1379     106.4582    -141.4630       0.6913       1.0665       0.0000       0.0000       0.0000       0.0000       0.0000       1.7578       6.6261      12.4771       7.8539       2.6525    -278.1507      -0.8409     162.8352     -86.5468
     118       4.9132      14.8824       6.2742       2.1312    -273.9094      -1.4221     108.4369    -138.6937       0.8970       1.2801       0.0000       0.0000       0.0000       0.0000       0.0000       2.1770       4.0162      13.6023       6.2742       2.1312    -273.9094      -1.1279     161.5672     -87.4461
     119       3.5663       7.8701       6.1083       1.4111    -265.9600      -0.8181     115.1481    -132.6742       0.0385       2.5655       0.0000       0.0000       0.0000       0.0000       0.0000       2.6040       3.5278       5.3046       6.1083       1.4111    -265.9600      -0.7268     155.5231     -94.8119
     120       7.6994       7.6298       6.6701       1.9895    -267.2428      -0.9855     105.9316    -138.3079       2.3087       0.8041       0.0000       0.0000       0.0000       0.0000       0.0000       3.1128       5.3907       6.8257       6.6701       1.9895    -267.2428      -0.6968     156.1063     -90.9574
     121       5.0526      13.0997       4.8411       1.9623    -263.3452      -1.4312      98.1525    -141.6682       2.5111       4.2932       0.0000       0.0000       0.0000       0.0000       0.0000       6.8043       2.5415       8.8066       4.8411       1.9623    -263.3452      -1.1590     151.5407     -94.8122
     122       5.7569       9.7708       3.8314       2.1576    -265.9372      -1.5511      98.1722    -147.7994       0.2297       0.6952       0.0000       0.0000       0.0000       0.0000       0.0000       0.9249       5.5272       9.0756       3.8314       2.1576    -265.9372      -1.0043     153.2448     -93.1049
     123       4.2615      14.7280       6.0168       2.4343    -272.0626       2.6761      58.8581    -183.0878       0.8039       0.7591       0.0000       0.0000       0.0000       0.0000       0.0000       1.5630       3.4575      13.9688       6.0168       2.4343    -272.0626      -0.4500     159.1640     -87.4711
     124       5.9587      12.5531       3.9115       2.3637    -266.9210       0.1047      62.5874    -179.4419       2.9424       3.0704       0.0000       0.0000       0.0000       0.0000       0.0000       6.0128       3.0163       9.4828       3.9115       2.3637    -266.9210      -0.9215     157.2682     -91.8001
     125       7.3742      11.5415       6.1472       3.1013    -280.0484       1.9188      53.2920    -196.6734       0.6511       1.1792       0.0000       0.0000       0.0000       0.0000       0.0000       1.8302       6.7231      10.3624       6.1472       3.1013    -280.0484      -1.0205     164.2078     -90.5272
     126       4.3938      11.1898       5.1977       2.0040    -270.8784       0.5724      59.6604    -187.8603       0.1167       1.9161       0.0000       0.0000       0.0000       0.0000       0.0000       2.0328       4.2771       9.2737       5.1977       2.0040    -270.8784      -0.4735     157.6248     -92.9746
