#Frame     p_ab[bond]  p_ab[angle]    p_ab[dih]  p_ab[vdw14] p_ab[elec14]    p_ab[vdw]   p_ab[elec]  p_ab[total]    p_a[bond]   p_a[angle]     p_a[dih]   p_a[vdw14]  p_a[elec14]     p_a[vdw]    p_a[elec]   p_a[total]    p_b[bond]   p_b[angle]     p_b[dih]   p_b[vdw14]  p_b[elec14]     p_b[vdw]    p_b[elec]   p_b[total]
       1       8.2062      10.1412       5.1890       1.6658    -274.3767      -1.6381      54.4010    -196.4116       0.8268       2.0975       0.0000       0.0000       0.0000       0.0000       0.0000       2.9243       7.3794       8.0437       5.1890       1.6658    -274.3767      -1.3373     158.8432     -94.5929
       2       2.9509      11.6888       7.6199       3.2972    -273.1549      -0.4555      65.6197    -182.4339       0.2552       3.1889       0.0000       0.0000       0.0000       0.0000       0.0000       3.4442       2.6957       8.4999       7.6199       3.2972    -273.1549      -1.2227     163.9257     -88.3393
       3       2.5993       9.4938       4.8352       2.4709    -263.1365       1.2164      51.2770    -191.2438       0.0558       1.9978       0.0000       0.0000       0.0000       0.0000       0.0000       2.0535       2.5435       7.4961       4.8352       2.4709    -263.1365      -0.4122     154.4150     -91.7880
       4       2.2523      11.9083       6.0310       2.3773    -266.4427      -0.4964      59.8521    -184.5181       0.3027       1.8253       0.0000       0.0000       0.0000       0.0000       0.0000       2.1280       1.9496      10.0830       6.0310       2.3773    -266.4427      -0.3335     155.0882     -91.2470
       5       5.3262       8.9235       4.5016       1.3272    -264.4142       3.4089      56.0642    -184.8626       0.4638       0.8216       0.0000       0.0000       0.0000       0.0000       0.0000       1.2854       4.8624       8.1018       4.5016       1.3272    -264.4142      -0.5802     156.1009     -90.1004
       6       5.7600      15.6198       5.4189       2.5113    -272.8606       0.3792      53.4702    -189.7011       0.4894       1.5830       0.0000       0.0000       0.0000       0.0000       0.0000       2.0725       5.2706      14.0368       5.4189       2.5113    -272.8606      -1.3516     161.2438     -85.7308
       7       5.5484      12.7820       6.5502       2.6741    -267.4311       2.0159      52.4607    -185.3998       0.8551       0.5668       0.0000       0.0000       0.0000       0.0000       0.0000       1.4219       4.6933      12.2152       6.5502       2.6741    -267.4311       0.0203     158.5549     -82.7230
       8       4.5641      18.9386       3.9383       2.3013    -267.4040       1.5190      39.1491    -196.9936       0.9975       2.9969       0.0000       0.0000       0.0000       0.0000       0.0000       3.9945       3.5666      15.9416       3.9383       2.3013    -267.4040      -1.1055     156.9044     -85.8573
       9      10.8178      10.2717       8.4779       3.0826    -271.3650       1.3768      52.8095    -184.5287       1.1278       0.9833       0.0000       0.0000       0.0000       0.0000       0.0000       2.1111       9.6900       9.2884       8.4779       3.0826    -271.3650      -0.6577     159.7955     -81.6884
      10       4.9292       8.2032       6.2089       2.3863    -266.4639       0.9793      55.0752    -188.6818       0.0069       2.2145       0.0000       0.0000       0.0000       0.0000       0.0000       2.2214       4.9222       5.9887       6.2089       2.3863    -266.4639      -1.3475     154.5267     -93.7785
      11       8.7035      11.7178       7.9535       2.2755    -278.0807       0.3428      61.9203    -185.1673       0.7354       2.6859       0.0000       0.0000       0.0000       0.0000       0.0000       3.4213       7.9681       9.0319       7.9535       2.2755    -278.0807      -1.7150     164.4062     -88.1605
      12      10.1253      15.2246       5.4675       2.8880    -277.3979       1.8712      57.7397    -184.0815       0.5957       3.8875       0.0000       0.0000       0.0000       0.0000       0.0000       4.4833       9.5296      11.3371       5.4675       2.8880    -277.3979      -1.0048     166.7480     -82.4325
      13       6.5982      12.9011       4.6030       2.1779    -271.8533       0.4619      50.4404    -194.6708       0.8382       2.0067       0.0000       0.0000       0.0000       0.0000       0.0000       2.8448       5.7600      10.8945       4.6030       2.1779    -271.8533      -1.5765     159.1868     -90.8075
      14       5.1047      18.1530       5.6113       1.8271    -276.5539       0.4807      62.4265    -182.9507       0.2742       4.4910       0.0000       0.0000       0.0000       0.0000       0.0000       4.7652       4.8304      13.6620       5.6113       1.8271    -276.5539      -1.2647     165.8227     -86.0652
      15       4.7328      17.7705       8.8444       2.6794    -273.6412       1.8694      58.6693    -179.0755       0.3205       1.5417       0.0000       0.0000       0.0000       0.0000       0.0000       1.8622       4.4124      16.2288       8.8444       2.6794    -273.6412      -1.7429     161.3206     -81.8986
      16       9.7618      11.4497       3.4485       2.3447    -267.6317      -1.3990      63.6801    -178.3460       0.2619       1.1671       0.0000       0.0000       0.0000       0.0000       0.0000       1.4290       9.4999      10.2827       3.4485       2.3447    -267.6317      -0.2599     156.3388     -85.9772
      17       8.4872      11.3958       5.5028       2.5756    -275.2545      -1.6536      69.6151    -179.3317       1.4424       1.6699       0.0000       0.0000       0.0000       0.0000       0.0000       3.1123       7.0447       9.7259       5.5028       2.5756    -275.2545      -1.3658     163.6413     -88.1299
      18       6.9948      11.7354       6.0288       1.9290    -277.8299      -1.7673      68.9859    -183.9233       0.3312       2.1177       0.0000       0.0000       0.0000       0.0000       0.0000       2.4489       6.6635       9.6177       6.0288       1.9290    -277.8299      -1.2925     164.3943     -90.4892
      19       7.0483      10.1689       6.4079       1.9207    -272.4149       0.8955      58.6706    -187.3031       0.0956       0.5679       0.0000       0.0000       0.0000       0.0000       0.0000       0.6635       6.9527       9.6011       6.4079       1.9207    -272.4149      -1.2489     161.8643     -86.9172
      20       6.6881      16.4080       7.6049       2.0093    -276.8859       2.0341      58.4109    -183.7307       0.3204       3.8132       0.0000       0.0000       0.0000       0.0000       0.0000       4.1335       6.3677      12.5948       7.6049       2.0093    -276.8859      -1.1870     164.1066     -85.3895
      21      12.9301      14.4205       7.4242       1.7798    -284.4627       3.0789      60.7558    -184.0734       0.2483       0.7796       0.0000       0.0000       0.0000       0.0000       0.0000       1.0279      12.6818      13.6409       7.4242       1.7798    -284.4627      -1.3331     169.7845     -80.4846
      22       4.7568       7.3029       5.3390       1.8591    -267.0432      -1.3918      62.2478    -186.9294       0.3207       0.2019       0.0000       0.0000       0.0000       0.0000       0.0000       0.5225       4.4361       7.1011       5.3390       1.8591    -267.0432      -1.3299     155.9455     -93.6923
      23       7.7346      14.9766       4.8963       2.1384    -272.9945      -3.1934      79.3976    -167.0445       1.4080       1.8959       0.0000       0.0000       0.0000       0.0000       0.0000       3.3038       6.3266      13.0807       4.8963       2.1384    -272.9945      -1.7567     158.0335     -90.2758
      24      11.1953      13.0983       7.8927       4.5794    -276.1724       3.0697      59.3517    -176.9852       1.0879       2.9843       0.0000       0.0000       0.0000       0.0000       0.0000       4.0723      10.1074      10.1140       7.8927       4.5794    -276.1724      -0.8208     166.8488     -77.4508
      25       7.7276      13.9199       3.8689       1.7504    -273.6766      -1.4754      66.0739    -181.8112       0.1082       1.4569       0.0000       0.0000       0.0000       0.0000       0.0000       1.5651       7.6194      12.4631       3.8689       1.7504    -273.6766      -1.6024     160.3067     -89.2706
      26       4.2121      16.2252       6.7498       1.6413    -277.0942      -1.6831      75.2017    -174.7473       0.3301       1.7529       0.0000       0.0000       0.0000       0.0000       0.0000       2.0830       3.8819      14.4723       6.7498       1.6413    -277.0942      -1.2180     164.9234     -86.6435
      27       9.4213      17.9052       5.4361       2.7543    -280.3187       2.8253      62.5350    -179.4414       0.1799       1.4898       0.0000       0.0000       0.0000       0.0000       0.0000       1.6697       9.2415      16.4154       5.4361       2.7543    -280.3187      -1.0682     163.8982     -83.6414
      28       4.5008      13.9702       4.7880       3.1410    -274.0889       2.7203      57.0007    -187.9680       0.0420       1.6273       0.0000       0.0000       0.0000       0.0000       0.0000       1.6693       4.4587      12.3429       4.7880       3.1410    -274.0889      -1.0770     163.0252     -87.4101
      29       5.6042      13.3618       5.2794       2.2672    -276.8939       0.7734      63.2806    -186.3274       0.0547       2.2792       0.0000       0.0000       0.0000       0.0000       0.0000       2.3339       5.5495      11.0826       5.2794       2.2672    -276.8939      -1.5754     163.8339     -90.4567
      30       6.4574      13.8466       5.7941       2.1893    -272.1638      -1.5289      69.8745    -175.5308       0.0758       0.3451       0.0000       0.0000       0.0000       0.0000       0.0000       0.4210       6.3816      13.5014       5.7941       2.1893    -272.1638      -1.0793     159.9167     -85.4599
      31       5.8389      11.7749       4.2755       1.4068    -271.7374      -0.7253      81.7561    -167.4105       0.4117       2.3547       0.0000       0.0000       0.0000       0.0000       0.0000       2.7664       5.4272       9.4202       4.2755       1.4068    -271.7374      -0.8233     159.8432     -92.1877
      32       3.8916      17.7172       6.2714       1.7979    -269.3553       2.5748      55.5343    -181.5682       0.3001       3.1320       0.0000       0.0000       0.0000       0.0000       0.0000       3.4321       3.5915      14.5852       6.2714       1.7979    -269.3553      -1.4969     158.9418     -85.6644
      33       5.9186      12.4790       8.1458       2.1402    -271.3508       3.6002      56.0700    -182.9971       0.2225       0.7423       0.0000       0.0000       0.0000       0.0000       0.0000       0.9648       5.6960      11.7368       8.1458       2.1402    -271.3508      -1.2939     159.8871     -85.0388
      34       4.4543      13.7691       6.9805       2.9179    -269.8005      -0.8348      50.9857    -191.5278       1.0897       1.9188       0.0000       0.0000       0.0000       0.0000       0.0000       3.0085       3.3646      11.8503       6.9805       2.9179    -269.8005      -1.1661     158.3825     -87.4708
      35       6.0315      18.0630       4.2657       2.8997    -268.1595       2.2521      49.1011    -185.5463       0.6591       3.1110       0.0000       0.0000       0.0000       0.0000       0.0000       3.7700       5.3725      14.9520       4.2657       2.8997    -268.1595      -1.3054     156.6517     -85.3233
      36       3.8216      17.3022       8.3090       2.7140    -271.2985       2.2370      73.3021    -163.6126       0.0385       4.3183       0.0000       0.0000       0.0000       0.0000       0.0000       4.3569       3.7831      12.9838       8.3090       2.7140    -271.2985      -1.4191     160.7242     -84.2035
      37      10.6147      17.5397       8.6441       2.6983    -284.9300       2.2318      42.3269    -200.8744       0.1266       2.2582       0.0000       0.0000       0.0000       0.0000       0.0000       2.3847      10.4882      15.2815       8.6441       2.6983    -284.9300      -0.7985     167.3769     -81.2395
      38       5.8506      12.1106       4.9879       5.0500    -270.2614       3.1468      40.4702    -198.6453       0.5015       2.6022       0.0000       0.0000       0.0000       0.0000       0.0000       3.1037       5.3490       9.5085       4.9879       5.0500    -270.2614       0.1322     158.7219     -86.5119
      39       5.4343      14.7570       4.0369       1.8881    -277.2423      -1.6447      67.6508    -185.1201       0.3435       2.5246       0.0000       0.0000       0.0000       0.0000       0.0000       2.8680       5.0908      12.2324       4.0369       1.8881    -277.2423      -1.0974     161.8452     -93.2463
      40       2.2187      17.0733       7.4766       2.6159    -266.9399      -0.7300      51.8329    -186.4526       0.0223       5.4008       0.0000       0.0000       0.0000       0.0000       0.0000       5.4231       2.1964      11.6725       7.4766       2.6159    -266.9399      -1.2176     154.9271     -89.2691
      41       5.6723      20.3814       6.6935       2.5731    -266.4601       2.8609      39.1171    -189.1618       0.6198       5.5184       0.0000       0.0000       0.0000       0.0000       0.0000       6.1382       5.0526      14.8630       6.6935       2.5731    -266.4601      -0.5415     156.2719     -81.5476
      42       8.1044      15.6356       6.3028       2.0925    -279.1304       1.3368      48.5219    -197.1365       0.3817       3.3188       0.0000       0.0000       0.0000       0.0000       0.0000       3.7005       7.7227      12.3168       6.3028       2.0925    -279.1304      -1.3283     161.6639     -90.3600
      43       6.7104      13.9005       7.4412       2.5201    -273.1078       3.8456      39.4147    -199.2752       1.5230       3.6474       0.0000       0.0000       0.0000       0.0000       0.0000       5.1704       5.1874      10.2531       7.4412       2.5201    -273.1078      -1.1825     158.8598     -90.0285
      44       5.0495      14.8335       6.0656       2.8255    -271.4715       3.7633      40.2967    -198.6373       0.3627       5.1978       0.0000       0.0000       0.0000       0.0000       0.0000       5.5605       4.6868       9.6357       6.0656       2.8255    -271.4715      -0.9731     157.6511     -91.5799
      45      11.8353      10.6578       5.2086       1.2395    -269.7583       0.2992      40.5007    -200.0173       0.1759       1.9165       0.0000       0.0000       0.0000       0.0000       0.0000       2.0924      11.6594       8.7412       5.2086       1.2395    -269.7583      -1.4894     156.4562     -87.9428
      46       6.4544       9.0113       4.6065       2.7927    -271.6743       3.4507      56.8818    -188.4770       1.1839       3.5648       0.0000       0.0000       0.0000       0.0000       0.0000       4.7488       5.2705       5.4464       4.6065       2.7927    -271.6743      -0.4502     159.1584     -94.8500
      47       3.6946      13.8953       4.2310       1.8945    -274.2428      -2.8752      86.1148    -167.2878       0.0284       1.6311       0.0000       0.0000       0.0000       0.0000       0.0000       1.6595       3.6662      12.2642       4.2310       1.8945    -274.2428      -1.2552     161.7468     -91.6952
      48       5.9459      13.5988       6.5609       2.0093    -272.9239      -1.9682      56.5655    -190.2116       0.2270       2.9609       0.0000       0.0000       0.0000       0.0000       0.0000       3.1879       5.7189      10.6379       6.5609       2.0093    -272.9239      -1.0153     158.0922     -90.9199
      49       4.7646      15.5300       6.3936       2.8805    -269.1225       0.7110      49.4679    -189.3750       1.3891       5.6831       0.0000       0.0000       0.0000       0.0000       0.0000       7.0722       3.3754       9.8469       6.3936       2.8805    -269.1225      -0.8105     157.6361     -89.8005
      50       8.6096      13.9583       5.0974       1.7747    -270.6346      -2.6974      65.7964    -178.0957       0.8994       4.0213       0.0000       0.0000       0.0000       0.0000       0.0000       4.9207       7.7102       9.9369       5.0974       1.7747    -270.6346      -1.3269     152.5662     -94.8761
      51       5.6100      21.0019       6.3494       1.6025    -273.5377      -1.7096      56.0494    -184.6340       0.2388       6.1520       0.0000       0.0000       0.0000       0.0000       0.0000       6.3908       5.3712      14.8499       6.3494       1.6025    -273.5377      -1.0705     161.5978     -84.8374
      52       5.3877      14.0550       3.5316       1.3517    -271.1696       2.7548      48.9683    -195.1204       0.7503       2.4598       0.0000       0.0000       0.0000       0.0000       0.0000       3.2102       4.6374      11.5951       3.5316       1.3517    -271.1696      -1.1805     162.3697     -88.8645
      53       8.6800      18.8180       8.1719       3.3181    -282.9486       1.4397      49.9921    -192.5288       0.0278       4.7836       0.0000       0.0000       0.0000       0.0000       0.0000       4.8114       8.6522      14.0344       8.1719       3.3181    -282.9486      -1.0277     166.5962     -83.2035
      54       6.3794      10.1257       4.8009       1.8513    -271.3297      -1.4668      61.1743    -188.4649       0.2983       0.7082       0.0000       0.0000       0.0000       0.0000       0.0000       1.0065       6.0811       9.4175       4.8009       1.8513    -271.3297      -0.9605     159.1350     -91.0044
      55       8.6689      22.9346       5.0186       1.9756    -275.2835      -3.6905      54.8037    -185.5726       0.6091       3.7729       0.0000       0.0000       0.0000       0.0000       0.0000       4.3820       8.0598      19.1617       5.0186       1.9756    -275.2835      -1.5235     159.2565     -83.3349
      56       4.0071      10.2859      11.3522       2.5295    -265.9805      -1.4972      43.8152    -195.4878       0.5296       2.3904       0.0000       0.0000       0.0000       0.0000       0.0000       2.9200       3.4775       7.8955      11.3522       2.5295    -265.9805      -0.8719     153.1639     -88.4338
      57       8.4326       6.9710       4.5970       2.2810    -273.9698       5.0258      52.0234    -194.6391       0.0302       0.1361       0.0000       0.0000       0.0000       0.0000       0.0000       0.1663       8.4024       6.8349       4.5970       2.2810    -273.9698      -0.8003     158.9590     -93.6959
      58       5.5621      16.6355       6.8279       3.1005    -272.9264      -0.1305      60.7660    -180.1649       0.6376       3.0955       0.0000       0.0000       0.0000       0.0000       0.0000       3.7332       4.9245      13.5400       6.8279       3.1005    -272.9264      -1.3297     162.6894     -83.1739
      59       6.7971      12.4481       4.6395       2.5814    -269.5597       3.6512      50.6050    -188.8373       0.4286       3.0112       0.0000       0.0000       0.0000       0.0000       0.0000       3.4398       6.3686       9.4369       4.6395       2.5814    -269.5597      -0.1535     157.4120     -89.2749
      60       4.2773      17.5294       9.3592       1.2753    -270.8249       0.1743      54.9740    -183.2354       0.3480       2.8758       0.0000       0.0000       0.0000       0.0000       0.0000       3.2238       3.9293      14.6536       9.3592       1.2753    -270.8249      -1.3170     159.1436     -83.7809
      61       5.8263      14.8326       8.6258       1.7281    -272.0460       0.1752      69.3102    -171.5477       0.6744       6.0899       0.0000       0.0000       0.0000       0.0000       0.0000       6.7643       5.1519       8.7427       8.6258       1.7281    -272.0460      -0.9778     158.8731     -89.9021
      62       5.8735      16.8918       7.5589       2.7113    -274.4629       0.6170      54.9442    -185.8660       0.1376       1.9178       0.0000       0.0000       0.0000       0.0000       0.0000       2.0554       5.7359      14.9741       7.5589       2.7113    -274.4629      -1.4877     160.9474     -84.0230
      63       6.2547      14.8825       5.3528       3.8953    -275.7546      -0.9775      68.2510    -178.0959       0.0062       4.1516       0.0000       0.0000       0.0000       0.0000       0.0000       4.1578       6.2485      10.7309       5.3528       3.8953    -275.7546      -0.6375     164.3028     -85.8618
      64       3.9989      14.6571       5.9265       2.8708    -263.6149      -0.8234      45.4137    -191.5713       0.5975       4.7617       0.0000       0.0000       0.0000       0.0000       0.0000       5.3591       3.4014       9.8954       5.9265       2.8708    -263.6149      -1.1757     153.0643     -89.6321
      65       4.1410      12.5307       4.3518       2.2121    -267.4209      -0.9732      68.8330    -176.3255       0.7783       3.0079       0.0000       0.0000       0.0000       0.0000       0.0000       3.7862       3.3627       9.5228       4.3518       2.2121    -267.4209      -1.1497     158.1579     -90.9632
      66       5.9980      16.2964       6.7428       2.3813    -277.2388       1.2021      58.1323    -186.4861       0.3270       6.6555       0.0000       0.0000       0.0000       0.0000       0.0000       6.9825       5.6709       9.6409       6.7428       2.3813    -277.2388      -0.6808     161.3162     -92.1675
      67       9.0271      15.3337       6.2182       4.2819    -272.8862      -0.5481      62.2205    -176.3530       0.4754       4.7881       0.0000       0.0000       0.0000       0.0000       0.0000       5.2634       8.5517      10.5456       6.2182       4.2819    -272.8862      -0.7727     156.4845     -87.5770
      68       3.5281      11.2093       3.7311       1.9850    -264.3230      -1.8814      64.1426    -181.6083       0.8810       3.8923       0.0000       0.0000       0.0000       0.0000       0.0000       4.7733       2.6471       7.3170       3.7311       1.9850    -264.3230      -1.1861     154.9934     -94.8354
      69       6.2488      17.9114       5.8845       2.1845    -272.7404       0.5503      53.0913    -186.8697       0.1559       1.3674       0.0000       0.0000       0.0000       0.0000       0.0000       1.5234       6.0929      16.5439       5.8845       2.1845    -272.7404      -1.3659     158.3077     -85.0928
      70       5.1851      16.4944       5.7888       1.3747    -268.2217       1.4755      52.9226    -184.9806       0.2038       3.4099       0.0000       0.0000       0.0000       0.0000       0.0000       3.6137       4.9813      13.0845       5.7888       1.3747    -268.2217      -1.4163     155.5099     -88.8988
      71       4.8706      12.2760       8.3266       2.3872    -265.8937       0.6683      58.7405    -178.6245       0.3310       4.4398       0.0000       0.0000       0.0000       0.0000       0.0000       4.7708       4.5396       7.8362       8.3266       2.3872    -265.8937      -1.2654     155.8068     -88.2627
      72       6.4442      14.7945       7.3759       3.9867    -276.8572       3.6205      57.0772    -183.5581       0.0882       0.4807       0.0000       0.0000       0.0000       0.0000       0.0000       0.5689       6.3560      14.3138       7.3759       3.9867    -276.8572      -0.5821     162.6894     -82.7174
      73       6.1828      10.3913       8.0362       2.2325    -275.7241      -0.3722      62.2895    -186.9640       0.4061       1.5888       0.0000       0.0000       0.0000       0.0000       0.0000       1.9949       5.7767       8.8025       8.0362       2.2325    -275.7241      -0.7633     161.5717     -90.0678
      74      10.2844      10.9497       6.8154       1.6392    -280.0738      -0.0604      45.4635    -204.9819       1.0358       2.6749       0.0000       0.0000       0.0000       0.0000       0.0000       3.7107       9.2486       8.2749       6.8154       1.6392    -280.0738      -1.5417     165.3312     -90.3062
      75       4.2175      11.3999       6.7708       2.1209    -266.5167       1.6196      57.1829    -183.2051       0.4784       2.0120       0.0000       0.0000       0.0000       0.0000       0.0000       2.4904       3.7391       9.3879       6.7708       2.1209    -266.5167      -1.2787     154.9506     -90.8261
      76       2.8290      18.6970       3.7330       1.5770    -269.4052       1.8135      61.5380    -179.2177       0.0994       1.9191       0.0000       0.0000       0.0000       0.0000       0.0000       2.0185       2.7296      16.7779       3.7330       1.5770    -269.4052      -1.3813     162.0050     -83.9639
      77       5.1099       9.3822       6.2530       2.9550    -271.8265      -0.7782      65.1635    -183.7411       0.2344       1.5442       0.0000       0.0000       0.0000       0.0000       0.0000       1.7786       4.8755       7.8380       6.2530       2.9550    -271.8265      -0.9474     159.8005     -91.0519
      78       7.6438      10.9569       5.3336       2.6601    -277.1519       0.2277      61.7464    -188.5832       0.0875       3.4991       0.0000       0.0000       0.0000       0.0000       0.0000       3.5866       7.5563       7.4578       5.3336       2.6601    -277.1519      -1.1759     163.7140     -91.6059
      79       7.7252      11.6446       5.8444       2.8040    -276.0853      -0.1941      65.5072    -182.7541       0.2165       2.4798       0.0000       0.0000       0.0000       0.0000       0.0000       2.6963       7.5087       9.1649       5.8444       2.8040    -276.0853      -1.0151     162.0121     -89.7664
      80       5.6815      15.8147       4.3264       1.6419    -274.3024      -0.9405      62.6518    -185.1265       0.4334       1.9910       0.0000       0.0000       0.0000       0.0000       0.0000       2.4244       5.2481      13.8237       4.3264       1.6419    -274.3024      -1.4482     162.9851     -87.7254
      81       3.4617      10.3799       3.7869       3.4107    -267.4822       0.7217      59.5283    -186.1929       0.4846       0.7249       0.0000       0.0000       0.0000       0.0000       0.0000       1.2095       2.9771       9.6551       3.7869       3.4107    -267.4822      -0.1970     158.4568     -89.3926
      82       4.8084      13.3613       6.4697       2.5972    -271.0950       3.3790      66.0691    -174.4103       0.0578       3.3824       0.0000       0.0000       0.0000       0.0000       0.0000       3.4401       4.7506       9.9789       6.4697       2.5972    -271.0950      -0.9870     158.9718     -89.3137
      83       7.8502      11.9816       4.6150       2.1787    -274.0760       0.9065      62.3023    -184.2417       0.2679       3.0897       0.0000       0.0000       0.0000       0.0000       0.0000       3.3576       7.5823       8.8919       4.6150       2.1787    -274.0760      -0.9906     156.4113     -95.3874
      84       9.3002      12.8513       8.7952       3.6619    -274.8719      -1.7908      63.4983    -178.5559       0.9838       3.9448       0.0000       0.0000       0.0000       0.0000       0.0000       4.9287       8.3164       8.9065       8.7952       3.6619    -274.8719      -1.0023     159.4367     -86.7577
      85      13.1964      18.7661       8.7311       2.1241    -277.1209      -1.3158      67.0311    -168.5878       0.3622       1.6057       0.0000       0.0000       0.0000       0.0000       0.0000       1.9679      12.8342      17.1604       8.7311       2.1241    -277.1209      -1.1949     163.5184     -73.9475
      86       8.9172      13.9917       5.4240       1.9728    -271.3231      -0.2080      63.6291    -177.5963       0.1377       3.7311       0.0000       0.0000       0.0000       0.0000       0.0000       3.8688       8.7794      10.2606       5.4240       1.9728    -271.3231      -1.3300     160.1575     -86.0587
      87       4.1625      16.0379       5.1673       1.5187    -268.7069      -0.5976      63.2525    -179.1655       0.3979       1.7037       0.0000       0.0000       0.0000       0.0000       0.0000       2.1017       3.7645      14.3342       5.1673       1.5187    -268.7069      -1.1295     157.6109     -87.4407
      88       6.9172      12.1074       5.2140       2.3833    -270.8643       2.0644      51.8530    -190.3250       1.4257       0.5524       0.0000       0.0000       0.0000       0.0000       0.0000       1.9782       5.4914      11.5550       5.2140       2.3833    -270.8643      -0.8613     156.7841     -90.2978
      89       5.8295      11.7576       4.1298       2.1453    -267.3595      -1.0186      59.5209    -184.9950       0.3539       2.9313       0.0000       0.0000       0.0000       0.0000       0.0000       3.2852       5.4756       8.8263       4.1298       2.1453    -267.3595      -0.6875     156.5027     -90.9672
      90       8.1464      11.9418      10.0666       1.9796    -277.5582       3.1652      56.3859    -185.8728       0.5318       2.4604       0.0000       0.0000       0.0000       0.0000       0.0000       2.9923       7.6145       9.4813      10.0666       1.9796    -277.5582      -1.0096     163.2193     -86.2065
      91       5.4100       8.6575       6.8533       2.4224    -276.2519       2.6190      59.6702    -190.6194       0.5572       0.8996       0.0000       0.0000       0.0000       0.0000       0.0000       1.4568       4.8528       7.7580       6.8533       2.4224    -276.2519      -1.1192     163.2330     -92.2516
      92       3.1261       8.7621       5.2798       2.8194    -268.1296       1.4401      59.2709    -187.4312       0.3296       2.5690       0.0000       0.0000       0.0000       0.0000       0.0000       2.8986       2.7965       6.1930       5.2798       2.8194    -268.1296      -0.8535     157.2180     -94.6763
      93       5.0879      12.2027       3.9576       2.5062    -270.8785       3.2666      55.2381    -188.6194       0.1294       0.7759       0.0000       0.0000       0.0000       0.0000       0.0000       0.9053       4.9584      11.4268       3.9576       2.5062    -270.8785      -1.0354     159.5084     -89.5565
      94       9.7263       7.6191       6.7430       2.1052    -271.7597      -1.3205      65.8402    -181.0464       0.0692       1.4688       0.0000       0.0000       0.0000       0.0000       0.0000       1.5380       9.6571       6.1503       6.7430       2.1052    -271.7597      -1.6111     161.0233     -87.6919
      95       4.4445      18.9728       6.2948       2.4935    -271.2501      -0.8224      51.2124    -188.6544       0.4589       4.4482       0.0000       0.0000       0.0000       0.0000       0.0000       4.9071       3.9855      14.5246       6.2948       2.4935    -271.2501      -0.8503     158.7112     -86.0907
      96       4.1342      16.6266       5.1904       2.2634    -277.3696      -0.1782      75.7949    -173.5382       0.3394       0.6817       0.0000       0.0000       0.0000       0.0000       0.0000       1.0212       3.7947      15.9449       5.1904       2.2634    -277.3696      -0.4597     163.3230     -87.3127
      97       3.0175      13.8174       5.9838       3.0268    -268.7961       1.1263      58.5473    -183.2770       0.0436       2.2591       0.0000       0.0000       0.0000       0.0000       0.0000       2.3026       2.9739      11.5584       5.9838       3.0268    -268.7961      -1.2060     159.1605     -87.2987
      98       2.8143      16.3149       8.5386       2.8489    -271.5980       1.0622      64.4810    -175.5381       0.5116       1.7383       0.0000       0.0000       0.0000       0.0000       0.0000       2.2500       2.3026      14.5765       8.5386       2.8489    -271.5980      -0.6689     160.4062     -83.5940
      99       8.3955      14.2392       5.0299       3.3776    -270.0221       1.9328      64.8817    -172.1653       0.6264       2.7860       0.0000       0.0000       0.0000       0.0000       0.0000       3.4124       7.7691      11.4532       5.0299       3.3776    -270.0221      -0.1848     158.1589     -84.4181
     100       5.3298       9.8013       6.2091       2.9968    -270.3555       1.6550      55.7061    -188.6575       0.2936       1.4275       0.0000       0.0000       0.0000       0.0000       0.0000       1.7211       5.0362       8.3738       6.2091       2.9968    -270.3555      -1.3588     156.9847     -92.1137
     101       4.2138      11.3076       8.3353       2.3305    -269.1365       1.1188      51.4922    -190.3382       0.3229       1.3875       0.0000       0.0000       0.0000       0.0000       0.0000       1.7104       3.8909       9.9201       8.3353       2.3305    -269.1365      -1.1198     156.5241     -89.2554
     102       9.6433      14.1643       4.5056       2.3234    -274.6378       6.7523      55.8449    -181.4041       0.4211       4.6782       0.0000       0.0000       0.0000       0.0000       0.0000       5.0993       9.2222       9.4861       4.5056       2.3234    -274.6378      -0.7908     160.5476     -89.3438
     103       4.5685      18.3839       4.4819       2.5771    -271.9078      -1.9735      70.2851    -173.5848       0.1358       3.4811       0.0000       0.0000       0.0000       0.0000       0.0000       3.6168       4.4327      14.9029       4.4819       2.5771    -271.9078      -1.2686     158.6590     -88.1228
     104       3.7697      15.1466       4.9475       1.9354    -264.8625      -2.4839      95.4565    -146.0908       0.2002       2.6297       0.0000       0.0000       0.0000       0.0000       0.0000       2.8298       3.5695      12.5169       4.9475       1.9354    -264.8625      -1.7079     154.0110     -89.5899
     105       5.5975      10.2648       4.2711       2.8861    -270.0107      -1.9000      99.0315    -149.8596       0.7171       0.4822       0.0000       0.0000       0.0000       0.0000       0.0000       1.1994       4.8804       9.7826       4.2711       2.8861    -270.0107      -1.4406     153.1948     -96.4363
     106      12.3566      14.2421       3.6555       2.1812    -274.9045      -1.9387     102.2947    -142.1130       0.3343       0.6366       0.0000       0.0000       0.0000       0.0000       0.0000       0.9709      12.0223      13.6055       3.6555       2.1812    -274.9045      -1.2405     156.7365     -87.9440
     107       4.1762      10.8302       4.4175       2.8144    -270.1608      -1.4774     105.2547    -144.1453       0.4224       1.6974       0.0000       0.0000       0.0000       0.0000       0.0000       2.1198       3.7538       9.1328       4.4175       2.8144    -270.1608      -1.1986     153.6963     -97.5447
     108       9.3654      10.5141       6.9458       1.9220    -272.4771      -2.0661     110.0627    -135.7332       0.2204       0.7935       0.0000       0.0000       0.0000       0.0000       0.0000       1.0139       9.1450       9.7205       6.9458       1.9220    -272.4771      -1.5445     152.9776     -93.3106
     109       6.0174      11.1301       3.4352       2.1584    -273.3473      -1.8037     107.7070    -144.7028       0.2650       1.1841       0.0000       0.0000       0.0000       0.0000       0.0000       1.4491       5.7524       9.9460       3.4352       2.1584    -273.3473      -1.3927     156.5622     -96.8857
     110       4.4907      13.7036       3.8440       2.5393    -271.3795      -1.7413      96.9428    -151.6004       0.9518       2.9640       0.0000       0.0000       0.0000       0.0000       0.0000       3.9158       3.5389      10.7396       3.8440       2.5393    -271.3795      -1.0070     156.1279     -95.5967
     111      12.2082      14.0344       8.9367       3.1845    -274.0258      -0.9084     109.4267    -127.1437       0.9096       3.2407       0.0000       0.0000       0.0000       0.0000       0.0000       4.1503      11.2986      10.7937       8.9367       3.1845    -274.0258      -0.7042     155.7252     -84.7913
     112       8.4235      10.7802       7.3482       0.7919    -267.6919      -2.7921      87.1951    -155.9452       0.2309       0.5228       0.0000       0.0000       0.0000       0.0000       0.0000       0.7537       8.1926      10.2574       7.3482       0.7919    -267.6919      -1.7032     151.9323     -90.8728
     113       5.8196       8.1003       3.6633       1.7252    -270.0449      -0.8651     100.8325    -150.7690       0.7133       0.0525       0.0000       0.0000       0.0000       0.0000       0.0000       0.7657       5.1063       8.0478       3.6633       1.7252    -270.0449      -0.4858     153.1996     -98.7884
     114       5.2595       9.9092       4.4027       3.8223    -272.3924      -0.7440     100.2829    -149.4597       0.0801       1.9792       0.0000       0.0000       0.0000       0.0000       0.0000       2.0593       5.1794       7.9300       4.4027       3.8223    -272.3924       0.0540     155.7887     -95.2153
     115       7.2281      11.3435       3.3826       2.3021    -268.6370      -2.2622      96.5628    -150.0802       0.4161       2.9655       0.0000       0.0000       0.0000       0.0000       0.0000       3.3816       6.8120       8.3780       3.3826       2.3021    -268.6370      -1.6826     152.6284     -96.8165
     116       3.4829      17.0527       5.5770       2.3276    -268.0374      -1.5706     105.0740    -136.0939       0.1123       5.4307       0.0000       0.0000       0.0000       0.0000       0.0000       5.5429       3.3706      11.6220       5.5770       2.3276    -268.0374      -1.4234     150.7652     -95.7982
     117       3.3905      14.2328       5.3619       1.0542    -266.2711      -1.7812      96.9818    -147.0310       1.7098       2.5928       0.0000       0.0000       0.0000       0.0000       0.0000       4.3026       1.6807      11.6400       5.3619       1.0542    -266.2711      -1.3807     152.0525     -95.8625
     118       6.4011      13.2609       6.1491       2.4059    -273.0985      -2.0408      76.4441    -170.4781       0.7682       3.2678       0.0000       0.0000       0.0000       0.0000       0.0000       4.0360       5.6329       9.9931       6.1491       2.4059    -273.0985      -1.2950     157.9145     -92.2979
     119       6.0046       6.6822       9.3318       2.1596    -267.9728      -1.8415      63.5286    -182.1075       0.5080       0.8706       0.0000       0.0000       0.0000       0.0000       0.0000       1.3786       5.4966       5.8116       9.3318       2.1596    -267.9728      -1.5189     156.8862     -89.8059
     120      11.8295       7.0817       7.6961       2.3074    -276.5379       1.4827      61.0954    -185.0452       0.1250       2.3059       0.0000       0.0000       0.0000       0.0000       0.0000       2.4309      11.7045       4.7757       7.6961       2.3074    -276.5379      -0.8043     162.4889     -88.3697
     121       4.7964      13.3489       8.4012       2.4580    -265.1494      -0.9340      60.0989    -176.9800       0.4153       2.6107       0.0000       0.0000       0.0000       0.0000       0.0000       3.0260       4.3810      10.7382       8.4012       2.4580    -265.1494      -0.5061     155.0201     -84.6570
     122       7.5027      15.7096       7.7305       1.8993    -278.3441       0.0798      65.0784    -180.3438       0.1612       2.1074       0.0000       0.0000       0.0000       0.0000       0.0000       2.2686       7.3414      13.6023       7.7305       1.8993    -278.3441      -1.3971     165.4188     -83.7490
     123       3.1775      17.3136       6.2708       3.1232    -271.8346      -1.4589      70.2469    -173.1615       0.1656       6.6879       0.0000       0.0000       0.0000       0.0000       0.0000       6.8535       3.0118      10.6257       6.2708       3.1232    -271.8346      -1.1800     156.8474     -93.1357
     124      10.7775      17.8927       6.4855       2.6604    -277.7733       4.9484      52.2167    -182.7920       0.9960       5.5301       0.0000       0.0000       0.0000       0.0000       0.0000       6.5261       9.7815      12.3626       6.4855       2.6604    -277.7733      -1.2792     161.8161     -85.9463
     125       4.2653       9.5953       5.7834       2.3604    -271.1950      -0.3206      60.4764    -189.0347       1.5877       2.8610       0.0000       0.0000       0.0000       0.0000       0.0000       4.4487       2.6776       6.7343       5.7834       2.3604    -271.1950      -1.0007     160.3316     -94.3082
     126       8.2844      17.0516       4.6741       2.5944    -272.7996      -2.4563     102.1371    -140.5142       0.3116       0.8513       0.0000       0.0000       0.0000       0.0000       0.0000       1.1629       7.9729      16.2002       4.6741       2.5944    -272.7996      -1.6099     154.9603     -88.0075
