#Frame     e_ab[bond]  e_ab[angle]    e_ab[dih]  e_ab[vdw14] e_ab[elec14]    e_ab[vdw]   e_ab[elec]  e_ab[total]    e_a[bond]   e_a[angle]     e_a[dih]   e_a[vdw14]  e_a[elec14]     e_a[vdw]    e_a[elec]   e_a[total]    e_b[bond]   e_b[angle]     e_b[dih]   e_b[vdw14]  e_b[elec14]     e_b[vdw]    e_b[elec]   e_b[total]
       1      16.5426      26.6123       7.5586       3.8736    -550.0294       4.3466     156.7864    -334.3093       0.1784       0.6051       0.0000       0.0000       0.0000       0.0000       0.0000       0.7834      16.3643      26.0072       7.5586       3.8736    -550.0294      -3.2371     387.6424    -111.8204
       2      11.4747      28.9751       7.3086       6.9899    -545.0656       4.9786     157.3446    -327.9942       0.1429       3.3120       0.0000       0.0000       0.0000       0.0000       0.0000       3.4550      11.3318      25.6630       7.3086       6.9899    -545.0656      -3.2662     384.6133    -112.4252
       3      11.1951      25.5309      13.3652       3.5636    -547.4349       0.2744     168.1472    -325.3586       0.2782       0.7059       0.0000       0.0000       0.0000       0.0000       0.0000       0.9841      10.9168      24.8250      13.3652       3.5636    -547.4349      -3.2633     386.9617    -111.0660
       4       7.3459      33.6154      10.3404       4.9654    -542.3028      10.7841     146.4079    -328.8437       0.0441       4.3089       0.0000       0.0000       0.0000       0.0000       0.0000       4.3531       7.3018      29.3065      10.3404       4.9654    -542.3028      -2.5724     382.5385    -110.4226
       5      14.6793      29.0135      11.7125       3.8299    -546.7044      10.2550     148.9125    -328.3016       0.0732       2.5080       0.0000       0.0000       0.0000       0.0000       0.0000       2.5812      14.6060      26.5055      11.7125       3.8299    -546.7044      -3.8787     385.1421    -108.7869
       6       6.4864      23.8433      10.5080       4.7819    -533.8505       3.9975     145.5225    -338.7108       0.2303       3.7330       0.0000       0.0000       0.0000       0.0000       0.0000       3.9633       6.2561      20.1103      10.5080       4.7819    -533.8505      -2.5837     374.1102    -120.6676
       7      16.5857      30.3995      11.7023       3.3955    -551.9597       2.7070     160.0795    -327.0902       0.9446       2.7132       0.0000       0.0000       0.0000       0.0000       0.0000       3.6578      15.6411      27.6863      11.7023       3.3955    -551.9597      -4.0948     390.8266    -106.8027
       8      14.9785      22.4024      11.9431       4.7736    -543.2345       1.8324     154.2259    -333.0788       0.1785       2.1083       0.0000       0.0000       0.0000       0.0000       0.0000       2.2868      14.7999      20.2941      11.9431       4.7736    -543.2345      -4.3233     384.4229    -111.3242
       9      12.2899      24.5098      10.7298       4.1268    -542.6249       2.6006     165.4583    -322.9098       1.7805       1.3554       0.0000       0.0000       0.0000       0.0000       0.0000       3.1360      10.5094      23.1544      10.7298       4.1268    -542.6249      -3.1384     383.0108    -114.2323
      10      10.8935      27.7515      13.3739       3.8097    -546.1893       6.2945     154.7617    -329.3045       0.8678       0.6923       0.0000       0.0000       0.0000       0.0000       0.0000       1.5601      10.0257      27.0592      13.3739       3.8097    -546.1893      -3.5389     385.3528    -110.1069
      11      14.2270      25.8724      10.9527       4.0574    -541.8776       1.9013     156.7887    -328.0781       2.1934       2.0276       0.0000       0.0000       0.0000       0.0000       0.0000       4.2210      12.0335      23.8449      10.9527       4.0574    -541.8776      -4.0587     380.8974    -114.1504
      12      13.2347      25.4789      10.1305       4.2843    -545.2685       2.2571     164.2839    -325.5991       0.2476       0.8978       0.0000       0.0000       0.0000       0.0000       0.0000       1.1454      12.9871      24.5812      10.1305       4.2843    -545.2685      -0.7380     380.8606    -113.1629
      13      17.2818      21.0126      10.0678       4.7091    -550.7648       0.0251     163.0091    -334.6593       0.1097       1.6159       0.0000       0.0000       0.0000       0.0000       0.0000       1.7256      17.1721      19.3967      10.0678       4.7091    -550.7648      -2.2171     387.0838    -114.5525
      14      11.3005      29.4402       7.9730       3.3371    -545.0836       3.2196     163.1856    -326.6277       0.1957       2.9978       0.0000       0.0000       0.0000       0.0000       0.0000       3.1935      11.1048      26.4424       7.9730       3.3371    -545.0836      -3.7673     393.3531    -106.6406
      15      13.2635      25.7024       8.6023       3.6450    -541.6314       0.6541     160.0134    -329.7507       1.1839       1.9677       0.0000       0.0000       0.0000       0.0000       0.0000       3.1516      12.0796      23.7347       8.6023       3.6450    -541.6314      -4.3623     383.9065    -114.0256
      16      13.6376      21.3800      11.6222       4.2244    -542.5885       1.9386     159.1061    -330.6797       0.8023       0.4633       0.0000       0.0000       0.0000       0.0000       0.0000       1.2655      12.8353      20.9168      11.6222       4.2244    -542.5885      -2.9067     376.3964    -119.5002
      17      10.6050      24.6182       8.7330       3.8064    -546.3185       1.5273     162.2960    -334.7326       0.3484       1.9546       0.0000       0.0000       0.0000       0.0000       0.0000       2.3030      10.2566      22.6636       8.7330       3.8064    -546.3185      -3.8480     384.3279    -120.3790
      18      12.8745      18.4984       9.1796       3.9308    -541.6358       0.6494     160.9172    -335.5858       0.5479       0.9791       0.0000       0.0000       0.0000       0.0000       0.0000       1.5271      12.3266      17.5193       9.1796       3.9308    -541.6358      -3.2963     378.2950    -123.6808
      19      14.2190      28.3979       9.2432       4.6432    -544.2196       4.5103     156.6269    -326.5793       0.0955       3.6497       0.0000       0.0000       0.0000       0.0000       0.0000       3.7453      14.1234      24.7481       9.2432       4.6432    -544.2196      -2.6027     380.0761    -113.9884
      20      16.2737      26.4015       9.4995       4.5883    -550.3885      -2.0097     168.8832    -326.7520       0.0815       3.0911       0.0000       0.0000       0.0000       0.0000       0.0000       3.1726      16.1922      23.3104       9.4995       4.5883    -550.3885      -4.3165     386.9336    -114.1810
      21      15.1143      20.3441       9.8781       5.4462    -539.9235       3.7212     155.5422    -329.8774       0.3801       2.2936       0.0000       0.0000       0.0000       0.0000       0.0000       2.6736      14.7343      18.0505       9.8781       5.4462    -539.9235      -3.2833     381.7707    -113.3269
      22       9.2144      24.9069      12.2641       5.7142    -547.5290       8.7770     150.9431    -335.7092       0.6892       2.8045       0.0000       0.0000       0.0000       0.0000       0.0000       3.4937       8.5253      22.1024      12.2641       5.7142    -547.5290      -4.4729     386.9007    -116.4952
      23      11.3739      20.1907      11.1380       4.1661    -545.6075       0.2306     164.6052    -333.9029       0.2502       0.9694       0.0000       0.0000       0.0000       0.0000       0.0000       1.2196      11.1237      19.2213      11.1380       4.1661    -545.6075      -3.9997     388.7725    -115.1856
      24      12.8781      24.9298       9.0106       3.9749    -547.2072       1.0086     162.5943    -332.8110       0.1591       1.6415       0.0000       0.0000       0.0000       0.0000       0.0000       1.8006      12.7190      23.2884       9.0106       3.9749    -547.2072      -2.9740     383.9816    -117.2068
      25      14.7276      23.8020      10.4687       3.0812    -547.9817       3.1977     155.7606    -336.9439       1.8548       1.9412       0.0000       0.0000       0.0000       0.0000       0.0000       3.7959      12.8729      21.8609      10.4687       3.0812    -547.9817      -3.2349     387.6019    -115.3312
      26      17.5233      21.4455      13.1561       4.1911    -545.4800       5.3701     153.7683    -330.0255       2.1278       1.8332       0.0000       0.0000       0.0000       0.0000       0.0000       3.9610      15.3955      19.6123      13.1561       4.1911    -545.4800      -2.4002     387.1874    -108.3378
      27      13.2046      18.9786      10.3849       3.1535    -542.7782       4.4889     150.9004    -341.6673       0.9572       2.1357       0.0000       0.0000       0.0000       0.0000       0.0000       3.0929      12.2474      16.8429      10.3849       3.1535    -542.7782      -4.3399     384.4552    -120.0342
      28      19.2672      25.5448      10.7554       2.9949    -552.3966       3.5256     158.4720    -331.8366       0.7367       0.5806       0.0000       0.0000       0.0000       0.0000       0.0000       1.3173      18.5305      24.9642      10.7554       2.9949    -552.3966      -1.9838     388.1199    -109.0155
      29       9.7137      30.7295      15.8147       4.2050    -535.0693       4.1931     148.8121    -321.6013       0.4828       2.4445       0.0000       0.0000       0.0000       0.0000       0.0000       2.9273       9.2309      28.2849      15.8147       4.2050    -535.0693      -3.3826     376.8236    -104.0928
      30      14.2308      20.2075       9.5992       4.7221    -537.6998       4.9283     148.5653    -335.4465       0.8428       0.6468       0.0000       0.0000       0.0000       0.0000       0.0000       1.4897      13.3880      19.5607       9.5992       4.7221    -537.6998      -4.0101     376.3306    -118.1093
      31      11.0770      24.4097       9.2580       4.2595    -543.4350       8.0681     149.0741    -337.2887       0.1792       2.6388       0.0000       0.0000       0.0000       0.0000       0.0000       2.8180      10.8978      21.7709       9.2580       4.2595    -543.4350      -2.1134     384.8126    -114.5497
      32      10.6294      26.0457       7.8823       4.2753    -553.0024       1.6888     168.1440    -334.3370       0.0992       0.6750       0.0000       0.0000       0.0000       0.0000       0.0000       0.7742      10.5303      25.3707       7.8823       4.2753    -553.0024      -3.6101     388.9648    -119.5892
      33      19.7676      26.3760      13.3147       4.4445    -557.4580       2.6532     166.4403    -324.4618       1.0000       1.2407       0.0000       0.0000       0.0000       0.0000       0.0000       2.2408      18.7676      25.1352      13.3147       4.4445    -557.4580      -2.1519     392.2545    -105.6935
      34      14.3339      22.5804      12.2886       4.0816    -539.7039       2.1156     156.1370    -328.1667       0.9804       0.5447       0.0000       0.0000       0.0000       0.0000       0.0000       1.5251      13.3535      22.0358      12.2886       4.0816    -539.7039      -2.0143     378.7876    -111.1711
      35       8.3960      24.7308      10.0125       4.0500    -538.3763       3.0144     154.7330    -333.4395       0.4709       2.3371       0.0000       0.0000       0.0000       0.0000       0.0000       2.8080       7.9252      22.3937      10.0125       4.0500    -538.3763      -1.7738     380.5023    -115.2664
      36      12.7423      25.2129      10.5524       3.2135    -550.0602       0.7279     162.3160    -335.2953       0.5784       3.4358       0.0000       0.0000       0.0000       0.0000       0.0000       4.0142      12.1638      21.7771      10.5524       3.2135    -550.0602      -4.5972     387.9515    -118.9991
      37      12.4552      28.7762       9.2151       3.3384    -549.0503       1.7403     162.6845    -330.8408       0.0199       2.1621       0.0000       0.0000       0.0000       0.0000       0.0000       2.1820      12.4353      26.6140       9.2151       3.3384    -549.0503      -4.1820     385.7742    -115.8553
      38       8.9977      30.7724      11.7821       4.8132    -543.0785       3.3350     155.1398    -328.2382       0.5150       3.1581       0.0000       0.0000       0.0000       0.0000       0.0000       3.6730       8.4827      27.6143      11.7821       4.8132    -543.0785      -2.6403     380.9939    -112.0325
      39      10.9782      19.6018      11.5665       4.6624    -543.5548       4.4436     155.0304    -337.2719       0.8970       0.5879       0.0000       0.0000       0.0000       0.0000       0.0000       1.4848      10.0812      19.0140      11.5665       4.6624    -543.5548      -3.9470     384.7453    -117.4325
      40      11.7504      28.7658       8.2786       3.6680    -540.3073      -0.6785     153.4701    -335.0529       2.0527       1.1357       0.0000       0.0000       0.0000       0.0000       0.0000       3.1884       9.6977      27.6301       8.2786       3.6680    -540.3073      -4.2889     376.9101    -118.4118
      41      11.2907      21.4378       9.7587       7.2222    -538.1617       3.2013     152.9288    -332.3223       0.9154       1.2111       0.0000       0.0000       0.0000       0.0000       0.0000       2.1266      10.3753      20.2267       9.7587       7.2222    -538.1617      -0.6520     378.5648    -112.6661
      42      11.1327      32.7200       6.9713       4.4484    -543.0544       2.0407     155.3339    -330.4075       0.0400       4.4255       0.0000       0.0000       0.0000       0.0000       0.0000       4.4654      11.0927      28.2946       6.9713       4.4484    -543.0544      -4.1687     383.8347    -112.5815
      43      11.1012      28.9465       9.5049       3.4582    -549.3461      -2.6510     168.6446    -330.3419       0.1829       2.1930       0.0000       0.0000       0.0000       0.0000       0.0000       2.3759      10.9183      26.7535       9.5049       3.4582    -549.3461      -3.2953     381.8245    -120.1821
      44      12.7955      24.6680       9.9436       3.9764    -538.2651      -1.6294     157.6891    -330.8220       0.0813       2.4509       0.0000       0.0000       0.0000       0.0000       0.0000       2.5322      12.7142      22.2171       9.9436       3.9764    -538.2651      -4.2627     375.9406    -117.7359
      45       8.3421      30.0820      16.1026       4.9249    -548.1532       0.0194     158.5292    -330.1530       0.0155       3.5163       0.0000       0.0000       0.0000       0.0000       0.0000       3.5318       8.3266      26.5657      16.1026       4.9249    -548.1532      -4.4863     386.0361    -110.6836
      46      12.5916      26.2197      11.3666       4.5825    -551.3799      -1.0426     164.9796    -332.6825       0.3238       1.1289       0.0000       0.0000       0.0000       0.0000       0.0000       1.4526      12.2679      25.0908      11.3666       4.5825    -551.3799      -3.4737     383.3244    -118.2214
      47      15.1367      29.1939       8.4904       3.7523    -549.3327      -0.2284     166.4648    -326.5230       0.3094       2.2899       0.0000       0.0000       0.0000       0.0000       0.0000       2.5993      14.8273      26.9039       8.4904       3.7523    -549.3327      -2.9028     384.2529    -114.0086
      48      10.7519      35.9289      11.5160       4.8459    -547.8065       6.6070     154.7265    -323.4303       0.9668       4.4284       0.0000       0.0000       0.0000       0.0000       0.0000       5.3951       9.7852      31.5005      11.5160       4.8459    -547.8065      -3.7706     387.0175    -106.9121
      49       9.9942      27.2931      14.5489       3.6262    -542.8568       4.0890     152.5085    -330.7968       0.0504       2.7058       0.0000       0.0000       0.0000       0.0000       0.0000       2.7562       9.9438      24.5873      14.5489       3.6262    -542.8568      -2.1295     380.8395    -111.4405
      50      16.6535      22.1089      10.0530       4.6982    -544.0186      12.4982     145.3888    -332.6180       2.0040       3.0841       0.0000       0.0000       0.0000       0.0000       0.0000       5.0881      14.6495      19.0248      10.0530       4.6982    -544.0186      -4.4263     386.1586    -113.8608
      51      15.1330      26.4365      11.0046       4.0117    -548.3743       3.5869     155.0434    -333.1583       1.6828       2.7478       0.0000       0.0000       0.0000       0.0000       0.0000       4.4305      13.4503      23.6887      11.0046       4.0117    -548.3743      -3.3424     385.1507    -114.4107
      52      11.7791      23.1799       9.1752       4.5069    -540.5157       4.0610     155.2475    -332.5661       0.1412       4.4908       0.0000       0.0000       0.0000       0.0000       0.0000       4.6320      11.6380      18.6890       9.1752       4.5069    -540.5157      -4.5825     385.6889    -115.4002
      53      12.8407      27.5755      10.5835       2.9520    -548.8701       5.3447     156.8998    -332.6739       0.8714       1.3582       0.0000       0.0000       0.0000       0.0000       0.0000       2.2296      11.9693      26.2172      10.5835       2.9520    -548.8701      -4.4184     389.2654    -112.3011
      54      17.0455      30.2154      14.5016       2.9465    -551.4591      -0.4182     167.8620    -319.3063       1.2912       0.2249       0.0000       0.0000       0.0000       0.0000       0.0000       1.5161      15.7543      29.9905      14.5016       2.9465    -551.4591      -4.2991     390.1263    -102.4391
      55      11.2251      28.1562       9.3585       3.8089    -541.1903       5.6276     150.2113    -332.8027       0.6556       2.0215       0.0000       0.0000       0.0000       0.0000       0.0000       2.6771      10.5694      26.1347       9.3585       3.8089    -541.1903      -2.4800     381.8282    -111.9706
      56      10.6115      28.8431      12.5623       6.0798    -537.4453       3.5531     148.4950    -327.3004       0.9095       7.5832       0.0000       0.0000       0.0000       0.0000       0.0000       8.4927       9.7020      21.2600      12.5623       6.0798    -537.4453      -2.5328     378.6038    -111.7702
      57      10.9595      29.9532      10.5288       3.3394    -542.0713       1.0086     149.1500    -337.1317       1.8129       1.5322       0.0000       0.0000       0.0000       0.0000       0.0000       3.3452       9.1466      28.4210      10.5288       3.3394    -542.0713      -3.9488     374.1991    -120.3852
      58      12.5128      29.8868      11.2902       5.8724    -541.9136       5.4735     156.3273    -320.5506       0.1585       4.2594       0.0000       0.0000       0.0000       0.0000       0.0000       4.4180      12.3543      25.6274      11.2902       5.8724    -541.9136      -4.1685     380.8775    -110.0603
      59      10.1896      23.5258      12.6347       4.9910    -534.7305       3.1063     149.6381    -330.6449       1.3706       4.7620       0.0000       0.0000       0.0000       0.0000       0.0000       6.1326       8.8191      18.7639      12.6347       4.9910    -534.7305      -2.0340     374.1273    -117.4285
      60      15.1703      30.7825      11.6517       6.1012    -552.3694       2.9459     161.6369    -324.0810       0.1649       1.5573       0.0000       0.0000       0.0000       0.0000       0.0000       1.7222      15.0054      29.2252      11.6517       6.1012    -552.3694      -2.7914     388.3510    -104.8264
      61       7.8709      20.5303      11.1292       3.1922    -539.6298      -3.0235     166.0901    -333.8407       0.7652       0.2247       0.0000       0.0000       0.0000       0.0000       0.0000       0.9899       7.1056      20.3056      11.1292       3.1922    -539.6298      -3.8852     379.5866    -122.1957
      62       8.3572      23.1158      14.8674       5.3393    -544.1644       5.7954     153.5424    -333.1469       0.8096       3.5403       0.0000       0.0000       0.0000       0.0000       0.0000       4.3499       7.5476      19.5754      14.8674       5.3393    -544.1644      -2.9218     387.2453    -112.5112
      63      12.7290      21.1346       8.7914       3.0007    -538.1748      -0.7401     161.4684    -331.7908       0.2711       1.2509       0.0000       0.0000       0.0000       0.0000       0.0000       1.5219      12.4579      19.8837       8.7914       3.0007    -538.1748      -3.7685     379.6972    -118.1125
      64      17.8392      21.0517      10.8206       5.7858    -544.8249       3.3841     156.3573    -329.5861       1.1721       2.5876       0.0000       0.0000       0.0000       0.0000       0.0000       3.7597      16.6671      18.4641      10.8206       5.7858    -544.8249      -2.8919     379.8494    -116.1297
      65      12.3976      26.6905      11.8839       3.2019    -551.7424       2.0255     162.2225    -333.3205       0.2544       1.6952       0.0000       0.0000       0.0000       0.0000       0.0000       1.9496      12.1432      24.9953      11.8839       3.2019    -551.7424      -4.4728     390.5986    -113.3922
      66      16.1994      27.5276      10.5992       3.7007    -543.4177       4.1195     158.5291    -322.7422       0.4060       4.4651       0.0000       0.0000       0.0000       0.0000       0.0000       4.8712      15.7933      23.0624      10.5992       3.7007    -543.4177      -3.2285     387.4377    -106.0528
      67      10.9686      26.2356      10.1487       3.6210    -545.6641       4.1979     151.1088    -339.3836       0.0757       0.6866       0.0000       0.0000       0.0000       0.0000       0.0000       0.7623      10.8929      25.5490      10.1487       3.6210    -545.6641      -3.9966     383.9463    -115.5028
      68      11.8977      25.4369      10.3125       3.4975    -539.1839       1.7857     161.7907    -324.4629       0.7225       1.8592       0.0000       0.0000       0.0000       0.0000       0.0000       2.5817      11.1752      23.5777      10.3125       3.4975    -539.1839      -3.9486     382.5581    -112.0114
      69      11.1671      24.3644      13.6008       4.8179    -537.9705       1.9932     156.8579    -325.1691       0.0272       2.8334       0.0000       0.0000       0.0000       0.0000       0.0000       2.8605      11.1400      21.5311      13.6008       4.8179    -537.9705      -4.1811     382.3737    -108.6881
      70      10.0748      26.5243       9.0973       3.8344    -542.0027       2.0849     154.4270    -335.9600       0.0081       3.4835       0.0000       0.0000       0.0000       0.0000       0.0000       3.4916      10.0667      23.0408       9.0973       3.8344    -542.0027      -3.4977     383.2058    -116.2554
      71      14.7864      25.0851       9.9315       4.2783    -544.3014       6.4697     152.4699    -331.2805       1.8416       2.8183       0.0000       0.0000       0.0000       0.0000       0.0000       4.6599      12.9448      22.2668       9.9315       4.2783    -544.3014      -4.4616     389.6007    -109.7409
      72      14.8788      26.8695      14.5155       3.9976    -545.6225       0.6478     159.5734    -325.1399       0.5067       2.7597       0.0000       0.0000       0.0000       0.0000       0.0000       3.2664      14.3720      24.1098      14.5155       3.9976    -545.6225      -3.9454     388.5603    -104.0127
      73      11.0543      25.5835      11.0424       2.6373    -545.0760       2.6869     165.2074    -326.8642       2.4470       1.4001       0.0000       0.0000       0.0000       0.0000       0.0000       3.8470       8.6073      24.1834      11.0424       2.6373    -545.0760      -3.6113     389.0957    -113.1211
      74      17.4738      24.6349      13.2297       4.9111    -551.6663      -0.9272     165.7305    -326.6136       0.5496       0.8608       0.0000       0.0000       0.0000       0.0000       0.0000       1.4103      16.9243      23.7741      13.2297       4.9111    -551.6663      -2.8800     387.3487    -108.3585
      75       8.4126      28.3419       7.8583       3.9952    -539.5267      -0.9877     162.3349    -329.5715       1.2137       2.5217       0.0000       0.0000       0.0000       0.0000       0.0000       3.7354       7.1988      25.8203       7.8583       3.9952    -539.5267      -4.0820     382.6682    -116.0679
      76       7.4045      27.4767       7.2810       4.3224    -541.9863       0.2057     161.4377    -333.8582       0.1306       4.0461       0.0000       0.0000       0.0000       0.0000       0.0000       4.1767       7.2740      23.4305       7.2810       4.3224    -541.9863      -4.4119     385.6517    -118.4384
      77      11.1537      28.4339       9.3773       4.4843    -549.6364       3.8111     160.3602    -332.0159       1.1560       1.3298       0.0000       0.0000       0.0000       0.0000       0.0000       2.4858       9.9978      27.1041       9.3773       4.4843    -549.6364      -3.6992     385.8431    -116.5292
      78      10.1380      22.6369       8.8396       4.5506    -549.0229      -1.6092     165.4737    -338.9933       0.1153       1.3062       0.0000       0.0000       0.0000       0.0000       0.0000       1.4215      10.0227      21.3307       8.8396       4.5506    -549.0229      -3.9154     387.7051    -120.4895
      79      12.4809      25.2024       9.7840       2.9621    -544.7952       1.9129     160.5308    -331.9220       0.2402       2.7724       0.0000       0.0000       0.0000       0.0000       0.0000       3.0126      12.2407      22.4300       9.7840       2.9621    -544.7952      -3.8541     390.3705    -110.8620
      80       7.8310      30.0730       9.7367       4.1750    -540.0488       3.1806     155.2288    -329.8237       0.2940       4.6545       0.0000       0.0000       0.0000       0.0000       0.0000       4.9485       7.5370      25.4185       9.7367       4.1750    -540.0488      -2.8816     378.2569    -117.8063
      81      14.1629      31.6725      14.9891       3.4863    -548.3117       7.7974     152.6578    -323.5457       0.0274       2.1458       0.0000       0.0000       0.0000       0.0000       0.0000       2.1732      14.1355      29.5267      14.9891       3.4863    -548.3117      -4.0335     387.0408    -103.1668
      82      13.8624      23.6782      12.2495       5.3931    -538.8508       5.4027     147.3614    -330.9034       0.0060       2.2120       0.0000       0.0000       0.0000       0.0000       0.0000       2.2180      13.8564      21.4662      12.2495       5.3931    -538.8508      -0.9547     378.5970    -108.2432
      83       7.5948      20.0996       8.3905       4.7724    -536.0005       9.2296     149.0225    -336.8911       0.9752       0.1963       0.0000       0.0000       0.0000       0.0000       0.0000       1.1715       6.6196      19.9033       8.3905       4.7724    -536.0005      -2.1564     378.2392    -120.2319
      84      16.7931      28.2644       9.5358       3.9763    -550.1993       2.2232     163.7476    -325.6588       0.1269       1.0736       0.0000       0.0000       0.0000       0.0000       0.0000       1.2005      16.6662      27.1908       9.5358       3.9763    -550.1993      -3.7674     389.8824    -106.7152
      85      14.7569      23.8911       8.7321       4.0309    -550.6857       1.7696     167.5835    -329.9217       0.5319       0.2019       0.0000       0.0000       0.0000       0.0000       0.0000       0.7337      14.2251      23.6892       8.7321       4.0309    -550.6857      -4.4185     394.3741    -110.0529
      86      13.4228      29.2554      10.6447       4.8551    -539.8630       0.3194     159.8862    -321.4795       1.3194       3.4060       0.0000       0.0000       0.0000       0.0000       0.0000       4.7254      12.1034      25.8494      10.6447       4.8551    -539.8630      -4.8377     386.9279    -104.3202
      87      13.4115      25.6231       8.2258       4.0965    -540.8657       3.5183     151.8961    -334.0944       0.6364       4.4361       0.0000       0.0000       0.0000       0.0000       0.0000       5.0725      12.7751      21.1870       8.2258       4.0965    -540.8657      -4.5522     381.4388    -117.6948
      88      12.7733      25.9520       9.1478       5.0065    -539.8566       3.4080     149.5364    -334.0326       0.2234       0.9149       0.0000       0.0000       0.0000       0.0000       0.0000       1.1383      12.5499      25.0371       9.1478       5.0065    -539.8566      -2.4795     376.5919    -114.0029
      89       9.8742      22.9793      11.6700       4.6093    -543.8320       3.3468     156.7147    -334.6377       0.6450       1.0688       0.0000       0.0000       0.0000       0.0000       0.0000       1.7137       9.2292      21.9106      11.6700       4.6093    -543.8320      -3.3896     379.5182    -120.2844
      90      10.4629      20.5668      11.4768       5.0233    -544.7810      -1.0253     161.3222    -336.9543       0.0514       1.8857       0.0000       0.0000       0.0000       0.0000       0.0000       1.9371      10.4115      18.6811      11.4768       5.0233    -544.7810      -4.6920     382.3758    -121.5046
      91      11.6147      28.0041      12.0352       2.7221    -547.8550       0.2920     157.1309    -336.0562       0.0138       2.8562       0.0000       0.0000       0.0000       0.0000       0.0000       2.8700      11.6009      25.1478      12.0352       2.7221    -547.8550      -4.3295     386.0159    -114.6627
      92      10.9998      35.3332      10.7303       3.7025    -556.9671       5.2753     164.2463    -326.6797       0.5958       4.1015       0.0000       0.0000       0.0000       0.0000       0.0000       4.6973      10.4040      31.2316      10.7303       3.7025    -556.9671      -1.8425     393.6246    -109.1166
      93      15.4758      27.6646      12.2196       3.7564    -545.6881       1.1002     166.8479    -318.6238       1.3152       0.8522       0.0000       0.0000       0.0000       0.0000       0.0000       2.1674      14.1606      26.8124      12.2196       3.7564    -545.6881      -3.4518     385.0604    -107.1306
      94      10.5393      21.9411       9.9195       4.3723    -537.3208       0.2465     155.8232    -334.4789       1.0857       2.3383       0.0000       0.0000       0.0000       0.0000       0.0000       3.4240       9.4536      19.6027       9.9195       4.3723    -537.3208      -3.7072     380.7017    -116.9781
      95       7.2252      23.0704      10.2020       5.1734    -541.2096      -0.0030     160.3576    -335.1840       0.4560       1.5202       0.0000       0.0000       0.0000       0.0000       0.0000       1.9762       6.7692      21.5502      10.2020       5.1734    -541.2096      -3.9150     382.7054    -118.7244
      96      22.1674      25.1911      10.4838       4.8925    -561.7226       3.6780     166.3535    -328.9563       0.5644       0.8278       0.0000       0.0000       0.0000       0.0000       0.0000       1.3923      21.6030      24.3632      10.4838       4.8925    -561.7226      -4.3471     397.8472    -106.8800
      97      11.4731      22.3732      10.9733       3.8474    -539.3469       8.3896     149.8154    -332.4750       0.1937       1.6881       0.0000       0.0000       0.0000       0.0000       0.0000       1.8817      11.2794      20.6851      10.9733       3.8474    -539.3469      -4.3853     384.0238    -112.9232
      98      16.3746      25.0803      11.7529       4.0210    -547.7166       0.0361     161.9462    -328.5055       0.2944       2.9990       0.0000       0.0000       0.0000       0.0000       0.0000       3.2934      16.0802      22.0813      11.7529       4.0210    -547.7166      -3.9498     383.9002    -113.8308
      99      10.5497      23.6784      11.2759       4.5052    -536.6894      -0.0136     150.9720    -335.7218       0.7093       4.2421       0.0000       0.0000       0.0000       0.0000       0.0000       4.9515       9.8404      19.4363      11.2759       4.5052    -536.6894      -3.9075     375.0295    -120.5096
     100       8.4257      28.9432      12.5672       4.0163    -539.1515       0.7281     151.8442    -332.6268       0.1896       3.9702       0.0000       0.0000       0.0000       0.0000       0.0000       4.1598       8.2361      24.9730      12.5672       4.0163    -539.1515      -2.5209     377.3650    -114.5148
     101      14.8260      30.5276       8.1581       5.5634    -553.2161       3.6800     166.3666    -324.0945       0.9781       3.7270       0.0000       0.0000       0.0000       0.0000       0.0000       4.7051      13.8479      26.8006       8.1581       5.5634    -553.2161      -3.5267     390.9917    -111.3812
     102      15.1763      26.8679       9.3311       4.6157    -551.3180       3.0180     161.9956    -330.3134       0.2507       5.3698       0.0000       0.0000       0.0000       0.0000       0.0000       5.6205      14.9257      21.4980       9.3311       4.6157    -551.3180      -3.6812     389.5619    -115.0669
     103       9.7274      26.9649       9.6109       4.0211    -544.1972       5.2131     152.2544    -336.4053       1.3128       4.4160       0.0000       0.0000       0.0000       0.0000       0.0000       5.7288       8.4146      22.5489       9.6109       4.0211    -544.1972      -2.2157     386.3207    -115.4967
     104      14.5249      22.7798      12.9449       4.3206    -545.4438       3.3279     157.3960    -330.1497       0.6165       5.2353       0.0000       0.0000       0.0000       0.0000       0.0000       5.8518      13.9084      17.5445      12.9449       4.3206    -545.4438      -2.0161     382.5626    -116.1789
     105       8.1097      26.8159      10.4002       3.7414    -541.7571       7.7638     147.5592    -337.3668       0.2483       2.8233       0.0000       0.0000       0.0000       0.0000       0.0000       3.0716       7.8614      23.9926      10.4002       3.7414    -541.7571      -4.2290     384.0040    -115.9864
     106       9.6786      31.2485      11.3004       3.8595    -536.3231       1.8090     150.8766    -327.5504       0.3905       4.6900       0.0000       0.0000       0.0000       0.0000       0.0000       5.0805       9.2881      26.5585      11.3004       3.8595    -536.3231      -3.3892     375.4877    -113.2180
     107      13.9107      19.9310      12.1393       3.7290    -538.8357       1.7371     160.4176    -326.9711       0.2647       1.8959       0.0000       0.0000       0.0000       0.0000       0.0000       2.1607      13.6460      18.0351      12.1393       3.7290    -538.8357      -4.0129     381.6309    -113.6685
     108      14.2580      26.2117      11.0685       3.3432    -547.8370       3.9885     158.7458    -330.2212       1.3594       0.6512       0.0000       0.0000       0.0000       0.0000       0.0000       2.0106      12.8986      25.5606      11.0685       3.3432    -547.8370      -2.1149     384.4897    -112.5913
     109      11.3527      27.3367      11.3799       5.1590    -542.5998      -0.9656     155.1212    -333.2158       0.7327       2.3148       0.0000       0.0000       0.0000       0.0000       0.0000       3.0475      10.6200      25.0220      11.3799       5.1590    -542.5998      -2.5413     376.7282    -116.2321
     110      11.0119      31.2409      10.4215       4.2663    -543.6403       1.0416     167.1212    -318.5369       0.7279       3.9322       0.0000       0.0000       0.0000       0.0000       0.0000       4.6600      10.2840      27.3087      10.4215       4.2663    -543.6403      -3.4958     388.8276    -106.0280
     111      12.3306      23.9315       8.5722       3.3870    -549.4281      -0.1195     164.7042    -336.6222       1.3599       0.8903       0.0000       0.0000       0.0000       0.0000       0.0000       2.2502      10.9707      23.0412       8.5722       3.3870    -549.4281      -3.2086     383.7985    -122.8671
     112      12.6585      25.6592       7.8990       3.4752    -550.0440       0.7088     168.0075    -331.6357       0.1818       2.1938       0.0000       0.0000       0.0000       0.0000       0.0000       2.3756      12.4768      23.4654       7.8990       3.4752    -550.0440      -4.2717     390.3390    -116.6603
     113      11.2372      24.4921       6.8102       4.3913    -539.8191       2.8852     156.0217    -333.9814       2.0471       1.2282       0.0000       0.0000       0.0000       0.0000       0.0000       3.2753       9.1901      23.2639       6.8102       4.3913    -539.8191      -2.0411     381.6549    -116.5498
     114      13.8891      25.8129      12.8563       3.6112    -546.3033       1.6005     155.1192    -333.4142       1.5045       2.9739       0.0000       0.0000       0.0000       0.0000       0.0000       4.4784      12.3846      22.8390      12.8563       3.6112    -546.3033      -4.5367     386.4707    -112.6783
     115      12.8761      26.4111       8.6303       4.6872    -539.1181       1.9484     153.6945    -330.8705       1.4425       4.1460       0.0000       0.0000       0.0000       0.0000       0.0000       5.5886      11.4335      22.2651       8.6303       4.6872    -539.1181      -2.1776     378.5350    -115.7445
     116      10.1710      25.8252      10.3124       3.3882    -543.8292      -3.4523     164.9800    -332.6047       1.1667       2.5873       0.0000       0.0000       0.0000       0.0000       0.0000       3.7540       9.0043      23.2379      10.3124       3.3882    -543.8292      -4.6034     387.3570    -115.1327
     117       8.6811      30.7537       9.9009       3.9099    -546.4227       6.0383     159.1170    -328.0218       0.0065       1.6127       0.0000       0.0000       0.0000       0.0000       0.0000       1.6192       8.6746      29.1410       9.9009       3.9099    -546.4227      -1.8992     390.8053    -105.8903
     118      17.8018      22.8004      10.3309       2.9948    -548.3854       6.2232     149.1533    -339.0809       0.3023       1.6788       0.0000       0.0000       0.0000       0.0000       0.0000       1.9811      17.4995      21.1216      10.3309       2.9948    -548.3854      -3.6995     384.2519    -115.8862
     119      11.1155      29.4509      13.0018       3.0096    -542.7162       0.9457     158.9169    -326.2758       0.6928       1.1374       0.0000       0.0000       0.0000       0.0000       0.0000       1.8303      10.4227      28.3135      13.0018       3.0096    -542.7162      -3.5785     382.8448    -108.7023
     120      10.3216      25.0185       9.8405       4.4799    -538.0103       1.0654     148.0622    -339.2221       2.0813       2.8183       0.0000       0.0000       0.0000       0.0000       0.0000       4.8995       8.2403      22.2003       9.8405       4.4799    -538.0103      -3.9506     377.2658    -119.9341
     121       9.5733      24.5234       9.4632       4.0867    -542.2691       2.7125     159.7844    -332.1257       0.2799       1.8170       0.0000       0.0000       0.0000       0.0000       0.0000       2.0969       9.2934      22.7064       9.4632       4.0867    -542.2691      -2.9944     384.6496    -115.0643
     122      11.4181      27.0414      10.8838       3.8139    -547.8881       2.5855     158.7772    -333.3682       0.3284       3.9332       0.0000       0.0000       0.0000       0.0000       0.0000       4.2616      11.0897      23.1083      10.8838       3.8139    -547.8881      -2.3537     384.3392    -117.0069
     123       8.7005      26.4263       7.1953       4.6052    -540.2175       6.7662     152.1542    -334.3699       0.3983       3.2834       0.0000       0.0000       0.0000       0.0000       0.0000       3.6817       8.3022      23.1429       7.1953       4.6052    -540.2175      -0.0050     379.5274    -117.4496
     124      10.2071      21.4223       9.9194       4.5159    -540.2050       0.7848     160.6107    -332.7449       0.7669       2.5473       0.0000       0.0000       0.0000       0.0000       0.0000       3.3142       9.4402      18.8750       9.9194       4.5159    -540.2050      -4.1389     382.3350    -119.2585
     125      10.0822      26.3603       8.8936       4.1818    -537.9097       7.9714     146.8843    -333.5361       0.6694       2.7255       0.0000       0.0000       0.0000       0.0000       0.0000       3.3948       9.4129      23.6349       8.8936       4.1818    -537.9097      -3.1395     382.0778    -112.8481
     126       8.3638      28.4471      11.8178       4.8787    -541.4321       0.3325     157.9649    -329.6272       0.2891       1.8192       0.0000       0.0000       0.0000       0.0000       0.0000       2.1083       8.0747      26.6279      11.8178       4.8787    -541.4321      -3.9965     383.3013    -110.7280
