#Frame     p_ab[bond]  p_ab[angle]    p_ab[dih]  p_ab[vdw14] p_ab[elec14]    p_ab[vdw]   p_ab[elec]  p_ab[total]    p_a[bond]   p_a[angle]     p_a[dih]   p_a[vdw14]  p_a[elec14]     p_a[vdw]    p_a[elec]   p_a[total]    p_b[bond]   p_b[angle]     p_b[dih]   p_b[vdw14]  p_b[elec14]     p_b[vdw]    p_b[elec]   p_b[total]
       1       7.1095      11.6843       2.9043       1.6649    -270.9368      -0.1784      50.3566    -197.3957       1.8449       3.0777       0.0000       0.0000       0.0000       0.0000       0.0000       4.9227       5.2645       8.6065       2.9043       1.6649    -270.9368      -0.6758     159.0099     -94.1624
       2       6.2763      12.7975       3.4338       1.8944    -273.3704      -0.3443      48.7463    -200.5664       0.5990       4.5009       0.0000       0.0000       0.0000       0.0000       0.0000       5.1000       5.6773       8.2965       3.4338       1.8944    -273.3704      -1.0430     158.6523     -96.4590
       3       4.8240      16.5347       6.9292       2.1971    -274.3134       3.9847      43.4452    -196.3984       0.6093       1.6510       0.0000       0.0000       0.0000       0.0000       0.0000       2.2604       4.2146      14.8837       6.9292       2.1971    -274.3134      -1.1105     161.1406     -86.0586
       4       6.6882      12.7901       7.7859       2.6852    -272.3971       0.0528      47.0733    -195.3218       0.8083       0.6853       0.0000       0.0000       0.0000       0.0000       0.0000       1.4937       5.8798      12.1048       7.7859       2.6852    -272.3971      -1.2558     158.8957     -86.3016
       5       3.8977      11.4491       6.7925       3.4868    -270.9681       0.7842      43.8773    -200.6806       0.0068       2.4236       0.0000       0.0000       0.0000       0.0000       0.0000       2.4305       3.8909       9.0254       6.7925       3.4868    -270.9681      -1.2556     161.1286     -87.8995
       6       6.1811      16.3497       6.1633       1.3369    -270.9136      -0.6961      40.9993    -200.5793       0.5879       5.0268       0.0000       0.0000       0.0000       0.0000       0.0000       5.6147       5.5932      11.3229       6.1633       1.3369    -270.9136      -1.2888     155.7944     -91.9916
       7       4.3117      10.4064       4.1302       1.5434    -267.8287      -0.9223      50.3327    -198.0267       0.0542       3.0698       0.0000       0.0000       0.0000       0.0000       0.0000       3.1239       4.2575       7.3367       4.1302       1.5434    -267.8287      -1.0018     155.4716     -96.0912
       8       7.4236      14.9032       6.3536       1.1080    -276.0131       0.1876      45.8925    -200.1445       0.1728       4.9873       0.0000       0.0000       0.0000       0.0000       0.0000       5.1601       7.2508       9.9159       6.3536       1.1080    -276.0131      -1.0271     160.4930     -91.9190
       9       6.4185      10.9133       3.9429       3.2234    -277.6078       0.9985      52.1186    -199.9926       0.0799       0.4937       0.0000       0.0000       0.0000       0.0000       0.0000       0.5735       6.3386      10.4197       3.9429       3.2234    -277.6078       0.0032     161.2365     -92.4434
      10       5.0652      12.1851       6.0100       2.4978    -272.4816       1.9477      49.3263    -195.4495       1.8350       2.3765       0.0000       0.0000       0.0000       0.0000       0.0000       4.2115       3.2302       9.8086       6.0100       2.4978    -272.4816      -0.5717     157.7146     -93.7920
      11       8.1113       9.5059       4.3769       1.7260    -269.0097      -0.0329      48.0081    -197.3144       0.8356       0.7462       0.0000       0.0000       0.0000       0.0000       0.0000       1.5818       7.2757       8.7597       4.3769       1.7260    -269.0097      -0.6642     154.0439     -93.4917
      12       4.6371      12.9173       4.1554       2.5429    -274.0317      -1.5938      53.1309    -198.2418       0.3081       2.1149       0.0000       0.0000       0.0000       0.0000       0.0000       2.4230       4.3290      10.8025       4.1554       2.5429    -274.0317      -0.8646     158.4753     -94.5912
      13       6.7023      16.6434       4.4765       2.1891    -269.4843      -1.2496      47.1018    -193.6208       1.0364       4.7842       0.0000       0.0000       0.0000       0.0000       0.0000       5.8207       5.6658      11.8591       4.4765       2.1891    -269.4843      -1.0196     154.5633     -91.7500
      14       9.4300      22.9206       4.5057       2.2174    -280.9936       4.7049      46.7044    -190.5106       0.1225       2.9484       0.0000       0.0000       0.0000       0.0000       0.0000       3.0709       9.3075      19.9722       4.5057       2.2174    -280.9936      -1.1532     165.4848     -80.6592
      15       4.0961      13.7273       5.4933       1.9381    -275.8671       1.6846      45.9276    -203.0002       0.3514       2.6410       0.0000       0.0000       0.0000       0.0000       0.0000       2.9924       3.7447      11.0862       5.4933       1.9381    -275.8671      -0.9490     159.8130     -94.7407
      16       3.6191      12.3032       4.3932       3.3052    -266.8937      -1.1890      54.7376    -189.7244       0.4753       3.8658       0.0000       0.0000       0.0000       0.0000       0.0000       4.3411       3.1438       8.4374       4.3932       3.3052    -266.8937       0.1063     154.5488     -92.9591
      17       8.5226      14.4475       7.0339       1.6066    -278.5993       0.8208      52.4774    -193.6905       0.1362       1.9848       0.0000       0.0000       0.0000       0.0000       0.0000       2.1210       8.3864      12.4627       7.0339       1.6066    -278.5993      -1.1224     163.4099     -86.8222
      18       5.3983      13.0521       6.4738       2.6832    -272.7483      -0.2683      48.7403    -196.6687       0.0398       2.2796       0.0000       0.0000       0.0000       0.0000       0.0000       2.3193       5.3586      10.7726       6.4738       2.6832    -272.7483      -0.5353     156.2207     -91.7747
      19       4.1327      18.1515       9.3374       1.8537    -273.2141       0.6095      44.9520    -194.1773       0.8091       3.5888       0.0000       0.0000       0.0000       0.0000       0.0000       4.3979       3.3236      14.5627       9.3374       1.8537    -273.2141      -1.4052     157.9257     -87.6163
      20       9.1552      17.5007       4.4338       1.9530    -279.7063       0.4792      49.7286    -196.4557       0.2836       3.1478       0.0000       0.0000       0.0000       0.0000       0.0000       3.4314       8.8716      14.3530       4.4338       1.9530    -279.7063      -1.0428     162.7417     -88.3960
      21       6.9382      16.1137       8.4824       1.1367    -275.3196      -1.1802      52.0279    -191.8010       0.3995       4.0274       0.0000       0.0000       0.0000       0.0000       0.0000       4.4269       6.5387      12.0863       8.4824       1.1367    -275.3196      -1.2742     158.3834     -89.9664
      22       4.7218      14.3128       5.3196       1.2140    -272.7103      -0.6635      51.4182    -196.3873       0.0085       2.1181       0.0000       0.0000       0.0000       0.0000       0.0000       2.1266       4.7133      12.1947       5.3196       1.2140    -272.7103      -1.1402     160.7634     -89.6455
      23       4.1253      17.1544       5.8794       1.9412    -271.9082       0.5233      46.7137    -195.5708       0.2072       6.8839       0.0000       0.0000       0.0000       0.0000       0.0000       7.0911       3.9181      10.2705       5.8794       1.9412    -271.9082      -1.0803     159.4769     -91.5023
      24       2.4295      10.8797       6.0051       2.8713    -266.8246      -0.8313      56.0253    -189.4449       0.2755       1.8756       0.0000       0.0000       0.0000       0.0000       0.0000       2.1511       2.1541       9.0041       6.0051       2.8713    -266.8246      -0.5328     153.3003     -94.0225
      25       3.5186      17.4997       5.5361       1.6055    -263.7407       0.6560      39.6644    -195.2604       0.2256       5.4074       0.0000       0.0000       0.0000       0.0000       0.0000       5.6331       3.2929      12.0923       5.5361       1.6055    -263.7407      -0.9419     153.9677     -88.1881
      26       6.2066      15.7683       5.0670       1.3958    -274.6541      -0.8398      50.7489    -196.3074       1.5927       1.0915       0.0000       0.0000       0.0000       0.0000       0.0000       2.6842       4.6139      14.6768       5.0670       1.3958    -274.6541      -1.3298     158.8020     -91.4284
      27       7.5096      13.8966       5.0180       3.1374    -273.2937      -0.7654      51.7525    -192.7451       0.2657       1.2699       0.0000       0.0000       0.0000       0.0000       0.0000       1.5356       7.2439      12.6267       5.0180       3.1374    -273.2937      -0.9064     158.1212     -88.0528
      28       4.9657      10.5652       6.4538       2.4714    -268.9434      -0.1882      48.4678    -196.2077       0.9631       2.1016       0.0000       0.0000       0.0000       0.0000       0.0000       3.0648       4.0025       8.4636       6.4538       2.4714    -268.9434      -1.1473     158.5660     -90.1333
      29       7.7044      12.0693       3.9086       2.3932    -271.5878       1.7019      47.4054    -196.4050       0.7068       1.3933       0.0000       0.0000       0.0000       0.0000       0.0000       2.1001       6.9976      10.6760       3.9086       2.3932    -271.5878      -0.4951     156.0096     -92.0979
      30       4.7507      13.2326       8.5856       2.2177    -272.3745      -0.3405      61.1204    -182.8080       0.0375       2.3534       0.0000       0.0000       0.0000       0.0000       0.0000       2.3910       4.7132      10.8792       8.5856       2.2177    -272.3745      -1.5018     159.3243     -88.1565
      31       6.6800      15.2377       5.2330       2.6145    -271.2146       0.7984      51.2897    -189.3613       1.2828       2.2895       0.0000       0.0000       0.0000       0.0000       0.0000       3.5722       5.3972      12.9482       5.2330       2.6145    -271.2146      -0.8305     160.0782     -85.7739
      32       5.9346      16.1184       5.1843       2.6874    -273.6176       0.4408      47.3048    -195.9473       1.7099       6.7125       0.0000       0.0000       0.0000       0.0000       0.0000       8.4224       4.2247       9.4059       5.1843       2.6874    -273.6176      -0.5395     159.1601     -93.4948
      33       4.5769      11.6717       5.4787       2.7992    -275.7207      -0.0719      56.6397    -194.6265       0.2691       1.9898       0.0000       0.0000       0.0000       0.0000       0.0000       2.2590       4.3078       9.6818       5.4787       2.7992    -275.7207      -0.9066     160.7383     -93.6216
      34       6.3393       9.4722       5.7083       1.8625    -272.7587       2.0598      43.1648    -204.1519       0.6750       2.0295       0.0000       0.0000       0.0000       0.0000       0.0000       2.7044       5.6643       7.4428       5.7083       1.8625    -272.7587      -0.2064     158.9950     -93.2922
      35       4.5401      12.6552       3.6133       1.2075    -267.2790      -1.6572      50.8852    -196.0349       0.3281       2.3322       0.0000       0.0000       0.0000       0.0000       0.0000       2.6603       4.2120      10.3230       3.6133       1.2075    -267.2790      -1.2092     156.3720     -92.7604
      36       8.5079      13.7024       4.3301       2.8061    -279.0365       3.5003      47.3844    -198.8053       0.1501       2.2904       0.0000       0.0000       0.0000       0.0000       0.0000       2.4405       8.3579      11.4120       4.3301       2.8061    -279.0365      -1.1011     162.6266     -90.6050
      37       4.9928      10.5929       4.4615       2.2496    -271.0394       8.1375      36.5310    -204.0740       0.4177       2.2832       0.0000       0.0000       0.0000       0.0000       0.0000       2.7008       4.5751       8.3098       4.4615       2.2496    -271.0394      -0.8230     158.6134     -93.6530
      38       6.1304      17.9975       4.8243       3.1440    -281.9380       0.0536      65.4244    -184.3639       0.1431       2.9100       0.0000       0.0000       0.0000       0.0000       0.0000       3.0532       5.9873      15.0874       4.8243       3.1440    -281.9380       0.0341     165.0091     -87.8518
      39       7.1393      13.8733       4.7205       2.2602    -273.0087       0.8698      45.5177    -198.6279       0.0305       4.1091       0.0000       0.0000       0.0000       0.0000       0.0000       4.1396       7.1088       9.7642       4.7205       2.2602    -273.0087      -1.5674     159.6872     -91.0351
      40       1.8895      15.5451       3.9445       1.5620    -272.5374      -1.5955      49.3982    -201.7937       0.0946       2.8870       0.0000       0.0000       0.0000       0.0000       0.0000       2.9816       1.7949      12.6581       3.9445       1.5620    -272.5374      -1.2633     158.3705     -95.4708
      41       9.7990      12.0325       8.2027       1.8851    -270.3459       0.7878      41.6075    -196.0312       1.9711       1.6832       0.0000       0.0000       0.0000       0.0000       0.0000       3.6543       7.8279      10.3493       8.2027       1.8851    -270.3459      -0.9576     157.2199     -85.8185
      42       6.9504      10.8913       6.8529       3.3973    -274.8111       0.1214      50.3152    -196.2826       0.5311       0.9750       0.0000       0.0000       0.0000       0.0000       0.0000       1.5060       6.4194       9.9164       6.8529       3.3973    -274.8111      -0.2433     161.7834     -86.6851
      43       4.1494      12.5263       4.1306       1.7691    -271.6271      -1.1178      55.8465    -194.3229       0.2511       0.9406       0.0000       0.0000       0.0000       0.0000       0.0000       1.1916       3.8984      11.5857       4.1306       1.7691    -271.6271      -0.8986     159.7897     -91.3523
      44       7.6803      13.1065       5.7283       1.8193    -269.5632      -0.6831      39.6959    -202.2161       0.5116       1.3775       0.0000       0.0000       0.0000       0.0000       0.0000       1.8892       7.1687      11.7290       5.7283       1.8193    -269.5632      -1.4608     155.2714     -89.3075
      45       9.4046      12.1303       4.7634       3.7322    -267.0485      -1.0931      49.0462    -189.0649       0.1501       4.0264       0.0000       0.0000       0.0000       0.0000       0.0000       4.1765       9.2545       8.1039       4.7634       3.7322    -267.0485      -0.2222     153.3840     -88.0327
      46       6.2130      16.6354       4.7307       1.9859    -268.0942      -0.4056      54.1980    -184.7368       1.2513       1.8115       0.0000       0.0000       0.0000       0.0000       0.0000       3.0628       4.9617      14.8239       4.7307       1.9859    -268.0942      -1.0271     154.0384     -88.5806
      47      11.6042       8.7243       4.1764       2.5667    -274.8464      -3.1177      65.0103    -185.8822       0.3962       1.6304       0.0000       0.0000       0.0000       0.0000       0.0000       2.0266      11.2079       7.0939       4.1764       2.5667    -274.8464      -1.2857     160.5428     -90.5443
      48      11.4311      15.4187       7.1516       2.9041    -270.9904       0.2297      39.2743    -194.5809       0.6297       2.2083       0.0000       0.0000       0.0000       0.0000       0.0000       2.8380      10.8013      13.2104       7.1516       2.9041    -270.9904      -1.3422     158.5133     -79.7518
      49       5.5780      14.1597       8.9511       1.6698    -272.2760       0.7885      43.4727    -197.6561       1.0576       4.7721       0.0000       0.0000       0.0000       0.0000       0.0000       5.8297       4.5204       9.3877       8.9511       1.6698    -272.2760      -1.1646     157.8576     -91.0540
      50       6.5834      16.3336       6.7798       2.0422    -273.2712       2.0718      41.1561    -198.3045       1.1193       4.2030       0.0000       0.0000       0.0000       0.0000       0.0000       5.3223       5.4641      12.1306       6.7798       2.0422    -273.2712      -1.3546     158.9448     -89.2645
      51       2.3170      10.6011       9.7669       2.2942    -263.3354       1.1525      36.4596    -200.7441       0.1595       3.2261       0.0000       0.0000       0.0000       0.0000       0.0000       3.3856       2.1575       7.3751       9.7669       2.2942    -263.3354      -1.2748     155.3847     -87.6318
      52       6.0956      17.1382       5.4186       2.0647    -279.3333       1.2971      43.0521    -204.2669       0.1285       4.8394       0.0000       0.0000       0.0000       0.0000       0.0000       4.9679       5.9672      12.2988       5.4186       2.0647    -279.3333      -1.5781     163.6653     -91.4968
      53       8.2315      11.8335       4.7438       2.4373    -275.2583      -1.3054      47.4212    -201.8965       0.3575       2.6437       0.0000       0.0000       0.0000       0.0000       0.0000       3.0012       7.8740       9.1898       4.7438       2.4373    -275.2583      -1.1038     158.7687     -93.3486
      54       3.6672      24.1700       4.7990       1.3162    -273.5662      -0.4331      58.7558    -181.2912       0.5132       4.6013       0.0000       0.0000       0.0000       0.0000       0.0000       5.1145       3.1540      19.5688       4.7990       1.3162    -273.5662      -1.3331     162.9977     -83.0638
      55       4.0038      12.8477       3.8995       3.2385    -269.8111      -0.9745      57.6116    -189.1844       0.2534       3.2923       0.0000       0.0000       0.0000       0.0000       0.0000       3.5457       3.7504       9.5554       3.8995       3.2385    -269.8111      -0.5409     159.2850     -90.6232
      56       8.1463      12.6306       4.5856       1.5720    -276.4361       0.5774      47.6949    -201.2294       0.5028       3.1705       0.0000       0.0000       0.0000       0.0000       0.0000       3.6733       7.6435       9.4601       4.5856       1.5720    -276.4361      -1.3425     164.2393     -90.2782
      57       6.3965      15.3780       4.5041       2.2654    -274.4469      -2.5071      65.3690    -183.0410       0.5178       1.8261       0.0000       0.0000       0.0000       0.0000       0.0000       2.3438       5.8787      13.5519       4.5041       2.2654    -274.4469      -1.2368     161.5671     -87.9164
      58       6.5210      15.1588       4.4828       1.8975    -276.0212      -2.7051      61.0278    -189.6384       1.3380       3.0972       0.0000       0.0000       0.0000       0.0000       0.0000       4.4352       5.1830      12.0616       4.4828       1.8975    -276.0212      -1.5013     162.4777     -91.4199
      59       5.0637      17.1249       2.9495       2.5623    -276.9693       4.8171      49.1950    -195.2569       0.0241       2.2158       0.0000       0.0000       0.0000       0.0000       0.0000       2.2399       5.0397      14.9090       2.9495       2.5623    -276.9693      -0.1774     168.3005     -83.3857
      60       5.0926      11.1494       4.5934       2.0896    -270.0364       0.2913      53.3132    -193.5069       0.9539       3.0309       0.0000       0.0000       0.0000       0.0000       0.0000       3.9848       4.1387       8.1185       4.5934       2.0896    -270.0364      -1.2845     158.8614     -93.5194
      61       2.9857      11.6569       4.1859       2.4674    -268.7748       2.3030      47.3399    -197.8360       0.0981       1.9675       0.0000       0.0000       0.0000       0.0000       0.0000       2.0655       2.8876       9.6894       4.1859       2.4674    -268.7748       0.1367     157.1545     -92.2533
      62       4.8243       8.9138       8.3492       2.8259    -269.0115       0.3065      56.3760    -187.4158       0.2003       0.1938       0.0000       0.0000       0.0000       0.0000       0.0000       0.3941       4.6240       8.7200       8.3492       2.8259    -269.0115      -0.7533     154.6514     -90.5943
      63       3.4973       7.8645       7.6389       3.9598    -272.6293       2.4345      42.8485    -204.3859       0.0319       1.2840       0.0000       0.0000       0.0000       0.0000       0.0000       1.3159       3.4655       6.5805       7.6389       3.9598    -272.6293      -0.7594     158.2832     -93.4609
      64       4.0040      11.3195       5.3402       3.7567    -265.6368      -1.0147      46.6489    -195.5821       1.3434       3.9636       0.0000       0.0000       0.0000       0.0000       0.0000       5.3070       2.6606       7.3559       5.3402       3.7567    -265.6368      -0.8394     156.4957     -90.8669
      65      10.4597       9.5505       6.8767       2.1225    -276.6982      -0.4529      47.8873    -200.2542       0.8884       0.7743       0.0000       0.0000       0.0000       0.0000       0.0000       1.6628       9.5713       8.7762       6.8767       2.1225    -276.6982      -1.3250     162.4343     -88.2421
      66       2.7906      10.6162       5.8614       2.7663    -265.9158      -0.9270      41.5127    -203.2957       0.0564       0.2990       0.0000       0.0000       0.0000       0.0000       0.0000       0.3555       2.7341      10.3172       5.8614       2.7663    -265.9158      -1.4336     154.3428     -91.3277
      67       5.3890      16.8311       4.3827       1.0074    -270.6865       0.8715      41.8090    -200.3959       0.1114       4.6646       0.0000       0.0000       0.0000       0.0000       0.0000       4.7760       5.2776      12.1665       4.3827       1.0074    -270.6865      -1.3564     158.6403     -90.5685
      68      11.3508      12.8476       3.7018       3.6813    -269.7275       0.9636      45.2892    -191.8931       0.6531       2.7180       0.0000       0.0000       0.0000       0.0000       0.0000       3.3712      10.6977      10.1296       3.7018       3.6813    -269.7275      -0.6348     156.2778     -85.8741
      69       4.2315       6.3361       4.6908       2.8026    -265.9739      -0.0077      44.4355    -203.4852       0.6436       0.7312       0.0000       0.0000       0.0000       0.0000       0.0000       1.3749       3.5878       5.6048       4.6908       2.8026    -265.9739      -1.2607     155.9442     -94.6044
      70       3.6375      11.4925       8.3668       2.7766    -271.1985      -1.3559      42.6129    -203.6681       0.0639       3.0204       0.0000       0.0000       0.0000       0.0000       0.0000       3.0843       3.5736       8.4722       8.3668       2.7766    -271.1985      -1.0134     158.2555     -90.7672
      71       5.5030      11.3124       4.9231       2.9205    -274.8898      -2.6230      54.1867    -198.6671       0.2174       1.9100       0.0000       0.0000       0.0000       0.0000       0.0000       2.1274       5.2856       9.4024       4.9231       2.9205    -274.8898      -1.1957     159.6005     -93.9535
      72       5.1962      11.8738       7.1906       2.6916    -271.4098       0.1654      48.7506    -195.5415       0.8920       5.2063       0.0000       0.0000       0.0000       0.0000       0.0000       6.0983       4.3042       6.6675       7.1906       2.6916    -271.4098      -1.1394     160.5943     -91.1009
      73       6.6349      12.4042       6.5420       2.5049    -269.8883       0.4676      50.2293    -191.1054       0.8406       0.5937       0.0000       0.0000       0.0000       0.0000       0.0000       1.4343       5.7943      11.8105       6.5420       2.5049    -269.8883      -0.9661     157.7144     -86.4883
      74       4.8761      15.5054       4.0327       2.7878    -268.6566       0.1928      44.5177    -196.7440       0.9391       3.2821       0.0000       0.0000       0.0000       0.0000       0.0000       4.2212       3.9370      12.2233       4.0327       2.7878    -268.6566      -1.0748     156.7893     -89.9613
      75       8.2175       6.9031       4.5477       3.2889    -269.0149       3.8938      51.5814    -190.5826       0.5876       0.2691       0.0000       0.0000       0.0000       0.0000       0.0000       0.8567       7.6299       6.6339       4.5477       3.2889    -269.0149      -1.1492     157.4551     -90.6086
      76       9.6452      12.7873       5.0942       1.7966    -276.4990       0.0120      54.4077    -192.7560       0.0823       3.7829       0.0000       0.0000       0.0000       0.0000       0.0000       3.8652       9.5629       9.0045       5.0942       1.7966    -276.4990      -0.9321     163.2115     -88.7614
      77       3.9348      10.9332       9.2239       1.8683    -275.4930       0.9423      57.2897    -191.3010       0.1166       2.2854       0.0000       0.0000       0.0000       0.0000       0.0000       2.4020       3.8182       8.6478       9.2239       1.8683    -275.4930      -1.1373     162.8437     -90.2286
      78       2.7546      13.8630       3.5000       2.7217    -268.5874      -1.5549      53.1360    -194.1671       0.3935       4.6691       0.0000       0.0000       0.0000       0.0000       0.0000       5.0626       2.3611       9.1939       3.5000       2.7217    -268.5874      -0.7234     158.8256     -92.7086
      79       6.3075      10.3203       4.1128       2.7225    -260.7819      -0.0045      46.8122    -190.5111       1.4083       0.9847       0.0000       0.0000       0.0000       0.0000       0.0000       2.3930       4.8992       9.3357       4.1128       2.7225    -260.7819      -0.7670     152.4017     -88.0771
      80       3.1047       6.3279       5.7555       3.4926    -266.0193      -0.8529      60.4101    -187.7814       0.1749       1.9975       0.0000       0.0000       0.0000       0.0000       0.0000       2.1724       2.9298       4.3303       5.7555       3.4926    -266.0193      -0.1917     155.7456     -93.9571
      81       7.6629       9.7475       7.0123       1.2441    -272.5727      -0.2312      75.6664    -171.4707       1.4868       1.8463       0.0000       0.0000       0.0000       0.0000       0.0000       3.3331       6.1761       7.9012       7.0123       1.2441    -272.5727      -1.5348     162.7038     -89.0699
      82       4.4991      14.5613       5.8180       4.3219    -272.9264      -0.7218      56.1640    -188.2839       0.2736       2.1330       0.0000       0.0000       0.0000       0.0000       0.0000       2.4065       4.2255      12.4283       5.8180       4.3219    -272.9264      -0.6228     159.1254     -87.6300
      83       4.5421      16.3097       4.6249       3.2558    -264.7599      -2.7543      46.9761    -191.8055       0.3941       3.3955       0.0000       0.0000       0.0000       0.0000       0.0000       3.7895       4.1480      12.9143       4.6249       3.2558    -264.7599      -0.8920     153.6176     -87.0913
      84       4.6845      16.9375       6.8656       1.6909    -273.5963      -1.3805      63.6718    -181.1264       1.6602       5.4901       0.0000       0.0000       0.0000       0.0000       0.0000       7.1503       3.0243      11.4474       6.8656       1.6909    -273.5963      -1.3704     163.8762     -88.0623
      85       5.1450      14.8828       7.9815       3.0472    -274.7971       0.3056      43.9999    -199.4351       0.8438       3.0919       0.0000       0.0000       0.0000       0.0000       0.0000       3.9357       4.3012      11.7909       7.9815       3.0472    -274.7971      -0.8689     161.6702     -86.8751
      86      10.8239       8.6281       5.3942       2.2468    -272.0899       0.0241      46.7032    -198.2696       0.7380       0.9898       0.0000       0.0000       0.0000       0.0000       0.0000       1.7277      10.0860       7.6383       5.3942       2.2468    -272.0899      -0.6657     158.4629     -88.9273
      87       4.6584       8.7879       5.8204       1.7850    -269.6946      -0.9759      54.1714    -195.4475       0.5749       1.6552       0.0000       0.0000       0.0000       0.0000       0.0000       2.2301       4.0835       7.1327       5.8204       1.7850    -269.6946      -0.9645     156.6491     -95.1885
      88       6.6334      11.4718       4.7379       1.8337    -268.8986       0.1371      41.9667    -202.1180       1.5924       0.8813       0.0000       0.0000       0.0000       0.0000       0.0000       2.4737       5.0410      10.5905       4.7379       1.8337    -268.8986      -1.0872     154.5564     -93.2263
      89       9.2709      13.6754       4.7409       2.8902    -275.6109      -0.5088      48.6218    -196.9205       0.1990       1.4797       0.0000       0.0000       0.0000       0.0000       0.0000       1.6787       9.0719      12.1957       4.7409       2.8902    -275.6109      -0.5564     162.2529     -85.0157
      90       9.6781      10.2721       6.5146       2.1459    -275.4611       3.3226      55.1031    -188.4248       1.6097       2.9457       0.0000       0.0000       0.0000       0.0000       0.0000       4.5554       8.0684       7.3264       6.5146       2.1459    -275.4611      -0.7922     160.0222     -92.1760
      91       7.0730      11.1729       7.3020       1.7688    -270.9762      -0.0150      52.0734    -191.6012       0.2115       0.9665       0.0000       0.0000       0.0000       0.0000       0.0000       1.1780       6.8615      10.2064       7.3020       1.7688    -270.9762      -0.0991     154.9375     -89.9991
      92       9.1372       9.7282       4.0989       3.8091    -270.8473       0.5384      44.0528    -199.4826       3.4294       1.4307       0.0000       0.0000       0.0000       0.0000       0.0000       4.8601       5.7078       8.2975       4.0989       3.8091    -270.8473      -0.2311     157.8734     -91.2916
      93       4.2485      22.5096       4.2458       1.6422    -275.0084      -0.0330      58.6161    -183.7791       0.5095       2.2448       0.0000       0.0000       0.0000       0.0000       0.0000       2.7544       3.7389      20.2648       4.2458       1.6422    -275.0084      -1.4264     158.8608     -87.6822
      94       7.9891      10.9598       6.2193       2.6989    -274.7353       0.7937      44.7380    -201.3365       0.6485       2.4283       0.0000       0.0000       0.0000       0.0000       0.0000       3.0768       7.3405       8.5315       6.2193       2.6989    -274.7353      -1.0996     160.0298     -91.0148
      95       4.2444      12.0211       7.1338       2.1815    -275.3638       3.4085      49.3857    -196.9888       0.4664       1.0422       0.0000       0.0000       0.0000       0.0000       0.0000       1.5086       3.7780      10.9789       7.1338       2.1815    -275.3638      -1.2478     162.3917     -90.1477
      96       7.8134      12.8776       5.0360       2.1197    -264.7495       0.7087      40.2385    -195.9556       4.1284       2.6027       0.0000       0.0000       0.0000       0.0000       0.0000       6.7311       3.6850      10.2749       5.0360       2.1197    -264.7495      -1.2970     151.9783     -92.9526
      97       7.4488      15.8060       7.3774       2.7065    -277.0502       2.1488      44.4977    -197.0650       0.1930       3.6171       0.0000       0.0000       0.0000       0.0000       0.0000       3.8100       7.2558      12.1889       7.3774       2.7065    -277.0502      -0.8534     163.4501     -84.9249
      98       8.0114      13.0028       7.5980       2.0853    -265.3743       3.3809      38.0705    -193.2254       0.3918       2.8095       0.0000       0.0000       0.0000       0.0000       0.0000       3.2013       7.6196      10.1933       7.5980       2.0853    -265.3743      -1.0560     155.5319     -83.4022
      99       9.0188      16.7670       5.1398       2.8270    -277.1918      -1.7104      48.7380    -196.4117       0.9458       3.9609       0.0000       0.0000       0.0000       0.0000       0.0000       4.9067       8.0730      12.8061       5.1398       2.8270    -277.1918      -0.8569     161.0185     -88.1843
     100       2.2546      13.3301       3.5253       1.9450    -266.1490      -0.9914      42.9017    -203.1836       0.1166       1.6946       0.0000       0.0000       0.0000       0.0000       0.0000       1.8113       2.1380      11.6354       3.5253       1.9450    -266.1490      -1.0685     153.6793     -94.2945
     101       5.9047      13.3429       6.4731       2.3812    -274.3122       1.9839      58.4110    -185.8153       0.9007       1.5564       0.0000       0.0000       0.0000       0.0000       0.0000       2.4571       5.0040      11.7865       6.4731       2.3812    -274.3122      -1.4454     160.2858     -89.8270
     102       7.8698      12.7015       6.2304       2.2053    -271.4343      -2.6160      70.1093    -174.9340       0.4742       0.7686       0.0000       0.0000       0.0000       0.0000       0.0000       1.2427       7.3957      11.9329       6.2304       2.2053    -271.4343      -1.5285     160.4489     -84.7496
     103      10.3028      13.6899       5.8223       3.1281    -277.8258       1.1859      60.7197    -182.9773       2.9024       1.1913       0.0000       0.0000       0.0000       0.0000       0.0000       4.0937       7.4004      12.4986       5.8223       3.1281    -277.8258      -1.3171     161.9951     -88.2985
     104       7.1144      13.5358       7.3577       3.2201    -272.4407      -1.1987      64.6556    -177.7557       1.3418       1.7090       0.0000       0.0000       0.0000       0.0000       0.0000       3.0508       5.7726      11.8268       7.3577       3.2201    -272.4407      -1.0206     158.4113     -86.8727
     105       8.2322      12.0296       6.4010       2.5157    -274.6121      -1.8901      65.4904    -181.8332       0.2735       0.1035       0.0000       0.0000       0.0000       0.0000       0.0000       0.3770       7.9587      11.9261       6.4010       2.5157    -274.6121      -1.2539     159.3460     -87.7184
     106       8.8205       6.4794       8.5913       2.8389    -275.7426      -0.5122      65.0327    -184.4921       0.0602       0.3694       0.0000       0.0000       0.0000       0.0000       0.0000       0.4296       8.7603       6.1099       8.5913       2.8389    -275.7426      -0.5903     160.2392     -89.7933
     107       8.9258      16.2424       9.4941       0.6735    -274.7276      -1.6814      61.5867    -179.4866       1.6442       3.4172       0.0000       0.0000       0.0000       0.0000       0.0000       5.0614       7.2816      12.8252       9.4941       0.6735    -274.7276      -1.5029     162.4271     -83.5290
     108       3.8385      10.4975       6.7882       2.1665    -266.0176      -1.0378      58.1183    -185.6464       0.5252       1.7186       0.0000       0.0000       0.0000       0.0000       0.0000       2.2438       3.3133       8.7789       6.7882       2.1665    -266.0176      -1.0107     151.1709     -94.8105
     109       6.9095      13.5451       5.0694       2.7390    -276.5058      -0.7641      50.4017    -198.6053       0.5200       1.2879       0.0000       0.0000       0.0000       0.0000       0.0000       1.8079       6.3894      12.2572       5.0694       2.7390    -276.5058      -1.0612     161.9282     -89.1837
     110      10.7687      16.2835       7.3180       2.3570    -277.6086       2.0366      39.6240    -199.2209       1.0126       1.1221       0.0000       0.0000       0.0000       0.0000       0.0000       2.1347       9.7561      15.1614       7.3180       2.3570    -277.6086      -1.1697     160.3765     -83.8094
     111       5.2058      18.1746       6.2968       2.3932    -272.8849       2.1355      41.8321    -196.8469       0.3552       5.0144       0.0000       0.0000       0.0000       0.0000       0.0000       5.3696       4.8506      13.1603       6.2968       2.3932    -272.8849      -0.7981     159.3071     -87.6750
     112       4.7233      12.6113       5.8955       1.5662    -271.8648       2.2688      41.7199    -203.0798       0.6009       2.0058       0.0000       0.0000       0.0000       0.0000       0.0000       2.6068       4.1224      10.6054       5.8955       1.5662    -271.8648      -0.5297     156.6085     -93.5964
     113       6.3020      16.5692       4.7332       2.6396    -278.2294       1.6808      45.8181    -200.4864       0.0971       3.1027       0.0000       0.0000       0.0000       0.0000       0.0000       3.1999       6.2049      13.4664       4.7332       2.6396    -278.2294      -0.5856     164.0582     -87.7126
     114       6.0918      13.4443       6.9533       2.8548    -280.0389       5.2235      43.8632    -201.6081       1.2593       3.1166       0.0000       0.0000       0.0000       0.0000       0.0000       4.3759       4.8325      10.3277       6.9533       2.8548    -280.0389       0.0875     167.3201     -87.6631
     115       3.9258      12.6356       5.6998       3.1246    -267.7658      -1.7345      47.8353    -196.2792       0.9149       1.5610       0.0000       0.0000       0.0000       0.0000       0.0000       2.4759       3.0110      11.0745       5.6998       3.1246    -267.7658      -0.9602     153.1619     -92.6542
     116       3.8253      19.9988       9.9316       3.1573    -270.8441       0.5535      41.2080    -192.1698       0.0183       9.6896       0.0000       0.0000       0.0000       0.0000       0.0000       9.7079       3.8070      10.3091       9.9316       3.1573    -270.8441      -1.0161     154.4200     -90.2352
     117       5.0038      14.2374       3.9975       2.2091    -274.1717       3.3105      48.1428    -197.2706       0.2589       2.7089       0.0000       0.0000       0.0000       0.0000       0.0000       2.9678       4.7449      11.5285       3.9975       2.2091    -274.1717       2.1029     159.4051     -90.1837
     118       8.3182      13.0695       4.0730       1.9711    -275.3927      -0.7094      50.2164    -198.4539       0.2745       2.1208       0.0000       0.0000       0.0000       0.0000       0.0000       2.3952       8.0438      10.9488       4.0730       1.9711    -275.3927      -0.4443     159.6821     -91.1183
     119       5.1905      12.4196       5.0534       3.0905    -270.1603       1.6582      36.9108    -205.8374       0.0362       4.9582       0.0000       0.0000       0.0000       0.0000       0.0000       4.9944       5.1542       7.4614       5.0534       3.0905    -270.1603      -0.9831     156.0725     -94.3114
     120       3.4818      10.0342       6.6516       2.5442    -265.9162       0.0082      42.3805    -200.8157       0.2126       2.4344       0.0000       0.0000       0.0000       0.0000       0.0000       2.6471       3.2692       7.5997       6.6516       2.5442    -265.9162      -0.5013     154.8154     -91.5374
     121       5.1780      13.4057       5.3736       2.7247    -267.7766       1.3400      39.2833    -200.4712       0.0861       3.7790       0.0000       0.0000       0.0000       0.0000       0.0000       3.8651       5.0919       9.6267       5.3736       2.7247    -267.7766      -0.6922     154.4061     -91.2457
     122       5.6984      10.4127       6.5953       3.4241    -273.9887       0.9195      46.1725    -200.7663       0.0006       0.7942       0.0000       0.0000       0.0000       0.0000       0.0000       0.7948       5.6978       9.6185       6.5953       3.4241    -273.9887      -1.0800     157.7357     -91.9973
     123       5.5512      10.8859       8.2960       1.8451    -263.0608       4.3672      36.2397    -195.8756       0.3143       1.9830       0.0000       0.0000       0.0000       0.0000       0.0000       2.2973       5.2369       8.9029       8.2960       1.8451    -263.0608      -1.0510     151.4618     -88.3689
     124       2.3181       8.9794       5.3515       3.8595    -264.5824       7.0542      35.1501    -201.8696       0.1486       2.3454       0.0000       0.0000       0.0000       0.0000       0.0000       2.4940       2.1695       6.6340       5.3515       3.8595    -264.5824       0.3363     153.3157     -92.9158
     125       4.8227      16.3673       5.6665       3.2407    -275.1731      -0.0111      46.2025    -198.8843       0.4000       1.8865       0.0000       0.0000       0.0000       0.0000       0.0000       2.2866       4.4227      14.4807       5.6665       3.2407    -275.1731      -0.8109     161.1227     -87.0506
     126       6.4451      16.8237       4.5371       1.7478    -277.0917       0.2582      48.9238    -198.3560       0.0902       1.2165       0.0000       0.0000       0.0000       0.0000       0.0000       1.3066       6.3549      15.6073       4.5371       1.7478    -277.0917      -0.9380     160.9229     -88.8597
